# [1] m:            [M_sun/h] 
# [2] sigma 
# [3] ln(1/sigma) 
# [4] n_eff 
# [5] f(sigma) 
# [6] dn/dm:        [h^4/(Mpc^3*M_sun)] 
# [7] dn/dlnm:      [h^3/Mpc^3] 
# [8] dn/dlog10m:   [h^3/Mpc^3] 
# [9] n(>m):        [h^3/Mpc^3] 
# [11] rho(>m):     [M_sun*h^2/Mpc^3] 
# [11] rho(<m):     [M_sun*h^2/Mpc^3] 
# [12] Lbox(N=1):   [Mpc/h]
1.000000000000000000e+10 2.311262736526989325e+00 -8.377940143700990383e-01 -2.361242218390441128e+00 2.354514768354019350e-01 1.888781804183281069e-11 1.888781804183281010e-01 4.349080826230821706e-01 2.021518562413639197e-01 1.691501353750926971e+10 5.843709646249073029e+10 1.703886866801387345e+00
1.122018454301965332e+10 2.283002055131755359e+00 -8.254912677363708262e-01 -2.356394020342361451e+00 2.356901580047939537e-01 1.513232588195248823e-11 1.697874889606195425e-01 3.909501410576136649e-01 1.815054006493466154e-01 1.669662319860885048e+10 5.865548680139115143e+10 1.766187537688752807e+00
1.258925411794171333e+10 2.254875518914738475e+00 -8.130947691758362295e-01 -2.351505963623462314e+00 2.359089019749706362e-01 1.212256393607650441e-11 1.526140379522628321e-01 3.514068087705079502e-01 1.629464769036436389e-01 1.647636114000452995e+10 5.887574885999546814e+10 1.830845407613366893e+00
1.412537544622761154e+10 2.226884145498817080e+00 -8.006033642452269339e-01 -2.346529688066314456e+00 2.361064279556769341e-01 9.711310500734706053e-12 1.371759068977703999e-01 3.158591983407452175e-01 1.462648267258623846e-01 1.625422165552717209e+10 5.909788834447282410e+10 1.897958445720943077e+00
1.584893192461123848e+10 2.199029290941920678e+00 -7.880160316030211387e-01 -2.341474016061691366e+00 2.362813815144614304e-01 7.779408639754688655e-12 1.232953179452045689e-01 2.838979611365893274e-01 1.312708977389290821e-01 1.603019392491974258e+10 5.932191607508026123e+10 1.967631869802922484e+00
1.778279410038937378e+10 2.171311915040857965e+00 -7.753315540173203457e-01 -2.336369787180621493e+00 2.364323358724401414e-01 6.231278904345528575e-12 1.108095497380764266e-01 2.551484173882770379e-01 1.177947382758074840e-01 1.580427564414360237e+10 5.954783435585639954e+10 2.039974331373882066e+00
1.995262314968899155e+10 2.143732716780586856e+00 -7.625485697564472476e-01 -2.331230172041795168e+00 2.365577857102793835e-01 4.990661167692654898e-12 9.957678154675836391e-02 2.292840127978904019e-01 1.056839275211533535e-01 1.557647391231708527e+10 5.977563608768291473e+10 2.115097304705153558e+00
2.238721138568365097e+10 2.116292553606547777e+00 -7.496657622874024485e-01 -2.326009928735548904e+00 2.366561403605965952e-01 3.996827857242039788e-12 8.947783011226657923e-02 2.060303177699587818e-01 9.480106925695716558e-02 1.534679236788257599e+10 6.000531763211742401e+10 2.193119289575545583e+00
2.511886431509613037e+10 2.088992811281281003e+00 -7.366820413436542259e-01 -2.320692310577221917e+00 2.367257193374207869e-01 3.200782346070102636e-12 8.040001745308997250e-02 1.851278816639460867e-01 8.502211427110958897e-02 1.511522620747673988e+10 6.023688379252326202e+10 2.274168814722308696e+00
2.818382931264495468e+10 2.061834612508273157e+00 -7.235961750590139685e-01 -2.315317312196524036e+00 2.367647514025055244e-01 2.563011537548890575e-12 7.223547970061763857e-02 1.663283387439161709e-01 7.623570876091306792e-02 1.488177691623993683e+10 6.047033308376006317e+10 2.358380376706923354e+00
3.162277660168431091e+10 2.034818736872013645e+00 -7.104067421371764723e-01 -2.309902960356768453e+00 2.367713685228234610e-01 2.052029104637844959e-12 6.489085795611684859e-02 1.494167222013487450e-01 6.834208223728148457e-02 1.464645838784634972e+10 6.070565161215364838e+10 2.445891931724699653e+00
3.548133892335818481e+10 2.007945924788006931e+00 -6.971122715804161096e-01 -2.304421799754767353e+00 2.367435993804976047e-01 1.642738275549921364e-12 5.828655351715972960e-02 1.342097492506116596e-01 6.125142045098250221e-02 1.440928555717862511e+10 6.094282444282137299e+10 2.536848965840082126e+00
3.981071705535050964e+10 1.981217491916614115e+00 -6.837115506434118251e-01 -2.298830311591653519e+00 2.366793658192533900e-01 1.315005888816034375e-12 5.235132736577485790e-02 1.205433859908844468e-01 5.488259206994512696e-02 1.417026405136470413e+10 6.118184594863529968e+10 2.631409642551290951e+00
4.466835921509725952e+10 1.954634741070818471e+00 -6.702033427699727319e-01 -2.293167586774802480e+00 2.365764790917770088e-01 1.052524437926014756e-12 4.701453967594756284e-02 1.082549782118139847e-01 4.916263296487768941e-02 1.392940177921058464e+10 6.142270822078941345e+10 2.729742126404307356e+00
5.011872336272837830e+10 1.928198543816995514e+00 -6.565861700445571048e-01 -2.287456520659270076e+00 2.364326322099795930e-01 8.422925411645059273e-13 4.221462686111338014e-02 9.720277051670569990e-02 4.402618924666471673e-02 1.368672050373045158e+10 6.166538949626954651e+10 2.832019903824056328e+00
5.623413251903628540e+10 1.901909602910257124e+00 -6.428584356069105832e-01 -2.281693329055031860e+00 2.362453933051948396e-01 6.739340757986784917e-13 3.789809812755712964e-02 8.726359580133860594e-02 3.941453008871362990e-02 1.344224871933051109e+10 6.190986128066948700e+10 2.938424584828702280e+00
6.309573444802097321e+10 1.875769082920073272e+00 -6.290187528799286998e-01 -2.275816282555898518e+00 2.360122047434056181e-01 5.391720680090830530e-13 3.401945762489140546e-02 7.833269599881757805e-02 3.527462279370974230e-02 1.319600742943753624e+10 6.215610257056246185e+10 3.049152932107344061e+00
7.079457843841575623e+10 1.849778430282737807e+00 -6.150658645028076466e-01 -2.269846482924974485e+00 2.357303797820674562e-01 4.312944850637220049e-13 3.053331125289979880e-02 7.030554733067442830e-02 3.155866671047245775e-02 1.294801466517513466e+10 6.240409533482486725e+10 3.164417549372576577e+00
7.943282347243049622e+10 1.823938634588582408e+00 -6.009982477685273938e-01 -2.263819168787725378e+00 2.353970900327367888e-01 3.449290421030567218e-13 2.739868771188665175e-02 6.308780989298934383e-02 2.822383277988087941e-02 1.269830230388390350e+10 6.265380769611609650e+10 3.284440029818058715e+00
8.912509381337731934e+10 1.798250434743205783e+00 -5.868142115243460966e-01 -2.257748934562117782e+00 2.350093589111568737e-01 2.757910415092185368e-13 2.457990244739814006e-02 5.659731696262682021e-02 2.523170460849048780e-02 1.244691520262461281e+10 6.290519479737538910e+10 3.409451127342486565e+00
1.000000000000032654e+11 1.772714810741856217e+00 -5.725121629086938890e-01 -2.251571783921746839e+00 2.345640625570099835e-01 2.204731943981518936e-13 2.204731943981590864e-02 5.076582908259794774e-02 2.254762595735988057e-02 1.219389460032112503e+10 6.315821539967887878e+10 3.539699485862053407e+00
1.122018454302001953e+11 1.747333269184872417e+00 -5.580907795208984723e-01 -2.245277647506623175e+00 2.340579335719500664e-01 1.762198172682490905e-13 1.977218869887020780e-02 4.552714695388387911e-02 2.014030155644784548e-02 1.193927427997968483e+10 6.341283572002031708e+10 3.675456978887524429e+00
1.258925411794212494e+11 1.722106959000236914e+00 -5.435485173171472617e-01 -2.238916054641925779e+00 2.334875422412243939e-01 1.408122512960032174e-13 1.772721214484909713e-02 4.081841442507253698e-02 1.798166252197394566e-02 1.168310018437256622e+10 6.366900981562743378e+10 3.817010773947045355e+00
1.412537544622807312e+11 1.697036695692593966e+00 -5.288836098795779428e-01 -2.232509641017609514e+00 2.328492884380449213e-01 1.124843262336464713e-13 1.588883339866258015e-02 3.658539092882637928e-02 1.604656738812648004e-02 1.142543624072121429e+10 6.392667375927878571e+10 3.964660024969228758e+00
1.584893192461175842e+11 1.672123303574367892e+00 -5.140942581003142831e-01 -2.226013176835671903e+00 2.321394030904884997e-01 8.983107521799598996e-14 1.423726595844696831e-02 3.278251636091157606e-02 1.431236970588303965e-02 1.116634867751165009e+10 6.418576132248834991e+10 4.118725209897950101e+00
1.778279410038995667e+11 1.647368237373988631e+00 -4.991790068814431214e-01 -2.219379298806380962e+00 2.313539654500931242e-01 7.172345129030151971e-14 1.275443366464780286e-02 2.936816882579944971e-02 1.275860257621527077e-02 1.090589468514759064e+10 6.444621531485240936e+10 4.279558461243439638e+00
1.995262314968964539e+11 1.622772833803095782e+00 -4.841363118865785187e-01 -2.212663680638319974e+00 2.304888836975534372e-01 5.724722475509117430e-14 1.142232301903918328e-02 2.630087071100236859e-02 1.136687658779523061e-02 1.064413981986258698e+10 6.470797018013741302e+10 4.447537498102827946e+00
2.238721138568438416e+11 1.598337992430748589e+00 -4.689643346353573605e-01 -2.205892214620130964e+00 2.295398790900082253e-01 4.567533800339506244e-14 1.022543446994588628e-02 2.354493297988487222e-02 1.012073149552305401e-02 1.038117063149063873e+10 6.497093936850936127e+10 4.623058251015264020e+00
2.511886431509695129e+11 1.574064460891460460e+00 -4.536611027090268200e-01 -2.199051416742817011e+00 2.285024902575923389e-01 3.642837028904213736e-14 9.150392905105586214e-03 2.106955829833460567e-02 9.005369213567572528e-03 1.011708343955130386e+10 6.523502656044869995e+10 4.806542929722209756e+00
2.818382931264587402e+11 1.549953541830942472e+00 -4.382249574696603367e-01 -2.192064598518336904e+00 2.273721052480575100e-01 2.904410435990312271e-14 8.185740798181835240e-03 1.884836473700667731e-02 8.007421137684045398e-03 9.851967821890008926e+09 6.550014217810999298e+10 4.998454885093251754e+00
3.162277660168534546e+11 1.526006739236076548e+00 -4.226543491277930387e-01 -2.184970324783294338e+00 2.261439569291256169e-01 2.314741916290901166e-14 7.319856650942421078e-03 1.685459280731333928e-02 7.114847199076049580e-03 9.585915792482927322e+09 6.576619420751707458e+10 5.199299168341408262e+00
3.548133892335934448e+11 1.502225054438093954e+00 -4.069473786276236460e-01 -2.177808719088067058e+00 2.248130918057551497e-01 1.843905385730767593e-14 6.542423193372100786e-03 1.506448611711710094e-02 6.316870225965292088e-03 9.319041502311498642e+09 6.603306849768849945e+10 5.409610732621183971e+00
3.981071705535180664e+11 1.478609243452161603e+00 -3.911019456106779590e-01 -2.170594329757697949e+00 2.233743814221212376e-01 1.468062449960358939e-14 5.844461881495842046e-03 1.345737080490425931e-02 5.603823802914761551e-03 9.051477572548831940e+09 6.630063242745117188e+10 5.629958274073985969e+00
4.466835921509872437e+11 1.455160398944764122e+00 -3.751161343720730845e-01 -2.163238674851545085e+00 2.218225648195860100e-01 1.168292231899936594e-14 5.218569708271578698e-03 1.201620081701642445e-02 4.966984512366746929e-03 8.783354683569271088e+09 6.656875531643072510e+10 5.860964147366636290e+00
5.011872336273001709e+11 1.431880110250962179e+00 -3.589883431417945081e-01 -2.155743601142432020e+00 2.201522812029344522e-01 9.292695753345241670e-15 4.657380477559262127e-03 1.072401486002944743e-02 4.398479120440602214e-03 8.514800206418554306e+09 6.683730979358144379e+10 6.103315516102958860e+00
5.623413251903812256e+11 1.408769520389594243e+00 -3.427166428079469473e-01 -2.148169567832409310e+00 2.183580242994793141e-01 7.386972378614255155e-15 4.153999836534682903e-03 9.564938099904465169e-03 3.891255296442256307e-03 8.245962723730044365e+09 6.710614727626995850e+10 6.357749685439765486e+00
6.309573444802304688e+11 1.385829444293279034e+00 -3.262988371302374402e-01 -2.140545856440082328e+00 2.164341592508350065e-01 5.868034825941009237e-15 3.702479671093250688e-03 8.525274497772817109e-03 3.438999981500326202e-03 7.977016610616445541e+09 6.737509338938355255e+10 6.625051757560920684e+00
7.079457843841807861e+11 1.363060770763606211e+00 -3.097327377539281223e-01 -2.132800666107843135e+00 2.143749729257987680e-01 4.658404382149872493e-15 3.297897744299796430e-03 7.593690184243401080e-03 3.036025864449922590e-03 7.708141472818086624e+09 6.764396852718191528e+10 6.906078506310406873e+00
7.943282347243309326e+11 1.340465056294410484e+00 -2.930166106886192834e-01 -2.124885408527031228e+00 2.121747637645476359e-01 3.695751995204077318e-15 2.935640158329378899e-03 6.759561266963908313e-03 2.677194578169741178e-03 7.439510689754261017e+09 6.791259931024574280e+10 7.201782829957133814e+00
8.912509381338023682e+11 1.318043624655208967e+00 -2.761485346639693250e-01 -2.116876485201855118e+00 2.098278019466170985e-01 2.929737078588825549e-15 2.611130919777676033e-03 6.012351131735908620e-03 2.357896768202246991e-03 7.171315090873065948e+09 6.818079490912693787e+10 7.513202095036775496e+00
1.000000000000065430e+12 1.295797361397585057e+00 -2.591262287587534074e-01 -2.108806190309739037e+00 2.073283375916687987e-01 2.320464849603837758e-15 2.320464849603989538e-03 5.343067771514817266e-03 2.074011295620980123e-03 6.903775556921451569e+09 6.844833444307855225e+10 7.841448494884227571e+00
1.122018454302038818e+12 1.273727022526915942e+00 -2.419472661590491291e-01 -2.100643271054760675e+00 2.046706680916405285e-01 1.836249806673466494e-15 2.060306169796180618e-03 4.744030273576345380e-03 1.821833844493702314e-03 6.637126624765568733e+09 6.871498337523442841e+10 8.187734371741978379e+00
1.258925411794253662e+12 1.251834009258934621e+00 -2.246096834242304885e-01 -2.092293200259695674e+00 2.018492881732121269e-01 1.451834052563240638e-15 1.827750782480097808e-03 4.208551705446875874e-03 1.598019295018122780e-03 6.371598069676636696e+09 6.898051193032336426e+10 8.553410729014489178e+00
1.412537544622853760e+12 1.230119823304809845e+00 -2.071115819605506836e-01 -2.083820321445344792e+00 1.988589012775071607e-01 1.146752927937982292e-15 1.619831565118585786e-03 3.729800015003269589e-03 1.399560502006869881e-03 6.107429688577534676e+09 6.924468031142247009e+10 8.939970948706774223e+00
1.584893192461227539e+12 1.208585425819590276e+00 -1.894506061431669997e-01 -2.075271323865898410e+00 1.956943976919326977e-01 9.047672789361045192e-16 1.433959501147500726e-03 3.301813771299413457e-03 1.223770157349303618e-03 5.844892070476681709e+09 6.950721792952331543e+10 9.349033454959947420e+00
1.778279410039053711e+12 1.187231533349649704e+00 -1.716241541881190769e-01 -2.066657218336124480e+00 1.923509558164473443e-01 7.129838444633185981e-16 1.267884490299606625e-03 2.919411927002228246e-03 1.068239514891763248e-03 5.584278263273740768e+09 6.976783173672625732e+10 9.782363285302205114e+00
1.995262314969029785e+12 1.166059307477553819e+00 -1.536299506806984294e-01 -2.057856871990215719e+00 1.888242355013203255e-01 5.612014536067209317e-16 1.119744111487330643e-03 2.578306099078590645e-03 9.307965642397432633e-04 5.325880085394821167e+09 7.002622991460517883e+10 1.024192857463220818e+01
2.238721138568511719e+12 1.145070353264361795e+00 -1.354660790176098750e-01 -2.048891927815502889e+00 1.851104976500847765e-01 4.411690970873351683e-16 9.876545833326013258e-04 2.274158720608893385e-03 8.094849437475566288e-04 5.069989980488987923e+09 7.028212001951101685e+10 1.072993459919994841e+01
2.511886431509777344e+12 1.124265743006840568e+00 -1.171301496899080780e-01 -2.039837226284765492e+00 1.812065480528633754e-01 3.463083145813706065e-16 8.698871565159644291e-04 2.002989199180638287e-03 7.025562457528188249e-04 4.816927765684750557e+09 7.053518223431524658e+10 1.124880272202034703e+01
2.818382931264679688e+12 1.103646217998421442e+00 -9.861944178674571237e-02 -2.030730595398965388e+00 1.771098686897983332e-01 2.714134920814956512e-16 7.649471533974286364e-04 1.761355912341148848e-03 6.084476179647745368e-04 4.567041344907078743e+09 7.078506865509292603e+10 1.180118453832876746e+01
3.162277660168638184e+12 1.083212676095947069e+00 -7.993132555934562289e-02 -2.021460078550125772e+00 1.728188321999314936e-01 2.123800808847231810e-16 6.716047852465685227e-04 1.546427166892216151e-03 5.257530409839407479e-04 4.320681156852940559e+09 7.103142884314706421e+10 1.239004077302811346e+01
3.548133892336050781e+12 1.062966702148783193e+00 -6.106377445600516540e-02 -2.011980445376550186e+00 1.683329688282894643e-01 1.659124171745095579e-16 5.886794705362752463e-04 1.355484573408454949e-03 4.532052474764242632e-04 4.078189335893182755e+09 7.127392066410681152e+10 1.301872210551313103e+01
3.981071705535311035e+12 1.042909522661733757e+00 -4.201442504756975477e-02 -2.002395340471074370e+00 1.636529036792956915e-01 1.293678473933876061e-16 5.150226768638254760e-04 1.185883538300534128e-03 3.896710446836998453e-04 3.839926131997244358e+09 7.151218386800276184e+10 1.369096167429455591e+01
4.466835921510018555e+12 1.023041921745880156e+00 -2.278046535359825459e-02 -1.992749667171835659e+00 1.587804695168639202e-01 1.006650396396744055e-16 4.496542151027275828e-04 1.035367092697478744e-03 3.341397789087497349e-04 3.606278573947274208e+09 7.174583142605271912e+10 1.441088346946806986e+01
5.011872336273166016e+12 1.003364585969833245e+00 -3.358938414703407146e-03 -1.982980207159383390e+00 1.537189314268965767e-01 7.816294772643318847e-17 3.917427154316760777e-04 9.020209368419859460e-04 2.857050781702633155e-04 3.377637856404573917e+09 7.197447214359542847e+10 1.518310796012113606e+01
5.623413251903997070e+12 9.838789347377666639e-01 1.625242330224560203e-02 -1.972970433196489015e+00 1.484733733523858623e-01 6.055858095333504018e-17 3.405459266494852665e-04 7.841359741829485430e-04 2.435511553946401349e-04 3.154379496189260006e+09 7.219773050381074524e+10 1.601289792667856915e+01
6.309573444802510742e+12 9.645863644186655206e-01 3.605590744275759263e-02 -1.962824348795574769e+00 1.430506893272303348e-01 4.680437336304189563e-17 2.953156312720711164e-04 6.799893702951972669e-04 2.069480217826866414e-04 2.936880408637320995e+09 7.241522959136268616e+10 1.690620925930725349e+01
7.079457843842039062e+12 9.454876952247749378e-01 5.605440500873658249e-02 -1.952598848538808385e+00 1.374595774633197431e-01 3.607714975063441250e-17 2.554066607855926528e-04 5.880955697762926208e-04 1.752458982808995406e-04 2.725534391938719749e+09 7.262657560806127930e+10 1.786970484822618133e+01
7.943282347243568359e+12 9.265834990350905187e-01 7.625111423597628890e-02 -1.942294091980417914e+00 1.317107608606219171e-01 2.772875408943122647e-17 2.202573228696369663e-04 5.071612282624025827e-04 1.478644783299322689e-04 2.520736326287604809e+09 7.283137367371240234e+10 1.891089347225474526e+01
8.912509381338316406e+12 9.078749135946411197e-01 9.664867022899821525e-02 -1.931743109399048919e+00 1.258173749450078871e-01 2.125007612361894432e-17 1.893915028059071969e-04 4.360900511006219238e-04 1.242831963458567444e-04 2.322856788707462788e+09 7.302925321129254150e+10 2.003837633287819031e+01
1.000000000000098242e+13 8.893634431612824631e-01 1.172493045597264444e-01 -1.921001459352838392e+00 1.197950514812551326e-01 1.623319117534277638e-17 1.623319117534437011e-04 3.737830401207044295e-04 1.040363690653236628e-04 2.132244611888713360e+09 7.321986538811128235e+10 2.126204033975159646e+01
1.122018454302075391e+13 8.710499689790478506e-01 1.380559341092544579e-01 -1.910164244027256819e+00 1.136616900483936599e-01 1.235717875866651679e-17 1.386498261033344414e-04 3.192530227317546035e-04 8.671046749401226691e-05 1.949246906084341764e+09 7.340286309391566467e+10 2.259311731642884169e+01
1.258925411794294922e+13 8.529350274638310969e-01 1.590719038360094983e-01 -1.899279923609984211e+00 1.074375796868359406e-01 9.370813001332819847e-18 1.179715461655025260e-04 2.716395235981449905e-04 7.193815383576483398e-05 1.774201485533805132e+09 7.357790851446620178e+10 2.404437931352790159e+01
1.412537544622899805e+13 8.350194152303449524e-01 1.803003026287317290e-01 -1.888173228701517825e+00 1.011456120193815478e-01 7.078289825479704697e-18 9.998350130212355904e-05 2.302205196436204798e-04 5.939165275472074669e-05 1.607409228872653723e+09 7.374470077112734985e+10 2.563056597096094080e+01
1.584893192461279492e+13 8.173046172778876128e-01 2.017434050475420126e-01 -1.876812091197138654e+00 9.481140376248180235e-02 5.324234359887278302e-18 8.438342792053785287e-05 1.943000232255680140e-04 4.877863918299108110e-05 1.449124250961534739e+09 7.390298574903846741e+10 2.736886410868119768e+01
1.778279410039111719e+13 7.997916209897801831e-01 2.234040590061669995e-01 -1.865338096154870229e+00 8.846277281141995408e-02 3.986311102030883668e-18 7.088774954751841386e-05 1.632250753840113128e-04 3.984051171775163927e-05 1.299573107245850325e+09 7.405253689275415039e+10 2.927914321854003887e+01
1.995262314969094922e+13 7.824809569185336988e-01 2.452856930703057325e-01 -1.853819009838097998e+00 8.212955605819294291e-02 2.969592406729746717e-18 5.925115819966240771e-05 1.364308336131746029e-04 3.234911399282202254e-05 1.158954334329437017e+09 7.419315566567056274e+10 3.138430650639596564e+01
2.238721138568585156e+13 7.653731052148408098e-01 2.673918448168842721e-01 -1.842133765290813630e+00 7.584349127143943936e-02 2.200497468872903021e-18 4.926300198932435378e-05 1.134322540167542802e-04 2.610253680207382892e-05 1.027414712886693835e+09 7.432469528711331177e+10 3.371106148999231067e+01
2.511886431509859375e+13 7.484693650959470812e-01 2.897250043555718579e-01 -1.830139079012676806e+00 6.963818931690063385e-02 1.621533298969570047e-18 4.073107491923083314e-05 9.378676593064457802e-05 2.092206130338887949e-05 9.050334904719027281e+08 7.444707650952809143e+10 3.629096444714418368e+01
2.818382931264771875e+13 7.317708619593643604e-01 3.122878441351351619e-01 -1.818001864463417938e+00 6.354832120438801135e-02 1.187585922842802575e-18 3.347071894350476916e-05 7.706917849110750439e-05 1.665066269284509607e-05 7.918354499763250351e+08 7.456027455002368164e+10 3.916121512716524933e+01
3.162277660168741406e+13 7.152781076302880958e-01 3.350838501934471081e-01 -1.805796945060493597e+00 5.760891468627356293e-02 8.639966106750121300e-19 2.732197180399100291e-05 6.291116498707332780e-05 1.315115410589059186e-05 6.877971927763886452e+08 7.466431280722361755e+10 4.236547151849051573e+01
3.548133892336166406e+13 6.989913590140354183e-01 3.581168987502933998e-01 -1.793498771606791165e+00 5.185486341301144553e-02 6.241104157642251676e-19 2.214427318733063353e-05 5.098907333633526421e-05 1.030364814780538960e-05 5.928325350620696545e+08 7.475927746493792725e+10 4.595537631020548730e+01
3.981071705535441406e+13 6.829115752562611164e-01 3.813898930104644980e-01 -1.780871468003964342e+00 4.632055372530887588e-02 4.474735870000552967e-19 1.781424436180371984e-05 4.101881351044247420e-05 8.003450976635956304e-06 5.067788107859393358e+08 7.484533118921406555e+10 4.999281253222464727e+01
4.466835921510164844e+13 6.670399772075806810e-01 4.049052990191450152e-01 -1.768032062653559056e+00 4.103890240684116703e-02 3.182286743665385036e-19 1.421475273915015229e-05 3.273067775776342526e-05 6.159713694930816779e-06 4.294034595347374082e+08 7.492270654046525574e+10 5.455231156444698115e+01
5.011872336273329688e+13 6.513770655944408627e-01 4.286665946283435003e-01 -1.755105281829405950e+00 3.604019239872984642e-02 2.243178803853326119e-19 1.124252579234718345e-05 2.588687229705970063e-05 4.694274943560244900e-06 3.604173929642313719e+08 7.499169260703576660e+10 5.972330401745171713e+01
5.623413251904180469e+13 6.359229699461084184e-01 4.526778394141392492e-01 -1.742152188283396130e+00 3.135137165911028312e-02 1.566133619698987504e-19 8.807016551267948841e-06 2.027890502470141226e-05 3.540130510516222245e-06 2.994728023671600819e+08 7.505263719763284302e+10 6.561355602824518485e+01
6.309573444802717188e+13 6.206782109909003697e-01 4.769425101082824248e-01 -1.728892908765664371e+00 2.699546409378867501e-02 1.082473086042186474e-19 6.829943438405426235e-06 1.572652594726483364e-05 2.639994736217070078e-06 2.461567189306914806e+08 7.510595328106930542e+10 7.235451660015920083e+01
7.079457843842270312e+13 6.056439785300404832e-01 5.014629597299968822e-01 -1.715328633315662765e+00 2.299082866652070803e-02 7.401007374694319341e-20 5.239511971111418602e-06 1.206442215924500224e-05 1.945221033554327146e-06 1.999974092850530148e+08 7.515211259071495056e+10 8.010820755184153086e+01
7.943282347243828125e+13 5.908208080423845709e-01 5.262425088327620237e-01 -1.701658795623586906e+00 1.935009843835004684e-02 5.000531718551412003e-20 3.972063532680227498e-06 9.146014278774760383e-06 1.414960122603835367e-06 1.604826738213224113e+08 7.519162732617868042e+10 8.907420054643357332e+01
8.912509381338607812e+13 5.762087490843226245e-01 5.512852723367422936e-01 -1.687989943553975358e+00 1.607975292496796604e-02 3.335498138748133850e-20 2.972765845303020769e-06 6.845046320356579693e-06 1.015183607625553496e-06 1.270686954927958399e+08 7.522504130450720215e+10 9.949894315388868904e+01
1.000000000000130938e+14 5.618078714405209118e-01 5.765953533020656829e-01 -1.674094231055354154e+00 1.317993603271165950e-02 2.194674563548362145e-20 2.194674563548649584e-06 5.053424934000334367e-06 7.177218262666318935e-07 9.918349827132463455e+07 7.525292650172866821e+10 1.116900834662599067e+02
1.122018454302112188e+14 5.476191493433516522e-01 6.021752165968111692e-01 -1.659798262454547757e+00 1.064450371282711985e-02 1.423114232189317868e-20 1.596760431096395566e-06 3.676676765725306884e-06 4.994692837734917516e-07 7.623668798220324516e+07 7.527587331201779175e+10 1.260367139291494851e+02
1.258925411794336094e+14 5.336432000123622066e-01 6.280278281143626407e-01 -1.645370286367844326e+00 8.460903103540317466e-03 9.081999768402702220e-21 1.143356029835243715e-06 2.632674550283487968e-06 3.417355008732725685e-07 5.763758779724405706e+07 7.529447241220275879e+10 1.430331272880002587e+02
1.412537544622946250e+14 5.198799852410135314e-01 6.541572916579674324e-01 -1.630922551206853921e+00 6.610619690192592185e-03 5.696582052413012356e-21 8.046636025058620492e-07 1.852806416004884258e-06 2.295984767160637288e-07 4.280883900259089470e+07 7.530930116099740601e+10 1.633090801192208517e+02
1.584893192461331250e+14 5.063292083343232663e-01 6.805682118928141344e-01 -1.616369095321699367e+00 5.070004477338495470e-03 3.507298780090517516e-21 5.558693960493392390e-07 1.279936584994811988e-06 1.512799016910716561e-07 3.119453548792678863e+07 7.532091546451206970e+10 1.876749269360542485e+02
1.778279410039170000e+14 4.929914356992907143e-01 7.072634768970509356e-01 -1.601365176112144129e+00 3.811352069600386708e-03 2.117032732548262651e-21 3.764675718669536389e-07 8.668486189765120706e-07 9.761027159178879554e-08 2.226938091020856798e+07 7.532984061908979797e+10 2.171875000049521134e+02
1.995262314969160312e+14 4.798673560658257564e-01 7.342455547990862641e-01 -1.586144212245938157e+00 2.803927150644783435e-03 1.250593040308427052e-21 2.495261164690112793e-07 5.745551160942415170e-07 6.157517821502011203e-08 1.554966285580261610e+07 7.533656033714419556e+10 2.532394961913912823e+02
2.238721138568658125e+14 4.669568322527473114e-01 7.615184618753571000e-01 -1.570877599994942475e+00 2.015196329832377471e-03 7.216572140710157462e-22 1.615589259941350319e-07 3.720031746342236171e-07 3.791122094680858293e-08 1.060166400159299932e+07 7.534150833599841309e+10 2.976761747734749974e+02
2.511886431509941875e+14 4.542593168507468859e-01 7.890870615127866250e-01 -1.555635171569603958e+00 1.412234273393126339e-03 4.060016691644644514e-22 1.019830083944606594e-07 2.348245548677717649e-07 2.274052770925876323e-08 7.045004042028009892e+06 7.534506499595797729e+10 3.529662279736671167e+02
2.818382931264864375e+14 4.417748250451966618e-01 8.169549723150404397e-01 -1.539957622931715120e+00 9.630425296861533369e-04 2.223080019888902566e-22 6.265490782890838210e-08 1.442682567697603888e-07 1.326320741832050141e-08 4.553864528125653043e+06 7.534755613547187805e+10 4.224582667079284874e+02
3.162277660168845000e+14 4.295039997373633067e-01 8.451242250578512305e-01 -1.523921678387713641e+00 6.376416348462149745e-04 1.182034727674238265e-22 3.737922012868007808e-08 8.606883505604173629e-08 7.504780122675473429e-09 2.856922661281391978e+06 7.534925307733871460e+10 5.107644661161507997e+02
3.548133892336283125e+14 4.174466514154827612e-01 8.735985238966794686e-01 -1.507821944126108704e+00 4.089302663194091286e-04 6.087150952666258806e-23 2.159802660292224823e-08 4.973129409397760224e-08 4.109776893925003697e-09 1.735355550233739428e+06 7.535037464444976807e+10 6.243008381077321474e+02
3.981071705535571875e+14 4.056020604646077277e-01 9.023827466771209282e-01 -1.491831202919642774e+00 2.533436684944560292e-04 3.027639577852084934e-23 1.205325025794659841e-08 2.775363436607447509e-08 2.172653682423710119e-09 1.017999303770882660e+06 7.535109200069622803e+10 7.720933845341953656e+02
4.466835921510310625e+14 3.939696370939007042e-01 9.314814358671751338e-01 -1.475514748585351033e+00 1.511833116734816391e-04 1.450678748577584365e-23 6.479943944717978102e-09 1.492062233054464875e-08 1.105797265008236200e-09 5.751563530260733096e+05 7.535153484364697266e+10 9.670334487806500192e+02
5.011872336273493750e+14 3.825497863603870008e-01 9.608964737663665545e-01 -1.458672034742397816e+00 8.663305669178408862e-05 6.676100466525066111e-24 3.345976324235954492e-09 7.704395205696721027e-09 5.401718266022043541e-10 3.120028105347862584e+05 7.535179799718946838e+10 1.227880277249337951e+03
5.623413251904365000e+14 3.713423338594062928e-01 9.906309090562072095e-01 -1.441743193259520606e+00 4.750858878862728281e-05 2.940054156654872890e-24 1.653313950584952319e-09 3.806896056656006135e-09 2.523895450433873124e-10 1.619498232028584462e+05 7.535194805017680359e+10 1.582375486539255007e+03
6.309573444802923750e+14 3.603463987414446401e-01 1.020689491441437502e+00 -1.424922392729871312e+00 2.483942411347387708e-05 1.234205983288731235e-24 7.787313297575460091e-10 1.793095151347156113e-09 1.123897648433088818e-10 8.014628499144193484e+04 7.535202985371501160e+10 2.072165374708066793e+03
7.079457843842502500e+14 3.495608542993448586e-01 1.051077614298142615e+00 -1.407977629636269601e+00 1.233120583867935429e-05 4.919249846253480206e-25 3.482562190988022421e-10 8.018895786393704030e-10 4.751514659364599678e-11 3.766976244559475163e+04 7.535207233023754883e+10 2.760933685507890914e+03
7.943282347244088750e+14 3.389856379115215868e-01 1.081797538541862114e+00 -1.390383450988005309e+00 5.786866132703897072e-06 1.854001290004357029e-25 1.472685571865937868e-10 3.390983844445919968e-10 1.899044751654706021e-11 1.674351824926542031e+04 7.535209325648175049e+10 3.748190022671829411e+03
8.912509381338898750e+14 3.286206256297414807e-01 1.112851307151179414e+00 -1.372605152139057871e+00 2.554817690580972793e-06 6.573505323163436234e-26 5.858642786097530941e-11 1.349002354444527840e-10 7.140482019320990133e-12 7.003883686562390722e+03 7.535210299611631775e+10 5.193069760831318490e+03
