# [1] m:            [M_sun/h] 
# [2] sigma 
# [3] ln(1/sigma) 
# [4] n_eff 
# [5] f(sigma) 
# [6] dn/dm:        [h^4/(Mpc^3*M_sun)] 
# [7] dn/dlnm:      [h^3/Mpc^3] 
# [8] dn/dlog10m:   [h^3/Mpc^3] 
# [9] n(>m):        [h^3/Mpc^3] 
# [11] rho(>m):     [M_sun*h^2/Mpc^3] 
# [11] rho(<m):     [M_sun*h^2/Mpc^3] 
# [12] Lbox(N=1):   [Mpc/h]
1.000000000000000000e+10 3.696114723084959142e+00 -1.307282193093427303e+00 -2.361242218390441128e+00 2.575346369356560361e-01 2.065931981947444034e-11 2.065931981947443929e-01 4.756984184771828605e-01 2.310914122423414208e-01 3.209895299224536133e+10 4.325315700775463867e+10 1.629566411549298932e+00
1.122018454301965332e+10 3.650920934019551201e+00 -1.294979446459698869e+00 -2.356394020342361451e+00 2.586876461280426254e-01 1.660886392534525483e-11 1.863545182922755616e-01 4.290971358318799722e-01 2.084715233846149429e-01 3.185966466135319519e+10 4.349244533864680481e+10 1.686492522639611469e+00
1.258925411794171333e+10 3.605941666635475329e+00 -1.282582947899164383e+00 -2.351505963623462314e+00 2.598456464162594570e-01 1.335259261444250407e-11 1.680991815565683889e-01 3.870626695966540298e-01 1.880675282489016886e-01 3.161748017740229416e+10 4.373462982259770203e+10 1.745401699201226231e+00
1.412537544622761154e+10 3.561178548290298007e+00 -1.270091542968555087e+00 -2.346529688066314456e+00 2.610082999514891644e-01 1.073555119208208391e-11 1.516436912103558410e-01 3.491725028275575737e-01 1.696616489382964665e-01 3.137235460227581024e+10 4.397975539772418976e+10 1.806364704694688461e+00
1.584893192461123848e+10 3.516633747558625345e+00 -1.257504210326349181e+00 -2.341474016061691366e+00 2.621752251144304213e-01 8.631946361207474262e-12 1.368071302556729540e-01 3.150100587420072706e-01 1.530570848990574218e-01 3.112423546041310883e+10 4.422787453958689117e+10 1.869457174579739700e+00
1.778279410038937378e+10 3.472308799323991391e+00 -1.244819732740648499e+00 -2.336369787180621493e+00 2.633460250310236672e-01 6.940601099523075811e-12 1.234232802857549577e-01 2.841926053144052666e-01 1.380770182976471805e-01 3.087307767136988068e+10 4.447903232863011932e+10 1.934755990250270008e+00
1.995262314968899155e+10 3.428204821386008572e+00 -1.232036748479775401e+00 -2.331230172041795168e+00 2.645202802704784695e-01 5.580586100133121072e-12 1.113473314103487211e-01 2.563867054501366427e-01 1.245625355285336772e-01 3.061884452387997818e+10 4.473326547612002563e+10 2.002338602268757484e+00
2.238721138568365097e+10 3.384323184950412511e+00 -1.219153941010730602e+00 -2.326009928735548904e+00 2.656975288437295468e-01 4.487300786976763959e-12 1.004581512691934131e-01 2.313134415821856416e-01 1.123700318527256770e-01 3.036149326819279861e+10 4.499061673180720520e+10 2.072286663352550296e+00
2.511886431509613037e+10 3.340666106094692722e+00 -1.206170220066982379e+00 -2.320692310577221917e+00 2.668772473589375860e-01 3.608462926230254483e-12 9.064049063003250251e-02 2.087074425463793237e-01 1.013695097495116021e-01 3.010096934709471130e+10 4.525114065290528870e+10 2.144688474750220841e+00
2.818382931264495468e+10 3.297235380218751732e+00 -1.193084353782342122e+00 -2.315317312196524036e+00 2.680588820816791618e-01 2.901774877586490833e-12 8.178312785361886716e-02 1.883126110541689380e-01 9.144400840949794274e-02 2.983722273663865280e+10 4.551488726336134338e+10 2.219635088859630123e+00
3.162277660168431091e+10 3.254032254014997072e+00 -1.179894920860504737e+00 -2.309902960356768453e+00 2.692418499826643719e-01 2.333441394531225234e-12 7.378989593238363676e-02 1.699075143874885507e-01 8.248850527345653882e-02 2.957021479019384766e+10 4.578189520980615234e+10 2.297217884034663538e+00
3.548133892335818481e+10 3.211057911537757104e+00 -1.166600450303744152e+00 -2.304421799754767353e+00 2.704255226778812804e-01 1.876453504766406689e-12 6.657908277654019102e-02 1.533040035064780759e-01 7.440821732610740369e-02 2.929990532326524734e+10 4.605220467673475647e+10 2.377531976796142033e+00
3.981071705535050964e+10 3.168314456758837938e+00 -1.153199729366739978e+00 -2.298830311591653519e+00 2.716091958472545143e-01 1.509078287240671697e-12 6.007748870771134619e-02 1.383335299228942716e-01 6.711727899037313316e-02 2.902624061512151718e+10 4.632586938487847900e+10 2.460680454068175482e+00
4.466835921509725952e+10 3.125803973104831712e+00 -1.139691521493300996e+00 -2.293167586774802480e+00 2.727921112855232755e-01 1.213647124615720423e-12 5.421162572270490920e-02 1.248268812560728996e-01 6.053826871089898476e-02 2.874916639035464859e+10 4.660294360964535522e+10 2.546771616714514241e+00
5.011872336272837830e+10 3.083527854363325549e+00 -1.126074348767885258e+00 -2.287456520659270076e+00 2.739734719485560355e-01 9.760319873877009104e-13 4.891747716905817805e-02 1.126366537163499409e-01 5.460168033658843734e-02 2.846864095886065674e+10 4.688346904113934326e+10 2.635914569844548527e+00
5.623413251903628540e+10 3.041487224363071284e+00 -1.112346614330238959e+00 -2.281693329055031860e+00 2.751524265290718474e-01 7.849236494405593728e-13 4.413950051996599899e-02 1.016349559094766458e-01 4.924489009594279487e-02 2.818462698717832947e+10 4.716748301282167053e+10 2.728221387274231802e+00
6.309573444802097321e+10 2.999683945455023704e+00 -1.098506931603256964e+00 -2.275816282555898518e+00 2.763280368037917545e-01 6.312739598122553849e-13 3.983069413226472677e-02 9.171356255255817824e-02 4.441117713439194509e-02 2.789707478299637985e+10 4.745503521700361633e+10 2.823812817430033206e+00
7.079457843841575623e+10 2.958120330744653970e+00 -1.084554043226135800e+00 -2.269846482924974485e+00 2.774992808612044559e-01 5.077152531431632057e-13 3.594348731302377670e-02 8.276293807718916595e-02 4.004926461864827952e-02 2.760592723550644302e+10 4.774618276449356079e+10 2.922818301085107873e+00
7.943282347243049622e+10 2.916797962760567575e+00 -1.070486426491855658e+00 -2.263819168787725378e+00 2.786650815232886158e-01 4.083299399496855917e-13 3.243480003853151800e-02 7.468388706296537338e-02 3.611309399014443061e-02 2.731113925228627396e+10 4.804097074771372986e+10 3.025369567212707445e+00
8.912509381337731934e+10 2.875718023142487922e+00 -1.056302390247674250e+00 -2.257748934562117782e+00 2.798242919437704535e-01 3.283828068478184987e-13 2.926714846701198788e-02 6.739009977458534917e-02 3.256124431920567885e-02 2.701267672774102020e+10 4.833943327225897980e+10 3.131600369770299874e+00
1.000000000000032654e+11 2.834882079074799055e+00 -1.042000341632022042e+00 -2.251571783921746839e+00 2.809756677571634276e-01 2.640967347822920798e-13 2.640967347823007169e-02 6.081052046181277537e-02 2.935622881329573788e-02 2.671049670247391510e+10 4.864161329752608490e+10 3.241653405457092241e+00
1.122018454302001953e+11 2.794292539875838255e+00 -1.027578958244226737e+00 -2.245277647506623175e+00 2.821178482544689503e-01 2.124036340440119744e-13 2.383207971581903853e-02 5.487539148869069461e-02 2.646408101453316328e-02 2.640454239647598267e+10 4.894756760352401733e+10 3.355684028480197867e+00
1.258925411794212494e+11 2.753951242883076134e+00 -1.013036696040475748e+00 -2.238916054641925779e+00 2.832493900032588274e-01 1.708227509773171707e-13 2.150531021179392238e-02 4.951780671388931326e-02 2.385425105946867297e-02 2.609476632861151505e+10 4.925734367138848877e+10 3.473852743256831577e+00
1.412537544622807312e+11 2.713859492231553538e+00 -9.983717886029063182e-01 -2.232509641017609514e+00 2.843687588232563512e-01 1.373722395833870058e-13 1.940434460004535067e-02 4.468015461538393795e-02 2.149930202623685088e-02 2.578113727585598755e+10 4.957097272414401245e+10 3.596321806585796921e+00
1.584893192461175842e+11 2.674018606141496779e+00 -9.835824368236424364e-01 -2.226013176835671903e+00 2.854743069739601458e-01 1.104701037444591643e-13 1.750833153950731927e-02 4.031442320606704738e-02 1.937443758070058614e-02 2.546362114887829971e+10 4.988848885112170410e+10 3.723262291592219331e+00
1.778279410038995667e+11 2.634430910978958540e+00 -9.686671856047713858e-01 -2.219379298806380962e+00 2.865642380462468108e-01 8.883952401276671080e-14 1.579814963495679639e-02 3.637658384634084863e-02 1.745716240439039793e-02 2.514216668648130035e+10 5.020994331351869965e+10 3.854861531564012900e+00
1.995262314968964539e+11 2.595098544380431971e+00 -9.536244906099067276e-01 -2.212663680638319974e+00 2.876366324898620985e-01 7.144118485797274197e-14 1.425439038838444313e-02 3.282194681801162833e-02 1.572719913778159243e-02 2.481672637735280228e+10 5.053538362264720154e+10 3.991316842360987494e+00
2.238721138568438416e+11 2.556022944914709605e+00 -9.384525133586856249e-01 -2.205892214620130964e+00 2.886894525513618581e-01 5.744530482273183830e-14 1.286040182181572358e-02 2.961216952482635667e-02 1.416634622921065026e-02 2.448727191869281769e+10 5.086483808130718231e+10 4.132828490260217258e+00
2.511886431509695129e+11 2.517205308180582080e+00 -9.231492814323549734e-01 -2.199051416742817011e+00 2.897205198186729169e-01 4.618788339851678295e-14 1.160187176088862092e-02 2.671429696745071872e-02 1.275818456690372936e-02 2.415378024380791855e+10 5.119832975619207764e+10 4.279605199234516100e+00
2.818382931264587402e+11 2.478647717337144840e+00 -9.077131361929884346e-01 -2.192064598518336904e+00 2.907274753990089500e-01 3.713700555557539550e-14 1.046663025761118519e-02 2.410030680505594394e-02 1.148781947259106852e-02 2.381621231026424789e+10 5.153589768973574829e+10 4.431874624774724936e+00
3.162277660168534546e+11 2.440352577523360100e+00 -8.921425278511214696e-01 -2.184970324783294338e+00 2.917077858985419603e-01 2.985833663197934328e-14 9.442035090110007661e-03 2.174108924601399553e-02 1.034178457131432541e-02 2.347452417484422302e+10 5.187758582515577698e+10 4.589881829636881960e+00
3.548133892335934448e+11 2.402321490043590302e+00 -8.764355573509516883e-01 -2.177808719088067058e+00 2.926587614583778252e-01 2.400372069526354754e-14 8.516841494103007462e-03 1.961075226371472233e-02 9.307988533571112319e-03 2.312869183586549759e+10 5.222341816413450623e+10 4.753878233583566981e+00
3.981071705535180664e+11 2.364555663898763260e+00 -8.605901243340062789e-01 -2.170594329757697949e+00 2.935775319139269368e-01 1.929452016882869082e-14 7.681286831600177452e-03 1.768681655345403364e-02 8.375549313141897323e-03 2.277870668660790634e+10 5.257340331339208984e+10 4.924123083198715278e+00
4.466835921509872437e+11 2.327056846454340633e+00 -8.446043130954012934e-01 -2.163238674851545085e+00 2.944610112607012886e-01 1.550863467533497132e-14 6.927452646135984736e-03 1.595104919541487712e-02 7.534602669420178631e-03 2.242454867542341614e+10 5.292756132457658386e+10 5.100896931600236606e+00
5.011872336273001709e+11 2.289827579336000341e+00 -8.284765218651227725e-01 -2.155743601142432020e+00 2.953058809588306466e-01 1.246495239990010763e-14 6.247275010601910893e-03 1.438488231124617975e-02 6.776204381753655678e-03 2.206618389230309677e+10 5.328592610769689941e+10 5.284507287487305582e+00
5.623413251903812256e+11 2.252869690431455130e+00 -8.122048215312752673e-01 -2.148169567832409310e+00 2.961086123420812455e-01 1.001724643487702672e-14 5.633111634947368662e-03 1.297071887780112953e-02 6.092314352027475462e-03 2.170359662695204163e+10 5.364851337304795837e+10 5.475274518601186635e+00
6.309573444802304688e+11 2.216184482960975810e+00 -7.957870158535657046e-01 -2.140545856440082328e+00 2.968654453623202905e-01 8.048714574605037610e-15 5.078395574472122087e-03 1.169343794610644242e-02 5.475710431429788548e-03 2.133679583203368759e+10 5.401531416796630859e+10 5.673527646627365861e+00
7.079457843841807861e+11 2.179773378274281637e+00 -7.792209164772561092e-01 -2.132800666107843135e+00 2.975723583650960458e-01 6.466297624650630673e-15 4.577788143944855337e-03 1.054074673913230585e-02 4.919855814298821836e-03 2.096578738771994781e+10 5.438632261228005219e+10 5.879619319980063707e+00
7.943282347243309326e+11 2.143638865478167066e+00 -7.625047894119475478e-01 -2.124885408527031228e+00 2.982250362953078326e-01 5.194612937716175576e-15 4.126227724892260473e-03 9.500990449635655921e-03 4.418812384579625351e-03 2.059055783296440506e+10 5.476155216703559875e+10 6.093939605869743481e+00
8.912509381338023682e+11 2.107783061512399136e+00 -7.456367133872975339e-01 -2.116876485201855118e+00 2.988188851079071617e-01 4.172282030128392295e-15 3.718550273510735048e-03 8.562278427334750475e-03 3.967230662655366752e-03 2.021110674164148712e+10 5.514100325835851288e+10 6.316902630570423227e+00
1.000000000000065430e+12 2.072207382529367425e+00 -7.286144074820816163e-01 -2.108806190309739037e+00 2.993490175419050159e-01 3.350380758550711138e-15 3.350380758550930427e-03 7.714536790493456420e-03 3.560310282209663314e-03 1.982746485485601807e+10 5.552464514514398193e+10 6.548935560960908120e+00
1.122018454302038818e+12 2.036913037514342495e+00 -7.114354448823773103e-01 -2.100643271054760675e+00 2.998102238385931262e-01 2.689816135821910527e-15 3.018023343071582747e-03 6.949255560064681800e-03 3.193715473445711203e-03 1.943967161054233170e+10 5.591243838945767212e+10 6.790492270259479213e+00
1.258925411794253662e+12 2.001902267257182899e+00 -6.940978621475586419e-01 -2.092293200259695674e+00 3.001969389486731088e-01 2.159215632541292142e-15 2.718291429349635989e-03 6.259097323633949425e-03 2.863506651353246984e-03 1.904774836910058975e+10 5.630436163089941406e+10 7.042074272668678248e+00
1.412537544622853760e+12 1.967177473257585740e+00 -6.765997606838789480e-01 -2.083820321445344792e+00 3.005032421195643622e-01 1.732901924639391036e-15 2.447789029702343144e-03 5.636242530586975039e-03 2.566123154997725173e-03 1.865171984758383179e+10 5.670039015241616821e+10 7.304225427146071148e+00
1.584893192461227539e+12 1.932740192571148041e+00 -6.589387848664952640e-01 -2.075271323865898410e+00 3.007228470629031425e-01 1.390352484588462061e-15 2.203560187945807162e-03 5.073884840279173358e-03 2.298369970726072634e-03 1.825164560439020920e+10 5.710046439560978699e+10 7.577512947003432586e+00
1.778279410039053711e+12 1.898591571081269969e+00 -6.411123329114473135e-01 -2.066657218336124480e+00 3.008490722358928005e-01 1.115151870264989072e-15 1.983051609958772291e-03 4.566145075728912477e-03 2.057369222825871334e-03 1.784760942153744507e+10 5.750450057846255493e+10 7.862534916276283425e+00
1.995262314969029785e+12 1.864733466362321623e+00 -6.231181294040266661e-01 -2.057856871990215719e+00 3.008748173888784461e-01 8.942251741361592648e-16 1.784213791050497013e-03 4.108304077987267808e-03 1.840507993982967890e-03 1.743968376962091064e+10 5.791242623037908936e+10 8.159948741355410817e+00
2.238721138568511719e+12 1.831168445188611438e+00 -6.049542577409380284e-01 -2.048891927815502889e+00 3.007925564758289760e-01 7.168711782185194959e-16 1.604874660308314377e-03 3.695360468949807770e-03 1.645416380309541911e-03 1.702793312207816505e+10 5.832417687792183685e+10 8.470480776696822645e+00
2.511886431509777344e+12 1.797898222350849728e+00 -5.866183284132363562e-01 -2.039837226284765492e+00 3.005943221777525043e-01 5.744732417491798930e-16 1.443011541215201031e-03 3.322656863820484981e-03 1.469965946990285394e-03 1.661245766484661865e+10 5.873965233515338135e+10 8.794900057717516262e+00
2.818382931264679688e+12 1.764923983307322919e+00 -5.681076205100739074e-01 -2.030730595398965388e+00 3.002716800556260446e-01 4.601538347917559978e-16 1.296889713733072498e-03 2.986198922099088295e-03 1.312244552342296637e-03 1.619339794574165726e+10 5.915871205425834656e+10 9.134015421064404450e+00
3.162277660168638184e+12 1.732247163888689379e+00 -5.494195042826737208e-01 -2.021460078550125772e+00 2.998157160670757437e-01 3.684487692589673136e-16 1.165137311944261555e-03 2.682827805774010057e-03 1.170518884145469677e-03 1.577089548304957199e+10 5.958121451695042419e+10 9.488710396305650718e+00
3.548133892336050781e+12 1.699870298547212943e+00 -5.305519531793332355e-01 -2.011980445376550186e+00 2.992170468716729981e-01 2.949144416085104926e-16 1.046395925610517363e-03 2.409415659680483671e-03 1.043212797509107974e-03 1.534507608807167435e+10 6.000703391192832947e+10 9.859972370585291301e+00
3.981071705535311035e+12 1.667795348679316447e+00 -5.115026037708980677e-01 -2.002395340471074370e+00 2.984657948486749146e-01 2.359376248880723991e-16 9.392846027131088876e-04 2.162782724286039376e-03 9.289078379099452876e-04 1.491609802627884483e+10 6.043601197372115326e+10 1.024886543225724367e+01
4.466835921510018555e+12 1.636023568216223190e+00 -4.922686440769263316e-01 -1.992749667171835659e+00 2.975515664944473615e-01 1.886443611556991466e-16 8.426434088005861720e-04 1.940258151813917600e-03 8.263318160074468620e-04 1.448417282831882668e+10 6.086793717168117523e+10 1.065651437547432323e+01
5.011872336273166016e+12 1.604556055101630463e+00 -4.728471171380317362e-01 -1.982980207159383390e+00 2.964634528144673986e-01 1.507456313287939485e-16 7.555178594708158437e-04 1.739644160708270952e-03 7.343342581943925222e-04 1.404953059698037910e+10 6.130257940301962280e+10 1.108414172599882264e+01
5.623413251903997070e+12 1.573395079211904246e+00 -4.532357554210827422e-01 -1.972970433196489015e+00 2.951900861483839345e-01 1.204006639373065396e-16 6.770626891230892980e-04 1.558994454997287421e-03 6.518682928017538718e-04 1.361238698393314362e+10 6.173972301606685638e+10 1.153311743582110616e+01
6.309573444802510742e+12 1.542542873586103536e+00 -4.334322712805706024e-01 -1.962824348795574769e+00 2.937196285785017569e-01 9.610134159224436150e-17 6.063584729203200761e-04 1.396191980756962808e-03 5.779886319078979522e-04 1.317298083584547234e+10 6.217912916415452576e+10 1.200494665167959418e+01
7.079457843842039062e+12 1.512000749887548512e+00 -4.134337737145917235e-01 -1.952598848538808385e+00 2.920397417477075819e-01 7.664770757046815992e-17 5.426242145722616657e-04 1.249438427571692312e-03 5.118478716996818995e-04 1.273161277279296303e+10 6.262049722720703888e+10 1.250123826856627396e+01
7.943282347243568359e+12 1.481769622651113005e+00 -3.932370644873517951e-01 -1.942294091980417914e+00 2.901376173229775479e-01 6.108198442005687401e-17 4.851914485784444603e-04 1.117194596744913422e-03 4.526820460917670543e-04 1.228862430291221809e+10 6.306348569708778381e+10 1.302373577239532310e+01
8.912509381338316406e+12 1.451851311330763394e+00 -3.728395084943300075e-01 -1.931743109399048919e+00 2.880000974772181643e-01 4.864212115119628734e-17 4.335233610882318549e-04 9.982244287064377837e-04 3.997965704554834747e-04 1.184435238530504608e+10 6.350775761469495392e+10 1.357438966644948231e+01
1.000000000000098242e+13 1.422248221498795262e+00 -3.522388741636017784e-01 -1.921001459352838392e+00 2.856137403260022856e-01 3.870295468542108355e-17 3.870295468542488387e-04 8.911684651348339859e-04 3.525617481094518702e-04 1.139914315438313675e+10 6.395296684561686707e+10 1.415538230066337988e+01
1.122018454302075391e+13 1.392961762419069105e+00 -3.314322446140738898e-01 -1.910164244027256819e+00 2.829647694225937427e-01 3.076363053084182662e-17 3.451736117693528379e-04 7.947916129550260242e-04 3.104127461572055570e-04 1.095340832383439445e+10 6.439870167616560364e+10 1.476908141933371077e+01
1.258925411794294922e+13 1.363992791914735658e+00 -3.104162748873187105e-01 -1.899279923609984211e+00 2.800391599052572955e-01 2.442529521022002038e-17 3.074962483072345674e-04 7.080362775038339263e-04 2.728420488957342236e-04 1.050762439401392937e+10 6.484448560598606873e+10 1.541805412540018771e+01
1.412537544622899805e+13 1.335342583912519476e+00 -2.891878760945965077e-01 -1.888173228701517825e+00 2.768228271369426174e-01 1.937238958432009259e-17 2.736422761691374109e-04 6.300846259200156268e-04 2.393890263101381311e-04 1.006227863085805321e+10 6.528983136914194489e+10 1.610516779266886189e+01
1.584893192461279492e+13 1.307013513186904063e+00 -2.677447736757861962e-01 -1.876812091197138654e+00 2.733018670218030355e-01 1.534755454801778281e-17 2.432423472408153250e-04 5.600862027415827492e-04 2.096347555935982882e-04 9.617854880778474808e+09 6.573425511922152710e+10 1.683367369416283310e+01
1.778279410039111719e+13 1.279007158737096805e+00 -2.460841197171612094e-01 -1.865338096154870229e+00 2.694625098212866665e-01 1.214252459361113100e-17 2.159280147071220728e-04 4.971926278244183546e-04 1.832027848294483772e-04 9.174898825078470230e+09 6.617721117492153168e+10 1.760715995487953833e+01
1.995262314969094922e+13 1.251324369009670923e+00 -2.242024856530226151e-01 -1.853819009838097998e+00 2.652912659905045656e-01 9.592246285842854955e-18 1.913904753004451833e-04 4.406928553678502412e-04 1.597556477496417707e-04 8.734037510159721375e+09 6.661807248984027863e+10 1.842954414948442832e+01
2.238721138568585156e+13 1.223965911849845822e+00 -2.020963339064440478e-01 -1.842133765290813630e+00 2.607752007432481700e-01 7.566043698154903683e-18 1.693826196239301394e-04 3.900178949583422874e-04 1.389878789914870483e-04 8.295927721996007919e+09 6.705618227800399017e+10 1.930520232381379131e+01
2.511886431509859375e+13 1.196933864933999558e+00 -1.797631743677563232e-01 -1.830139079012676806e+00 2.559024340829030852e-01 5.958717798713451967e-18 1.496762238778461744e-04 3.446422418767680564e-04 1.206213755706093575e-04 7.861216852756345749e+09 6.749089314724365234e+10 2.023913315678163727e+01
2.818382931264771875e+13 1.170230027970251108e+00 -1.572003345881931025e-01 -1.818001864463417938e+00 2.506622040185871314e-01 4.684355136995651617e-18 1.320230656209099573e-04 3.039943428300819536e-04 1.044054609529381736e-04 7.430598193224161148e+09 6.792151180677584076e+10 2.123695572461712544e+01
3.162277660168741406e+13 1.143855219456909156e+00 -1.344043285298811286e-01 -1.805796945060493597e+00 2.450450162989290248e-01 3.675092035634611869e-18 1.162166144335139692e-04 2.675986439528459299e-04 9.011563628336504025e-05 7.004849773049941063e+09 6.834726022695005798e+10 2.230488296605163256e+01
3.548133892336166406e+13 1.117809850230660595e+00 -1.113712799730348368e-01 -1.793498771606791165e+00 2.390430608370115728e-01 2.877054421998644093e-18 1.020817430478902804e-04 2.350518998089207428e-04 7.754937268932093170e-05 6.584795566591549873e+09 6.876731443340844727e+10 2.344987706612148060e+01
3.981071705535441406e+13 1.092095454133729326e+00 -8.809828571286354437e-02 -1.780871468003964342e+00 2.326509681630592463e-01 2.247493928080532362e-18 8.947434485444113658e-05 2.060222926672446739e-04 6.652251787741683762e-05 6.171249283537264824e+09 6.918086071646273804e+10 2.467992148325454238e+01
4.466835921510164844e+13 1.066713983520499065e+00 -6.458287970418326307e-02 -1.768032062653559056e+00 2.258661572357342218e-01 1.751437869581277442e-18 7.823385590138884728e-05 1.801401103659822154e-04 5.686845780158620266e-05 5.765037824553595543e+09 6.958707217544641113e+10 2.600416120750514892e+01
5.011872336273329688e+13 1.041666239140431216e+00 -4.082158409498492374e-02 -1.755105281829405950e+00 2.186888891490494924e-01 1.361142236284693283e-18 6.821871119768470446e-05 1.570793874670547974e-04 4.843797035576031325e-05 5.367058286420480728e+09 6.998505171357951355e+10 2.743287687648148321e+01
5.623413251904180469e+13 1.016952428133554465e+00 -1.681033930918902908e-02 -1.742152188283396130e+00 2.111228387231670334e-01 1.054647876991875409e-18 5.930720847568722050e-05 1.365598941432075186e-04 4.109698831550378449e-05 4.978259647658372879e+09 7.037385035234162903e+10 2.897766146114535957e+01
6.309573444802717188e+13 9.925733832358312192e-01 7.454331384954157765e-03 -1.728892908765664371e+00 2.031759717783702124e-01 8.147017603270482132e-19 5.140420592393571083e-05 1.183625582776505925e-04 3.472392700498235814e-05 4.599572154415594101e+09 7.075253784558441162e+10 3.065187565797559088e+01
7.079457843842270312e+13 9.685310071482188254e-01 3.197478100666869411e-02 -1.715328633315662765e+00 1.948613036178012681e-01 6.272805413134095377e-19 4.440806148490842475e-05 1.022533403839131789e-04 2.920852953844328893e-05 4.231893287613709450e+09 7.112021671238629150e+10 3.247108262759226704e+01
7.943282347243828125e+13 9.448261561953796850e-01 5.675433010943387035e-02 -1.701658795623586906e+00 1.861967446377425228e-01 4.811772562390338987e-19 3.822126805378738354e-05 8.800772205598038161e-05 2.445200297744596957e-05 3.876151188196616650e+09 7.147595881180339050e+10 3.445311708114545013e+01
8.912509381338607812e+13 9.214589096266780910e-01 8.179709361341409857e-02 -1.687989943553975358e+00 1.772056131537122214e-01 3.675858675242091526e-19 3.276112492757004549e-05 7.543527788793843460e-05 2.036592797884801610e-05 3.533304236474481583e+09 7.181880576352551270e+10 3.661833544917623584e+01
1.000000000000130938e+14 8.984293790400420532e-01 1.071071745787374047e-01 -1.674094231055354154e+00 1.679173590973485897e-01 2.796098219858707840e-19 2.796098219859073988e-05 6.438254079594691811e-05 1.687048251175089753e-05 3.204268479019560814e+09 7.214784152098043823e+10 3.899038276759730337e+01
1.122018454302112188e+14 8.757391224040043110e-01 1.326870378734829048e-01 -1.659798262454547757e+00 1.583685645792569097e-01 2.117304519444569774e-19 2.375654744194072488e-05 5.470147200081854695e-05 1.389338219183177208e-05 2.889871974373651981e+09 7.246223802562634277e+10 4.159719113394559997e+01
1.258925411794336094e+14 8.533891267609381437e-01 1.585396493910342930e-01 -1.645370286367844326e+00 1.486024407886148979e-01 1.595110257510876454e-19 2.008124837794249753e-05 4.623878316376125921e-05 1.136987581271728709e-05 2.590903873879363537e+09 7.276120612612063599e+10 4.447146396253314293e+01
1.412537544622946250e+14 8.313793310118825497e-01 1.846691129346392513e-01 -1.630922551206853921e+00 1.386686795614007206e-01 1.194952286233051797e-19 1.687914968337211069e-05 3.886567844334779453e-05 9.242264272539568883e-06 2.308127851044918060e+09 7.304398214895507812e+10 4.765120335065642365e+01
1.584893192461331250e+14 8.097092606894933375e-01 2.110800331694858978e-01 -1.616369095321699367e+00 1.286236148875793128e-01 8.897851069016337608e-20 1.410214358681877209e-05 3.247138560227049293e-05 7.458837671399119828e-06 2.042220581071677208e+09 7.330988941892832947e+10 5.118109990100761308e+01
1.778279410039170000e+14 7.883798215779621588e-01 2.377752981737228655e-01 -1.601365176112144129e+00 1.185307723942937846e-01 6.583845322881909436e-20 1.170791657656359132e-05 2.695847417921320998e-05 5.973091176862033692e-06 1.793712137197196007e+09 7.355839786280281067e+10 5.511463707350076646e+01
1.995262314969160312e+14 7.673921150772811117e-01 2.647573760757580552e-01 -1.586144212245938157e+00 1.084597828320509605e-01 4.837466962432856221e-20 9.652015530050612216e-06 2.222458707684156357e-05 4.743514645460669944e-06 1.563003185649346828e+09 7.378910681435064697e+10 5.951593371393403942e+01
2.238721138568658125e+14 7.467459218106675678e-01 2.920302831520290576e-01 -1.570877599994942475e+00 9.848474127300459180e-02 3.526813887235146743e-20 7.895552801150822309e-06 1.818018218087726542e-05 3.733395414017703200e-06 1.350392587620518446e+09 7.400171741237948608e+10 6.446124216804992102e+01
2.511886431509941875e+14 7.264403663745715445e-01 3.195988827894584161e-01 -1.555635171569603958e+00 8.868327668383535478e-02 2.549545711994503322e-20 6.404169280473346549e-06 1.474614471822833292e-05 2.910237241540066503e-06 1.156040090155122042e+09 7.419606990984487915e+10 7.004178444461869901e+01
2.818382931264864375e+14 7.064754730530680149e-01 3.474667935917122863e-01 -1.539957622931715120e+00 7.913573568596390939e-02 1.826763278253224351e-20 5.148518442890335502e-06 1.185490181760420376e-05 2.245211078144255923e-06 9.799093557317322493e+08 7.437220064426826477e+10 7.636850247646785306e+01
3.162277660168845000e+14 6.868522699581062207e-01 3.756360463345230771e-01 -1.523921678387713641e+00 6.992328151606715114e-02 1.296210010578548782e-20 4.098975959339766713e-06 9.438240940516715903e-06 1.712882509191235176e-06 8.217643772016241550e+08 7.453034562279837036e+10 8.357777562203973787e+01
3.548133892336283125e+14 6.675704540271175658e-01 4.041103451733512597e-01 -1.507821944126108704e+00 6.112450892282714210e-02 9.098717883362125480e-21 3.228346929876340661e-06 7.433543515746356778e-06 1.291087897784660244e-06 6.812105117869665623e+08 7.467089948821302795e+10 9.183637440179742839e+01
3.981071705535571875e+14 6.486288744695150044e-01 4.328945679537927749e-01 -1.491831202919642774e+00 5.281321588787910026e-02 6.311560245654546405e-21 2.512677391175845664e-06 5.785653504424671232e-06 9.606079722803859835e-07 5.576897389047819376e+08 7.479442026109521484e+10 1.013486429253022436e+02
4.466835921510310625e+14 6.300265881062461215e-01 4.619932571438469249e-01 -1.475514748585351033e+00 4.505626154274468276e-02 4.323371434777088137e-21 1.931179082689386951e-06 4.446704167702498318e-06 7.047990304772078671e-07 4.504502404719800949e+08 7.490165975952801514e+10 1.123685820555843407e+02
5.011872336273493750e+14 6.117642426945781864e-01 4.914082950430383456e-01 -1.458672034742397816e+00 3.791139383518855183e-02 2.921520765106753547e-21 1.464228910248711048e-06 3.371511661469598966e-06 5.093436347479061973e-07 3.585495306315652728e+08 7.499356046936843872e+10 1.252169262978929254e+02
5.623413251904365000e+14 5.938415593308530305e-01 5.211427303328789451e-01 -1.441743193259520606e+00 3.142359353438985148e-02 1.944639256679665989e-21 1.093551016618588771e-06 2.517994269294446584e-06 3.621059864788057574e-07 2.809062597072840929e+08 7.507120374029270935e+10 1.402990612239925667e+02
6.309573444802923750e+14 5.762571293821160401e-01 5.512013127181092376e-01 -1.424922392729871312e+00 2.562291267970229908e-02 1.273135479876894824e-21 8.032941815467683052e-07 1.849653207718441523e-06 2.529147995534840418e-07 2.163306469480732381e+08 7.513577935305192566e+10 1.581279299330863068e+02
7.079457843842502500e+14 5.590091510458951030e-01 5.815894355748145728e-01 -1.407977629636269601e+00 2.052319832666410493e-02 8.187256099188150549e-22 5.796133441094491974e-07 1.334609045846845952e-06 1.733082432143521831e-07 1.635335688490773737e+08 7.518857643115092468e+10 1.793605498726460041e+02
7.943282347244088750e+14 5.420975241792858057e-01 6.123093598185338493e-01 -1.390383450988005309e+00 1.612174476862384548e-02 5.165098848447649629e-22 4.102783850464498672e-07 9.447008933856267765e-07 1.163254947335406137e-07 1.211527328292290866e+08 7.523095726717077637e+10 2.048527022773151032e+02
8.912509381338898750e+14 5.255220505673109388e-01 6.433631284278512608e-01 -1.372605152139057871e+00 1.239858139566098368e-02 3.190135292413713926e-22 2.843211072137753793e-07 6.546735430940010824e-07 7.634113382155008133e-08 8.780570776824066043e+07 7.526430429223176575e+10 2.357294256545942517e+02
