# [1] m:            [M_sun/h] 
# [2] sigma 
# [3] ln(1/sigma) 
# [4] n_eff 
# [5] f(sigma) 
# [6] dn/dm:        [h^4/(Mpc^3*M_sun)] 
# [7] dn/dlnm:      [h^3/Mpc^3] 
# [8] dn/dlog10m:   [h^3/Mpc^3] 
# [9] n(>m):        [h^3/Mpc^3] 
# [11] rho(>m):     [M_sun*h^2/Mpc^3] 
# [11] rho(<m):     [M_sun*h^2/Mpc^3] 
# [12] Lbox(N=1):   [Mpc/h]
1.000000000000000000e+10 3.696114723084959142e+00 -1.307282193093427303e+00 -2.361242218390441128e+00 2.497846658491026384e-01 2.003762041168258746e-11 2.003762041168258845e-01 4.613832605901354578e-01 2.127711732604999351e-01 2.289764226727565002e+10 5.245446773272434998e+10 1.675054996100254101e+00
1.122018454301965332e+10 3.650920934019551201e+00 -1.294979446459698869e+00 -2.356394020342361451e+00 2.495622693158167926e-01 1.602297532954141319e-11 1.797807401257058013e-01 4.139604522208866766e-01 1.908875804402244691e-01 2.266617863544235992e+10 5.268593136455764008e+10 1.736763868889375839e+00
1.258925411794171333e+10 3.605941666635475329e+00 -1.282582947899164383e+00 -2.351505963623462314e+00 2.493340654632340836e-01 1.281243787205888003e-11 1.612990362416896195e-01 3.714047563644208849e-01 1.712534502255918523e-01 2.243316809729450607e+10 5.291894190270549011e+10 1.800750552456994003e+00
1.412537544622761154e+10 3.561178548290298007e+00 -1.270091542968555087e+00 -2.346529688066314456e+00 2.490998168393537826e-01 1.024574251513910940e-11 1.447249597517163144e-01 3.332415349084652534e-01 1.536372929437697654e-01 2.219859633096092987e+10 5.315351366903907013e+10 1.867100883865304262e+00
1.584893192461123848e+10 3.516633747558625345e+00 -1.257504210326349181e+00 -2.341474016061691366e+00 2.488592740638630729e-01 8.193527455810163744e-12 1.298586588695684052e-01 2.990106121092672709e-01 1.378309892683265148e-01 2.196244231518804550e+10 5.338966768481195068e+10 1.935906489125345686e+00
1.778279410038937378e+10 3.472308799323991391e+00 -1.244819732740648499e+00 -2.336369787180621493e+00 2.486121684602537463e-01 6.552283785436964489e-12 1.165179134437454023e-01 2.682924105623387123e-01 1.236484137015364249e-01 2.172469262689346313e+10 5.362741737310653687e+10 2.007260863125417849e+00
1.995262314968899155e+10 3.428204821386008572e+00 -1.232036748479775401e+00 -2.331230172041795168e+00 2.483582114743413671e-01 5.239614827983806960e-12 1.045440601122834129e-01 2.407215943756172150e-01 1.109230635780875801e-01 2.148534222808605957e+10 5.386676777191394043e+10 2.081258612693356547e+00
2.238721138568365097e+10 3.384323184950412511e+00 -1.219153941010730602e+00 -2.326009928735548904e+00 2.480970968977446733e-01 4.190051382866572736e-12 9.380356602511005781e-02 2.159906927991011583e-01 9.950525639871966865e-02 2.124438081424599075e+10 5.410772918575401306e+10 2.157999429983999740e+00
2.511886431509613037e+10 3.340666106094692722e+00 -1.206170220066982379e+00 -2.320692310577221917e+00 2.478285032412070876e-01 3.350903738924828628e-12 8.417089635100108436e-02 1.938106512017620242e-01 8.926022279869813558e-02 2.100178749556121063e+10 5.435032250443878937e+10 2.237590851966273942e+00
2.818382931264495468e+10 3.297235380218751732e+00 -1.193084353782342122e+00 -2.315317312196524036e+00 2.475520847546314740e-01 2.679785929332752162e-12 7.552662922674191481e-02 1.739064905815843609e-01 8.006729425411451828e-02 2.075754613812946320e+10 5.459456386187053680e+10 2.320144047618093452e+00
3.162277660168431091e+10 3.254032254014997072e+00 -1.179894920860504737e+00 -2.309902960356768453e+00 2.472674683257246042e-01 2.142995771828690547e-12 6.776747655089272737e-02 1.560403812959091641e-01 7.181862245717721138e-02 2.051165161399259949e+10 5.484045838600740051e+10 2.405771134683135415e+00
3.548133892335818481e+10 3.211057911537757104e+00 -1.166600450303744152e+00 -2.304421799754767353e+00 2.469742542288322351e-01 1.713727684967019774e-12 6.080535281265683073e-02 1.400094989606671947e-01 6.441737545076282878e-02 2.026409774890072250e+10 5.508801225109927368e+10 2.494588932314393048e+00
3.981071705535050964e+10 3.168314456758837938e+00 -1.153199729366739978e+00 -2.298830311591653519e+00 2.466720209099882155e-01 1.370525727834272950e-12 5.456161196788856388e-02 1.256327543669857327e-01 5.777631911757152849e-02 2.001486638584818649e+10 5.533724361415180969e+10 2.586723707195020427e+00
4.466835921509725952e+10 3.125803973104831712e+00 -1.139691521493300996e+00 -2.293167586774802480e+00 2.463603167840254238e-01 1.096052553262443773e-12 4.895886916775136349e-02 1.127319623155100953e-01 5.181720120050915812e-02 1.976393934023017502e+10 5.558817065976982117e+10 2.682308233824190591e+00
5.011872336272837830e+10 3.083527854363325549e+00 -1.126074348767885258e+00 -2.287456520659270076e+00 2.460386525271802405e-01 8.765140409119137127e-13 4.392976474001138859e-02 1.011520214290856784e-01 4.647010160689428460e-02 1.951131029104724884e+10 5.584079970895275116e+10 2.781476911590166079e+00
5.623413251903628540e+10 3.041487224363071284e+00 -1.112346614330238959e+00 -2.281693329055031860e+00 2.457065007122923861e-01 7.009236504406577449e-13 3.941583344460661276e-02 9.075831051748733946e-02 4.167234330822997684e-02 1.925697716503651810e+10 5.609513283496348572e+10 2.884368158369577273e+00
6.309573444802097321e+10 2.999683945455023704e+00 -1.098506931603256964e+00 -2.275816282555898518e+00 2.453633007591135562e-01 5.605347334798044234e-13 3.536735069253395258e-02 8.143633448332132652e-02 3.736747718320977685e-02 1.900092716014091873e+10 5.635118283985908508e+10 2.991130817203059067e+00
7.079457843841575623e+10 2.958120330744653970e+00 -1.084554043226135800e+00 -2.269846482924974485e+00 2.450084542913683328e-01 4.482697360753702341e-13 3.173506699215572491e-02 7.307269218130515998e-02 3.350475151659412787e-02 1.874314126580803299e+10 5.660896873419197083e+10 3.101924332419960351e+00
7.943282347243049622e+10 2.916797962760567575e+00 -1.070486426491855658e+00 -2.263819168787725378e+00 2.446413117041677798e-01 3.584746663317655555e-13 2.847465489006955827e-02 6.556531587802418015e-02 3.003880131511090651e-02 1.848361155079831314e+10 5.686849844920169067e+10 3.216911652817961542e+00
8.912509381337731934e+10 2.875718023142487922e+00 -1.056302390247674250e+00 -2.257748934562117782e+00 2.442611701602829533e-01 2.866483395847721107e-13 2.554756015694165452e-02 5.882543117974248226e-02 2.692903263866675348e-02 1.822234004493431091e+10 5.712976995506568909e+10 3.336258928841086657e+00
1.000000000000032654e+11 2.834882079074799055e+00 -1.042000341632022042e+00 -2.251571783921746839e+00 2.438672763140017352e-01 2.292175401125526245e-13 2.292175401125601253e-02 5.277928909159457227e-02 2.413891463188333822e-02 1.795932127039264679e+10 5.739278872960735321e+10 3.460143314451088248e+00
1.122018454302001953e+11 2.794292539875838255e+00 -1.027578958244226737e+00 -2.245277647506623175e+00 2.434588271603786991e-01 1.832976536185469452e-13 2.056633499902657883e-02 4.735573638628031573e-02 2.163553899493647625e-02 1.769453802230748749e+10 5.765757197769251251e+10 3.588757339187120809e+00
1.258925411794212494e+11 2.753951242883076134e+00 -1.013036696040475748e+00 -2.238916054641925779e+00 2.430349518126189712e-01 1.465701269534725134e-13 1.845208574316303807e-02 4.248749756685517298e-02 1.938945814610809962e-02 1.742798152102517319e+10 5.792412847897482300e+10 3.722300601448085722e+00
1.412537544622807312e+11 2.713859492231553538e+00 -9.983717886029063182e-01 -2.232509641017609514e+00 2.425947054140803472e-01 1.171921210041121429e-13 1.655382708522874780e-02 3.811659547844879065e-02 1.737435581997550868e-02 1.715965723963275719e+10 5.819245276036724091e+10 3.860975947951742260e+00
1.584893192461175842e+11 2.674018606141496779e+00 -9.835824368236424364e-01 -2.226013176835671903e+00 2.421370684614909397e-01 9.369987568009070437e-14 1.485042950998342534e-02 3.419437761424670708e-02 1.556658149265812904e-02 1.688956834341332054e+10 5.846254165658667755e+10 4.004997507546582902e+00
1.778279410038995667e+11 2.634430910978958540e+00 -9.686671856047713858e-01 -2.219379298806380962e+00 2.416609527167308258e-01 7.491878316079808345e-14 1.332265295200234581e-02 3.067654208641372102e-02 1.394480850014162554e-02 1.661770359475149536e+10 5.873440640524850464e+10 4.154599346553617067e+00
1.995262314968964539e+11 2.595098544380431971e+00 -9.536244906099067276e-01 -2.212663680638319974e+00 2.411651818942761039e-01 5.989892939531215872e-14 1.195140765294530963e-02 2.751913310196682852e-02 1.248991662043211735e-02 1.634405521379541206e+10 5.900805478620458984e+10 4.310028615946291275e+00
2.238721138568438416e+11 2.556022944914709605e+00 -9.384525133586856249e-01 -2.205892214620130964e+00 2.406484771435161429e-01 4.788579909124319646e-14 1.072029506628074599e-02 2.468439161211566368e-02 1.118482850258005999e-02 1.606863181751112747e+10 5.928347818248887634e+10 4.471537633122048661e+00
2.511886431509695129e+11 2.517205308180582080e+00 -9.231492814323549734e-01 -2.199051416742817011e+00 2.401094535434550314e-01 3.827877794119539992e-14 9.615194292526134043e-03 2.213980304421210923e-02 1.001422363617187131e-02 1.579144646711663246e+10 5.956066353288336945e+10 4.639390242386685514e+00
2.818382931264587402e+11 2.478647717337144840e+00 -9.077131361929884346e-01 -2.192064598518336904e+00 2.395466276342601286e-01 3.059925598385048224e-14 8.624042077427998207e-03 1.985759072883911194e-02 8.964288791845595114e-03 1.551249905304350471e+10 5.983961094695649719e+10 4.813874017069363020e+00
3.162277660168534546e+11 2.440352577523360100e+00 -8.921425278511214696e-01 -2.184970324783294338e+00 2.389584027509777109e-01 2.445906751649186744e-14 7.734636279595611015e-03 1.780965819712778189e-02 8.022607568696426064e-03 1.523178560549797440e+10 6.012032439450202942e+10 4.995298943699013172e+00
3.548133892335934448e+11 2.402321490043590302e+00 -8.764355573509516883e-01 -2.177808719088067058e+00 2.383430422713226637e-01 1.954877341730937779e-14 6.936166551555117236e-03 1.597111370413473175e-02 7.178088271164866606e-03 1.494931877028796005e+10 6.040279122971203613e+10 5.183984986678796147e+00
3.981071705535180664e+11 2.364555663898763260e+00 -8.605901243340062789e-01 -2.170594329757697949e+00 2.376986633182520403e-01 1.562204581392240877e-14 6.219248457238081736e-03 1.432034878726262499e-02 6.420801708879935940e-03 1.466512380728206635e+10 6.068698619271793365e+10 5.380263930951358020e+00
4.466835921509872437e+11 2.327056846454340633e+00 -8.446043130954012934e-01 -2.163238674851545085e+00 2.370232410621407326e-01 1.248350958063554427e-14 5.576178902129549225e-03 1.283962641591140409e-02 5.741802328800588162e-03 1.437921670762275124e+10 6.097289329237725067e+10 5.584495186862706184e+00
5.011872336273001709e+11 2.289827579336000341e+00 -8.284765218651227725e-01 -2.155743601142432020e+00 2.363146045992492728e-01 9.974912413415559232e-15 4.999298758154360582e-03 1.151131079594987575e-02 5.133028898504058898e-03 1.409160239605819702e+10 6.126050760394180298e+10 5.797072923632225816e+00
5.623413251903812256e+11 2.252869690431455130e+00 -8.122048215312752673e-01 -2.148169567832409310e+00 2.355703979649209356e-01 7.969260706441499257e-15 4.481444626447946694e-03 1.031890759193731209e-02 4.587273438806881674e-03 1.380230064148286629e+10 6.154980935851713562e+10 6.018410278764897647e+00
6.309573444802304688e+11 2.216184482960975810e+00 -7.957870158535657046e-01 -2.140545856440082328e+00 2.347880676295487634e-01 6.365652087149776945e-15 4.016454936793059823e-03 9.248229264142041745e-03 4.098095017404899953e-03 1.351135098279750443e+10 6.184075901720249939e+10 6.248934782248147357e+00
7.079457843841807861e+11 2.179773378274281637e+00 -7.792209164772561092e-01 -2.132800666107843135e+00 2.339648604913556473e-01 5.084095948827295806e-15 3.599264294376975943e-03 8.287612309978157482e-03 3.659698978051897141e-03 1.321879052341983414e+10 6.213331947658016968e+10 6.489106148942695995e+00
7.943282347243309326e+11 2.143638865478167066e+00 -7.625047894119475478e-01 -2.124885408527031228e+00 2.330978335730501672e-01 4.060199093523354299e-15 3.225130778587734746e-03 7.426138053732399269e-03 3.266855218959135044e-03 1.292464124020733833e+10 6.242746875979266357e+10 6.739433164623116035e+00
8.912509381338023682e+11 2.107783061512399136e+00 -7.456367133872975339e-01 -2.116876485201855118e+00 2.321838093591494234e-01 3.241884578767881404e-15 2.889332672148380889e-03 6.652934339589514599e-03 2.914878409126088563e-03 1.262893561264378548e+10 6.272317438735621643e+10 7.000459040094595409e+00
1.000000000000065430e+12 2.072207382529367425e+00 -7.286144074820816163e-01 -2.108806190309739037e+00 2.312193491561966852e-01 2.587858362719014715e-15 2.587858362719183854e-03 5.958764088777171453e-03 2.599585948416922865e-03 1.233173066113680458e+10 6.302037933886319733e+10 7.272749119108611993e+00
1.122018454302038818e+12 2.036913037514342495e+00 -7.114354448823773103e-01 -2.100643271054760675e+00 2.302007463816009014e-01 2.065298755218003763e-15 2.317303317001629531e-03 5.335788073673608176e-03 2.317222144355654458e-03 1.203309024174470329e+10 6.331901975825529480e+10 7.556907563737097711e+00
1.258925411794253662e+12 2.001902267257182899e+00 -6.940978621475586419e-01 -2.092293200259695674e+00 2.291240476560140737e-01 1.648012225649606174e-15 2.074724469817895104e-03 4.777229636272660451e-03 2.064396701606998653e-03 1.173306452989503479e+10 6.361904547010496521e+10 7.853603071416430659e+00
1.412537544622853760e+12 1.967177473257585740e+00 -6.765997606838789480e-01 -2.083820321445344792e+00 2.279850176276255191e-01 1.314713522054663343e-15 1.857082210325558319e-03 4.276089813960063692e-03 1.838063715351181309e-03 1.143170670005808067e+10 6.392040329994191742e+10 8.163564204299635918e+00
1.584893192461227539e+12 1.932740192571148041e+00 -6.589387848664952640e-01 -2.075271323865898410e+00 2.267790889398419718e-01 1.048483255727703907e-15 1.661733974412422368e-03 3.826283878003793135e-03 1.635504373052085831e-03 1.112909698313132477e+10 6.422301301686867523e+10 8.487558163630861685e+00
1.778279410039053711e+12 1.898591571081269969e+00 -6.411123329114473135e-01 -2.066657218336124480e+00 2.255013558998724410e-01 8.358618389950023514e-16 1.486395897922191192e-03 3.422553036843137102e-03 1.454283450180913389e-03 1.082533431148489761e+10 6.452677568851510620e+10 8.826400830783370566e+00
1.995262314969029785e+12 1.864733466362321623e+00 -6.231181294040266661e-01 -2.057856871990215719e+00 2.241466002557878645e-01 6.661824820875452162e-16 1.329208801401809623e-03 3.060616371584290191e-03 1.292204214970228389e-03 1.052050960893529510e+10 6.483160039106470490e+10 9.180992139552234477e+00
2.238721138568511719e+12 1.831168445188611438e+00 -6.049542577409380284e-01 -2.048891927815502889e+00 2.227092872456699624e-01 5.307773271338898576e-16 1.188262422127533274e-03 2.736075339755856400e-03 1.147286922186725386e-03 1.021470855376962471e+10 6.513740144623037720e+10 9.552330033819972144e+00
2.511886431509777344e+12 1.797898222350849728e+00 -5.866183284132363562e-01 -2.039837226284765492e+00 2.211834917477369378e-01 4.227092401651811711e-16 1.061797604844726345e-03 2.444879336692249230e-03 1.017763055275523396e-03 9.908044330461042404e+09 6.544406566953895569e+10 9.941481439003492682e+00
2.818382931264679688e+12 1.764923983307322919e+00 -5.681076205100739074e-01 -2.030730595398965388e+00 2.195628934373179686e-01 3.364709831258112874e-16 9.483040757076326198e-04 2.183550828349891965e-03 9.020523011494703536e-04 9.600660790043891907e+09 6.575144920995610809e+10 1.034958082283672809e+01
3.162277660168638184e+12 1.732247163888689379e+00 -5.494195042826737208e-01 -2.021460078550125772e+00 2.178408039284697173e-01 2.677083681759762050e-16 8.465681921230903484e-04 1.949295299385547364e-03 7.987311479560847824e-04 9.292703405981672287e+09 6.605940659401832581e+10 1.077787460211272652e+01
3.548133892336050781e+12 1.699870298547212943e+00 -5.305519531793332355e-01 -2.011980445376550186e+00 2.160102181819963107e-01 2.129040893321739954e-16 7.554122151764287689e-04 1.739400905730855438e-03 7.065137428281751406e-04 8.984307398874114990e+09 6.636780260112588501e+10 1.122776020445756906e+01
3.981071705535311035e+12 1.667795348679316447e+00 -5.115026037708980677e-01 -2.002395340471074370e+00 2.140637352807593652e-01 1.692176797090544559e-16 6.736677167660533837e-04 1.551177242256849501e-03 6.242492891284828803e-04 8.675633020489048004e+09 6.667647697951095581e+10 1.170075756892894958e+01
4.466835921510018555e+12 1.636023568216223190e+00 -4.922686440769263316e-01 -1.992749667171835659e+00 2.119935478731059530e-01 1.344015354340219215e-16 6.003496063827906811e-04 1.382356054241856832e-03 5.509109567160154876e-04 8.366880382768464088e+09 6.698522961723153687e+10 1.219849343251385854e+01
5.011872336273166016e+12 1.604556055101630463e+00 -4.728471171380317362e-01 -1.982980207159383390e+00 2.097914818564066974e-01 1.066746982793824536e-16 5.346399692867236401e-04 1.231054023398404397e-03 4.855757047750092117e-04 8.058264300675149918e+09 6.729384569932485199e+10 1.272275068822550104e+01
5.623413251903997070e+12 1.573395079211904246e+00 -4.532357554210827422e-01 -1.972970433196489015e+00 2.074491191234853482e-01 8.461331476803653847e-17 4.758156355541008674e-04 1.095605989440360303e-03 4.274092044540403544e-04 7.749991029569837570e+09 6.760211897043016052e+10 1.327553533845646427e+01
6.309573444802510742e+12 1.542542873586103536e+00 -4.334322712805706024e-01 -1.962824348795574769e+00 2.049577632696056029e-01 6.705958371008366292e-17 4.231173685966549153e-04 9.742637455175246191e-04 3.756624610800934536e-04 7.442285182148950577e+09 6.790982481785105133e+10 1.385906931545640042e+01
7.079457843842039062e+12 1.512000749887548512e+00 -4.134337737145917235e-01 -1.952598848538808385e+00 2.023084086281273231e-01 5.309714236417688067e-17 3.758989809956694611e-04 8.655393901122806089e-04 3.296673826893485398e-04 7.135416725113056183e+09 6.821669327488694763e+10 1.447575886054925398e+01
7.943282347243568359e+12 1.481769622651113005e+00 -3.932370644873517951e-01 -1.942294091980417914e+00 1.994918239411661298e-01 4.199854053512286685e-17 3.336062656426349140e-04 7.681568141981429164e-04 2.888249775815881332e-04 6.829685822947566986e+09 6.852242417705242920e+10 1.512824040169477513e+01
8.912509381338316406e+12 1.451851311330763394e+00 -3.728395084943300075e-01 -1.931743109399048919e+00 1.964987488116532455e-01 3.318789135656804597e-17 2.957873930622495159e-04 6.810756419607062262e-04 2.525941661776170510e-04 6.525391335184799194e+09 6.882671866481520081e+10 1.581948088258177698e+01
1.000000000000098242e+13 1.422248221498795262e+00 -3.522388741636017784e-01 -1.921001459352838392e+00 1.933199842431172211e-01 2.619640981350405144e-17 2.619640981350662636e-04 6.031946272654328855e-04 2.204874094469636979e-04 6.222840352159031868e+09 6.912926964784097290e+10 1.655282289426109443e+01
1.122018454302075391e+13 1.392961762419069105e+00 -3.314322446140738898e-01 -1.910164244027256819e+00 1.899463437298942736e-01 2.065076564518838764e-17 2.317054014936867584e-04 5.335214034455634325e-04 1.920695086791889201e-04 5.922386480234893799e+09 6.942972351976510620e+10 1.733194058281524619e+01
1.258925411794294922e+13 1.363992791914735658e+00 -3.104162748873187105e-01 -1.899279923609984211e+00 1.863688091792427559e-01 1.625527366858347654e-17 2.046417709705041345e-04 4.712050912405845175e-04 1.669513463120353175e-04 5.624428249244723320e+09 6.972768175075527954e+10 1.816087174889289457e+01
1.412537544622899805e+13 1.335342583912519476e+00 -2.891878760945965077e-01 -1.888173228701517825e+00 1.825787998174024096e-01 1.277708083716153352e-17 1.804810639317245744e-04 4.155730073768943702e-04 1.447818938465984307e-04 5.329372114499391556e+09 7.002273788550061035e+10 1.904416412399515224e+01
1.584893192461279492e+13 1.307013513186904063e+00 -2.677447736757861962e-01 -1.876812091197138654e+00 1.785684774593259139e-01 1.002770115780019070e-17 1.589283530103361255e-04 3.659460564956953520e-04 1.252439172497837839e-04 5.037622642199444771e+09 7.031448735780055237e+10 1.998700797756868397e+01
1.778279410039111719e+13 1.279007158737096805e+00 -2.460841197171612094e-01 -1.865338096154870229e+00 1.743307203691960294e-01 7.855694140564582822e-18 1.396961914173089228e-04 3.216623679055382939e-04 1.080537066397530092e-04 4.749624897304715157e+09 7.060248510269528198e+10 2.099520455062567237e+01
1.995262314969094922e+13 1.251324369009670923e+00 -2.242024856530226151e-01 -1.853819009838097998e+00 1.698593422848555523e-01 6.141674657340335510e-18 1.225425199459190088e-04 2.821645796853986454e-04 9.295803294997964530e-05 4.465875417730662346e+09 7.088623458226933289e+10 2.207518532622425411e+01
2.238721138568585156e+13 1.223965911849845822e+00 -2.020963339064440478e-01 -1.842133765290813630e+00 1.651494436100629792e-01 4.791590241397054027e-18 1.072703436077453463e-04 2.469990941115435615e-04 7.972894110505614163e-05 4.186886806315619946e+09 7.116522319368438721e+10 2.323421486340613740e+01
2.511886431509859375e+13 1.196933864933999558e+00 -1.797631743677563232e-01 -1.830139079012676806e+00 1.601979707561878297e-01 3.730228292214782079e-18 9.369909833648505800e-05 2.157501470565736912e-04 6.816021007585326317e-05 3.913161316270004272e+09 7.143894868372999573e+10 2.448065460735320187e+01
2.818382931264771875e+13 1.170230027970251108e+00 -1.572003345881931025e-01 -1.818001864463417938e+00 1.550038018956112484e-01 2.896698600837809716e-18 8.164005893619829938e-05 1.879831826976455515e-04 5.806687683199782682e-05 3.645224201153121471e+09 7.170688579884687805e+10 2.582401968287032545e+01
3.162277660168741406e+13 1.143855219456909156e+00 -1.344043285298811286e-01 -1.805796945060493597e+00 1.495679372673082430e-01 2.243163086274871152e-18 7.093504515842192137e-05 1.633339775526417969e-04 4.928394782574067970e-05 3.383645205692849159e+09 7.196846479430714417e+10 2.727500487940693930e+01
3.548133892336166406e+13 1.117809850230660595e+00 -1.113712799730348368e-01 -1.793498771606791165e+00 1.438939414208858236e-01 1.731866631117343537e-18 6.144894690873504159e-05 1.414914291322358678e-04 4.166331265861877332e-05 3.129010724807753086e+09 7.222309927519224548e+10 2.884576541835176400e+01
3.981071705535441406e+13 1.092095454133729326e+00 -8.809828571286354437e-02 -1.780871468003964342e+00 1.379886603067553286e-01 1.333021214706651972e-18 5.306853040747136968e-05 1.221948070233448279e-04 3.507115675472928371e-05 2.881886518811962128e+09 7.247022348118803406e+10 3.055038140219133425e+01
4.466835921510164844e+13 1.066713983520499065e+00 -6.458287970418326307e-02 -1.768032062653559056e+00 1.318624940054001493e-01 1.022503629605089080e-18 4.567355942594536136e-05 1.051672570781594782e-04 2.938710515219170079e-05 2.642828726190108299e+09 7.270928127380989075e+10 3.240517697995243651e+01
5.011872336273329688e+13 1.041666239140431216e+00 -4.082158409498492374e-02 -1.755105281829405950e+00 1.255293808708947134e-01 7.813078335296179794e-19 3.915815116980740532e-05 9.016497515280588867e-05 2.450379934641758796e-05 2.412413669601974964e+09 7.293969633039802551e+10 3.442882417843882337e+01
5.623413251904180469e+13 1.016952428133554465e+00 -1.681033930918902908e-02 -1.742152188283396130e+00 1.190072176031396756e-01 5.944913878144478543e-19 3.343070748378673446e-05 7.697704870041181824e-05 2.032524875008716460e-05 2.191221394496103764e+09 7.316088860550389099e+10 3.664274864732963977e+01
6.309573444802717188e+13 9.925733832358312192e-01 7.454331384954157765e-03 -1.728892908765664371e+00 1.123184555484966762e-01 4.503782738265566548e-19 2.841694796652128390e-05 6.543244077609936904e-05 1.676501151317439915e-05 1.979790257870136738e+09 7.337231974212986755e+10 3.907197652454308212e+01
7.079457843842270312e+13 9.685310071482188254e-01 3.197478100666869411e-02 -1.715328633315662765e+00 1.054904752037488375e-01 3.395857523308250642e-19 2.404083017995537922e-05 5.535605719556662519e-05 1.374529906388276166e-05 1.778604841853427887e+09 7.357350515814657593e+10 4.174603845643365929e+01
7.943282347243828125e+13 9.448261561953796850e-01 5.675433010943387035e-02 -1.701658795623586906e+00 9.855511486237156227e-02 2.546901657709547821e-19 2.023075897785029241e-05 4.658304404235354276e-05 1.119682153293476848e-05 1.588126555668467760e+09 7.376398344433152771e+10 4.469940559502469313e+01
8.912509381338607812e+13 9.214589096266780910e-01 8.179709361341409857e-02 -1.687989943553975358e+00 9.154868801126389566e-02 1.899037130055980993e-19 1.692518623713427686e-05 3.897168152577337383e-05 9.057953393731605387e-06 1.408787118511592388e+09 7.394332288148840332e+10 4.797223723892689407e+01
1.000000000000130938e+14 8.984293790400420532e-01 1.071071745787374047e-01 -1.674094231055354154e+00 8.451203833226246520e-02 1.407263437251147175e-19 1.407263437251331416e-05 3.240343812530477492e-05 7.273575402454659800e-06 1.240944653897071600e+09 7.411116534610293579e+10 5.161199955754373292e+01
1.122018454302112188e+14 8.757391224040043110e-01 1.326870378734829048e-01 -1.659798262454547757e+00 7.749063322392102382e-02 1.036009061365954547e-19 1.162421285676810437e-05 2.676573924178396940e-05 5.794345968277447799e-06 1.084856925153000116e+09 7.426725307484700012e+10 5.567563673070390706e+01
1.258925411794336094e+14 8.533891267609381437e-01 1.585396493910342930e-01 -1.645370286367844326e+00 7.053338633459989293e-02 7.571109023662654616e-20 9.531461545354321378e-06 2.194700126877885277e-05 4.576527455513381903e-06 9.407036976973304749e+08 7.441140630230267334e+10 6.023117135910055708e+01
1.412537544622946250e+14 8.313793310118825497e-01 1.846691129346392513e-01 -1.630922551206853921e+00 6.369169841395996845e-02 5.488517008639114527e-20 7.752736339004372501e-06 1.785133512410470134e-05 3.581569045691297455e-06 8.085904009613499641e+08 7.454351959903865051e+10 6.535952550978031184e+01
1.584893192461331250e+14 8.097092606894933375e-01 2.110800331694858978e-01 -1.616369095321699367e+00 5.701862944961902380e-02 3.944402226959422475e-20 6.251456237837303667e-06 1.439450994274881594e-05 2.775422919019962827e-06 6.885167962075411081e+08 7.466359320379246521e+10 7.115797981370424452e+01
1.778279410039170000e+14 7.883798215779621588e-01 2.377752981737228655e-01 -1.601365176112144129e+00 5.056819678242450988e-02 2.808833344686492947e-20 4.994890503087445338e-06 1.150116041354668223e-05 2.128031160112578041e-06 5.803517022774236202e+08 7.477175829772257996e+10 7.774527528912352636e+01
1.995262314969160312e+14 7.673921150772811117e-01 2.647573760757580552e-01 -1.586144212245938157e+00 4.439351222560294213e-02 1.980016399906085110e-20 3.950652105753518328e-06 9.096712646313587694e-06 1.613084333616073410e-06 4.838451905567726493e+08 7.486826480944322205e+10 8.526699849826619015e+01
2.238721138568658125e+14 7.467459218106675678e-01 2.920302831520290576e-01 -1.570877599994942475e+00 3.854468426272054243e-02 1.380314615032846603e-20 3.090139506549293471e-06 7.115309163052380280e-06 1.207783788381926053e-06 3.986463881465992332e+08 7.495346361185339355e+10 9.390101096276291059e+01
2.511886431509941875e+14 7.264403663745715445e-01 3.195988827894584161e-01 -1.555635171569603958e+00 3.306730790661482899e-02 9.506483773831811292e-21 2.387920760285755421e-06 5.498390745884988857e-06 8.924412906584931379e-07 3.242950727953371406e+08 7.502781492720466614e+10 1.038660098936912703e+02
2.818382931264864375e+14 7.064754730530680149e-01 3.474667935917122863e-01 -1.539957622931715120e+00 2.800112770511005780e-02 6.463758932419531245e-21 1.821734784694200924e-06 4.194699358625584913e-06 6.501140380457298525e-07 2.602110673356715143e+08 7.509189893266432190e+10 1.154348169719860380e+02
3.162277660168845000e+14 6.868522699581062207e-01 3.756360463345230771e-01 -1.523921678387713641e+00 2.337829203424324556e-02 4.333774889848626232e-21 1.370459951836900672e-06 3.155600655644985792e-06 4.663565376889663154e-07 2.057081810059259534e+08 7.514640181899407959e+10 1.289517707554256845e+02
3.548133892336283125e+14 6.675704540271175658e-01 4.041103451733512597e-01 -1.507821944126108704e+00 1.922126649068602727e-02 2.861190776689599397e-21 1.015188796721234208e-06 2.337558589904876714e-06 3.290275565502203775e-07 1.600260402161171436e+08 7.519208395978388977e+10 1.448513595941288088e+02
3.981071705535571875e+14 6.486288744695150044e-01 4.328945679537927749e-01 -1.491831202919642774e+00 1.554188321071987670e-02 1.857367148852194121e-21 7.394311803086746780e-07 1.702603213073746839e-06 2.280235114757552492e-07 1.223456493774044514e+08 7.522976435062258911e+10 1.636842113327500954e+02
4.466835921510310625e+14 6.300265881062461215e-01 4.619932571438469249e-01 -1.475514748585351033e+00 1.234089508335675482e-02 1.184170001151751938e-21 5.289493098319551948e-07 1.217950795768548935e-06 1.550096612546981461e-07 9.179921977117240429e+07 7.526031078022882080e+10 1.861574455493702658e+02
5.011872336273493750e+14 6.117642426945781864e-01 4.914082950430383456e-01 -1.458672034742397816e+00 9.607992431513251441e-03 7.404093218435183468e-22 3.710836997666547445e-07 8.544517953357772849e-07 1.031995964770902103e-07 6.749224556893844903e+07 7.528461775443106079e+10 2.131935200363638785e+02
5.623413251904365000e+14 5.938415593308530305e-01 5.211427303328789451e-01 -1.441743193259520606e+00 7.321805368029974358e-03 4.531076349640499410e-22 2.548011478995883872e-07 5.867013248313633319e-07 6.717076847291185367e-08 4.853807726721568406e+07 7.530357192273278809e+10 2.460027116909628546e+02
6.309573444802923750e+14 5.762571293821160401e-01 5.512013127181092376e-01 -1.424922392729871312e+00 5.451109255312202792e-03 2.708513541913188944e-22 1.708956511894456702e-07 3.935017788863277726e-07 4.266569087996968458e-08 3.408284631843969226e+07 7.531802715368156433e+10 2.861807423062244879e+02
7.079457843842502500e+14 5.590091510458951030e-01 5.815894355748145728e-01 -1.407977629636269601e+00 3.956718048563170539e-03 1.578441306284066359e-22 1.117450868681773976e-07 2.573025712379900168e-07 2.639558212686181131e-08 2.332186861660093814e+07 7.532878813138339233e+10 3.358584287472117467e+02
7.943282347244088750e+14 5.420975241792858057e-01 6.123093598185338493e-01 -1.390383450988005309e+00 2.793844375468193184e-03 8.950943321319244651e-23 7.109987007541752364e-08 1.637135009494698483e-07 1.587018032217536101e-08 1.551690544587825984e+07 7.533659309455412292e+10 3.979294175317360214e+02
8.912509381338898750e+14 5.255220505673109388e-01 6.433631284278512608e-01 -1.372605152139057871e+00 1.914396244569885460e-03 4.925711118534853408e-23 4.390044655370720374e-08 1.010845138103480448e-07 9.250229953179940148e-09 1.001355734652763233e+07 7.534209644265347290e+10 4.763752141061195857e+02
