# [1] m:            [M_sun/h] 
# [2] sigma 
# [3] ln(1/sigma) 
# [4] n_eff 
# [5] f(sigma) 
# [6] dn/dm:        [h^4/(Mpc^3*M_sun)] 
# [7] dn/dlnm:      [h^3/Mpc^3] 
# [8] dn/dlog10m:   [h^3/Mpc^3] 
# [9] n(>m):        [h^3/Mpc^3] 
# [11] rho(>m):     [M_sun*h^2/Mpc^3] 
# [11] rho(<m):     [M_sun*h^2/Mpc^3] 
# [12] Lbox(N=1):   [Mpc/h]
1.000000000000000000e+10 3.624698540150209869e+00 -1.287771123510669247e+00 -2.361242218390441128e+00 2.636545909955344547e-01 2.115025994973392488e-11 2.115025994973392387e-01 4.870027327320632926e-01 2.332148257888836118e-01 3.127074454830605698e+10 4.408136545169393921e+10 1.624605608236348697e+00
1.122018454301965332e+10 3.580377983695048449e+00 -1.275468376876940813e+00 -2.356394020342361451e+00 2.643562012770434011e-01 1.697280964340427713e-11 1.904380564125395803e-01 4.384998298342728251e-01 2.100772617247252949e-01 3.102599263980245972e+10 4.432611736019754028e+10 1.682184591855688804e+00
1.258925411794171333e+10 3.536267803941750998e+00 -1.263071878316406105e+00 -2.351505963623462314e+00 2.650673891104163848e-01 1.362092038477129666e-11 1.714772280441382857e-01 3.948409090823733480e-01 1.892437432518092322e-01 3.077872260096695328e+10 4.457338739903305054e+10 1.741778090696441517e+00
1.412537544622761154e+10 3.492369596804146159e+00 -1.250580473385797031e+00 -2.346529688066314456e+00 2.657880677971400374e-01 1.093214816774450782e-11 1.544206973031804486e-01 3.555667956600491730e-01 1.704835506332487427e-01 3.052889092532926941e+10 4.482321907467073059e+10 1.803457197472981832e+00
1.584893192461123848e+10 3.448685488955725909e+00 -1.237993140743590903e+00 -2.341474016061691366e+00 2.665181174866391722e-01 8.774933228075007875e-12 1.390733193747699381e-01 3.202281520255452762e-01 1.535886769411089481e-01 3.027644620866159058e+10 4.507566379133840942e+10 1.867297863242667333e+00
1.778279410038937378e+10 3.405216985623066073e+00 -1.225308663157890221e+00 -2.336369787180621493e+00 2.672574018953567943e-01 7.043687168743376931e-12 1.252564386293180676e-01 2.884136083893913405e-01 1.383726329307355951e-01 3.002134435877319717e+10 4.533076564122680664e+10 1.933377225420798373e+00
1.995262314968899155e+10 3.361965183007699309e+00 -1.212525678897017123e+00 -2.331230172041795168e+00 2.680057630731003115e-01 5.654119353843102303e-12 1.128145127105944501e-01 2.597650152408020885e-01 1.246681673399808038e-01 2.976354952701540375e+10 4.558856047298459625e+10 2.001772912768743140e+00
2.238721138568365097e+10 3.318931425820976777e+00 -1.199642871427972546e+00 -2.326009928735548904e+00 2.687630076968211545e-01 4.539072911955874726e-12 1.016171847749867962e-01 2.339822148549061120e-01 1.123244865875881460e-01 2.950301945798989868e+10 4.584909054201010132e+10 2.072566715353370448e+00
2.511886431509613037e+10 3.276117887321427169e+00 -1.186659150484224101e+00 -2.320692310577221917e+00 2.695288933880550797e-01 3.644315987831594888e-12 9.154107881967735172e-02 2.107811234867820738e-01 1.012054031290459954e-01 2.923969966435251999e+10 4.611241033564747620e+10 2.145847067415555198e+00
2.818382931264495468e+10 3.233526328218306656e+00 -1.173573284199584066e+00 -2.315317312196524036e+00 2.703031471716313416e-01 2.926069360970492870e-12 8.246783942655246114e-02 1.898892177150063310e-01 9.118864459900133390e-02 2.897353997081653595e+10 4.637857002918346405e+10 2.221705106084926662e+00
3.162277660168431091e+10 3.191157971115480940e+00 -1.160383851277746459e+00 -2.309902960356768453e+00 2.710854650951856071e-01 2.349419474534082845e-12 7.429516718683784604e-02 1.710709444459131978e-01 8.216464054497837899e-02 2.870450138182544708e+10 4.664760861817455292e+10 2.300232207721195188e+00
3.548133892335818481e+10 3.149013977189027980e+00 -1.147089380720986096e+00 -2.304421799754767353e+00 2.718755004039934975e-01 1.886514743657816131e-12 6.693606900363516243e-02 1.541259946713911533e-01 7.403471706704579935e-02 2.843254300899825668e+10 4.691956699100173950e+10 2.381523436030688501e+00
3.981071705535050964e+10 3.107096409757892808e+00 -1.133688659783981922e+00 -2.298830311591653519e+00 2.726728412813815283e-01 1.514987970176688272e-12 6.031275742296393627e-02 1.388752561594827351e-01 6.670968579627398198e-02 2.815761000442851257e+10 4.719449999557148743e+10 2.465681830935889884e+00
4.466835921509725952e+10 3.065407311992781381e+00 -1.120180451910542718e+00 -2.293167586774802480e+00 2.734770233700792308e-01 1.216694285980170119e-12 5.434773742111851519e-02 1.251402900238221538e-01 6.010929714169138682e-02 2.787964663052801132e+10 4.747246336947198486e+10 2.552815629073966530e+00
5.011872336272837830e+10 3.023948050750572492e+00 -1.106563279185126980e+00 -2.287456520659270076e+00 2.742875382597561584e-01 9.771508503334891099e-13 4.897355315151893929e-02 1.127657734376390913e-01 5.416164555515488171e-02 2.759860942975874710e+10 4.775350057024125671e+10 2.643033796040317185e+00
5.623413251903628540e+10 2.982719728145442950e+00 -1.092835544747480681e+00 -2.281693329055031860e+00 2.751038213313625191e-01 7.847849940427165897e-13 4.413170335394922539e-02 1.016170022712388210e-01 4.880207616243295576e-02 2.731445891536841965e+10 4.803765108463157654e+10 2.736448214882227337e+00
6.309573444802097321e+10 2.941724170544075090e+00 -1.078995862020498686e+00 -2.275816282555898518e+00 2.759252269124913282e-01 6.303537368841949035e-13 3.977263199076284256e-02 9.157986953106862782e-02 4.397215436737528932e-02 2.702714283785280228e+10 4.832496716214720154e+10 2.833179465037271694e+00
7.079457843841575623e+10 2.900963646358208248e+00 -1.065042973643377522e+00 -2.269846482924974485e+00 2.767510275811664311e-01 5.063462420152397989e-13 3.584656874734494514e-02 8.253977483262271708e-02 3.961916325828302582e-02 2.673660114554295349e+10 4.861550885445704651e+10 2.933356857452412925e+00
7.943282347243049622e+10 2.860439707538892318e+00 -1.050975356909097380e+00 -2.263819168787725378e+00 2.775804315724622051e-01 4.067405946077203904e-13 3.230855385054647033e-02 7.439319447246368899e-02 3.569583902565588024e-02 2.644278539434898758e+10 4.890932460565101624e+10 3.037111958742118922e+00
8.912509381337731934e+10 2.820153512894254977e+00 -1.036791320664915972e+00 -2.257748934562117782e+00 2.784125703821004882e-01 3.267261061886708343e-13 2.911949486534476730e-02 6.705011479245952255e-02 3.215975629403281660e-02 2.614565766297006226e+10 4.920645233702993774e+10 3.144578327973477805e+00
1.000000000000032654e+11 2.780106599327604400e+00 -1.022489272049263764e+00 -2.251571783921746839e+00 2.792464760236870180e-01 2.624714200556861212e-13 2.624714200556946958e-02 6.043627791572210584e-02 2.897259647632828908e-02 2.584517077390386200e+10 4.950693922609613800e+10 3.255898523362660502e+00
1.122018454302001953e+11 2.740301329604524216e+00 -1.008067888661468459e+00 -2.245277647506623175e+00 2.800810638269313757e-01 2.108701599414340431e-13 2.366002109159037400e-02 5.447921186542070693e-02 2.609970923179973090e-02 2.554126337639247513e+10 4.981084662360752869e+10 3.371227883373726808e+00
1.258925411794212494e+11 2.700739505561523757e+00 -9.935256264577172480e-01 -2.238916054641925779e+00 2.809151533287593816e-01 1.694150136820469495e-13 2.132808658637930926e-02 4.910973423588326642e-02 2.350998557926714180e-02 2.523388294268036652e+10 5.011822705731963348e+10 3.490726950999472056e+00
1.412537544622807312e+11 2.661422406135197427e+00 -9.788607190201480401e-01 -2.232509641017609514e+00 2.817474593616818290e-01 1.361059479585780474e-13 1.922547615379694222e-02 4.426829479744534557e-02 2.117553485343393743e-02 2.492299264059577942e+10 5.042911735940422058e+10 3.614558048934411794e+00
1.584893192461175842e+11 2.622351324075172574e+00 -9.640713672408843804e-01 -2.226013176835671903e+00 2.825765716983518749e-01 1.093487659963667627e-13 1.733061148316717912e-02 3.990520765361217637e-02 1.907119729215750806e-02 2.460855233961632538e+10 5.074355766038367462e+10 3.742892440834403534e+00
1.778279410038995667e+11 2.583528540797547901e+00 -9.491561160220131077e-01 -2.219379298806380962e+00 2.834009244888070489e-01 8.785884591887027244e-14 1.562375766873156518e-02 3.597503150457270760e-02 1.717419131320289255e-02 2.429050446523121262e+10 5.106160553476878357e+10 3.875917887820908181e+00
1.995262314968964539e+11 2.544956152635489577e+00 -9.341134210271485605e-01 -2.212663680638319974e+00 2.842188108180062067e-01 7.059229009878644784e-14 1.408501361614653696e-02 3.243194238715717964e-02 1.546401696590965318e-02 2.396879473961515045e+10 5.138331526038484955e+10 4.013832337157970720e+00
2.238721138568438416e+11 2.506635570361820164e+00 -9.189414437759274579e-01 -2.205892214620130964e+00 2.850283823704850561e-01 5.671680126758216057e-14 1.269731019097213899e-02 2.923663716685382871e-02 1.392230247705938430e-02 2.364338746438407516e+10 5.170872253561592102e+10 4.156836839716055998e+00
2.511886431509695129e+11 2.468567966474017883e+00 -9.036382118495969173e-01 -2.199051416742817011e+00 2.858276279894199079e-01 4.556727000873992979e-14 1.144598072558924984e-02 2.635534459343898128e-02 1.253250293305207055e-02 2.331425168906379318e+10 5.203785831093620300e+10 4.305141150566901054e+00
2.818382931264587402e+11 2.430755383880459419e+00 -8.882020666102302675e-01 -2.192064598518336904e+00 2.866143378136630226e-01 3.661160074769406986e-14 1.031855106335747771e-02 2.375934185978478830e-02 1.127963577172148152e-02 2.298134029896949768e+10 5.237076970103050232e+10 4.458974355232951936e+00
3.162277660168534546e+11 2.393200181248107850e+00 -8.726314582683631915e-01 -2.184970324783294338e+00 2.873861022279310951e-01 2.941598201516116825e-14 9.302150277846355647e-03 2.141899256255944128e-02 1.015017741116288133e-02 2.264460098587051010e+10 5.270750901412948608e+10 4.618583385558300058e+00
3.548133892335934448e+11 2.355903928940985548e+00 -8.569244877681936323e-01 -2.177808719088067058e+00 2.881403207277390965e-01 2.363312051662587392e-14 8.385347588669999491e-03 1.930797635724510949e-02 9.132003188167770943e-03 2.230400076839686203e+10 5.304810923160313416e+10 4.784221905005119346e+00
3.981071705535180664e+11 2.318867812599751943e+00 -8.410790547512482229e-01 -2.170594329757697949e+00 2.888741779190633907e-01 1.898540605534931797e-14 7.558226286504745629e-03 1.740345917678157162e-02 8.214217299817107992e-03 2.195952150786515427e+10 5.339258849213484192e+10 4.956151850343645471e+00
4.466835921509872437e+11 2.282093545827342140e+00 -8.250932435126431264e-01 -2.163238674851545085e+00 2.895846093393675269e-01 1.525180496601528345e-14 6.812731029005972792e-03 1.568689290996714072e-02 7.386958497648394607e-03 2.161113351872955322e+10 5.374097648127044678e+10 5.134657110878666053e+00
5.011872336273001709e+11 2.245583621140243125e+00 -8.089654522823647165e-01 -2.155743601142432020e+00 2.902682815533332850e-01 1.225231377382396834e-14 6.140703245836501289e-03 1.413949175436327900e-02 6.641298881040137020e-03 2.125879325793012238e+10 5.409331674206987762e+10 5.320049316537610373e+00
5.623413251903812256e+11 2.209339831107792751e+00 -7.926937519485171002e-01 -2.148169567832409310e+00 2.909216038671046389e-01 9.841771828641629094e-15 5.534435012339695113e-03 1.274350755755770080e-02 5.969223898242115300e-03 2.090247491581122589e+10 5.444963508418877411e+10 5.512653686974605449e+00
6.309573444802304688e+11 2.173363453769491915e+00 -7.762759462708075375e-01 -2.140545856440082328e+00 2.915407049839960907e-01 7.904348444566901389e-15 4.987306704430372051e-03 1.148369807181063608e-02 5.363543757507909827e-03 2.054217680161890030e+10 5.480993319838110352e+10 5.712804874572309011e+00
7.079457843841807861e+11 2.137655883011796654e+00 -7.597098468944981642e-01 -2.132800666107843135e+00 2.921214017841289312e-01 6.347847417160808809e-15 4.493931818893005109e-03 1.034766041511465257e-02 4.817759795334780257e-03 2.017789414638585663e+10 5.517421585361414337e+10 5.920862182558944475e+00
7.943282347243309326e+11 2.102219559847076980e+00 -7.429937198291893807e-01 -2.124885408527031228e+00 2.926591662815745676e-01 5.097664201479437749e-15 4.049218606378577820e-03 9.323670401321438803e-03 4.325976524923880011e-03 1.980960321588204193e+10 5.554250678411795807e+10 6.137223611301856785e+00
8.912509381338023682e+11 2.067056560311674840e+00 -7.261256438045394779e-01 -2.116876485201855118e+00 2.931491305610914311e-01 4.093117639288851527e-15 3.647994935908203257e-03 8.399818758739999516e-03 3.882889295922345701e-03 1.943729319088418961e+10 5.591481680911581421e+10 6.362312506131614143e+00
1.000000000000065430e+12 2.032168273195137598e+00 -7.091033378993235603e-01 -2.108806190309739037e+00 2.935860683098601154e-01 3.285880549470034920e-15 3.285880549470249819e-03 7.566019570569282142e-03 3.483743337689615503e-03 1.906098404289792252e+10 5.629112595710208130e+10 6.596566571204861340e+00
1.122018454302038818e+12 1.997555884122771186e+00 -6.919243752996191432e-01 -2.100643271054760675e+00 2.939643636966111639e-01 2.637368661762031216e-15 2.959176309294870959e-03 6.813755257323508320e-03 3.124248966992297476e-03 1.868070457508831787e+10 5.667140542491168213e+10 6.840451820490065060e+00
1.258925411794253662e+12 1.963221590587980181e+00 -6.745867925648004748e-01 -2.092293200259695674e+00 2.942779774910697088e-01 2.116642533187164856e-15 2.664695072713883870e-03 6.135687151805673846e-03 2.800512906764069439e-03 1.829646628468726349e+10 5.705564371531273651e+10 7.094483894778946365e+00
1.412537544622853760e+12 1.929167747688779855e+00 -6.570886911011207809e-01 -2.083820321445344792e+00 2.945204402991051240e-01 1.698401102896892632e-15 2.399055323670723668e-03 5.524029025552213736e-03 2.509020002330123334e-03 1.790828451292710114e+10 5.744382548707289886e+10 7.359222926041534052e+00
1.584893192461227539e+12 1.895395862781839247e+00 -6.394277152837368750e-01 -2.075271323865898410e+00 2.946848378638614596e-01 1.362436544134161987e-15 2.159316403958634004e-03 4.972009762812659717e-03 2.246619032621002734e-03 1.751620944237431717e+10 5.783590055762568665e+10 7.635254578142038895e+00
1.778279410039053711e+12 1.861907059609845039e+00 -6.216012633286892575e-01 -2.066657218336124480e+00 2.947637801824289916e-01 1.092595627149145083e-15 1.942940307258031506e-03 4.473785388069614725e-03 2.010474153848946979e-03 1.712031582071256065e+10 5.823179417928743744e+10 7.923197869740208787e+00
1.995262314969029785e+12 1.828703159855187943e+00 -6.036070598212684990e-01 -2.057856871990215719e+00 2.947493773590365573e-01 8.760198529833878422e-16 1.747889399822463632e-03 4.024664076233514139e-03 1.798012917241369538e-03 1.672066829565615845e+10 5.863144170434384155e+10 8.223734184309249073e+00
2.238721138568511719e+12 1.795786680697064819e+00 -5.854431881581797503e-01 -2.048891927815502889e+00 2.946332302525397906e-01 7.021918141463025636e-16 1.572011657659099166e-03 3.619690608938701173e-03 1.606904050112065033e-03 1.631732483458047676e+10 5.903478516541952515e+10 8.537617325346408492e+00
2.511886431509777344e+12 1.763159303793067290e+00 -5.671072588304781892e-01 -2.039837226284765492e+00 2.944064126179171126e-01 5.626473747842434472e-16 1.413306306445137519e-03 3.254258033055048606e-03 1.435055334062222080e-03 1.591037972260118675e+10 5.944173027739881134e+10 8.865647321149989324e+00
2.818382931264679688e+12 1.730822191696103518e+00 -5.485965509273157403e-01 -2.030730595398965388e+00 2.940594465418189807e-01 4.506338458488406483e-16 1.270058739390531348e-03 2.924418320547447336e-03 1.280588425222160256e-03 1.549996829069190598e+10 5.985214170930809021e+10 9.208667865788033424e+00
3.162277660168638184e+12 1.698776752493769138e+00 -5.299084346999156647e-01 -2.021460078550125772e+00 2.935822922559237491e-01 3.607884058810359322e-16 1.140913115965455247e-03 2.627049533223444356e-03 1.141801728877888614e-03 1.508622852245246887e+10 6.026588147754753113e+10 9.567602007038919609e+00
3.548133892336050781e+12 1.667025471667740399e+00 -5.110408835965750685e-01 -2.011980445376550186e+00 2.929643617974465042e-01 2.887516673063824762e-16 1.024529577238319144e-03 2.359066531880445444e-03 1.017148827250291977e-03 1.466928492327473068e+10 6.068282507672526550e+10 9.943482164827017300e+00
3.981071705535311035e+12 1.635570272716416307e+00 -4.919915341881398452e-01 -2.002395340471074370e+00 2.921944977755263628e-01 2.309801558516074735e-16 9.195485630009708885e-04 2.117338813450131765e-03 9.052386936170280125e-04 1.424929588434226418e+10 6.110281411565773773e+10 1.033742322070138187e+01
4.466835921510018555e+12 1.604412385342610436e+00 -4.727575744941681091e-01 -1.992749667171835659e+00 2.912609586926943606e-01 1.846561862520227609e-16 8.248288858795797601e-04 1.899238696897207401e-03 8.048242558583449183e-04 1.382647425244025803e+10 6.152563574755973816e+10 1.075060687743019194e+01
5.011872336273166016e+12 1.573552886275594975e+00 -4.533360475552735136e-01 -1.982980207159383390e+00 2.901514286111850360e-01 1.475360955008417887e-16 7.394320756424248775e-04 1.702605274655893345e-03 7.147781565695177737e-04 1.340105355467868614e+10 6.195105644532131195e+10 1.118431978298693963e+01
5.623413251903997070e+12 1.542994001533274817e+00 -4.337246858383246306e-01 -1.972970433196489015e+00 2.888530864799004338e-01 1.178159600354540440e-16 6.625278309491639634e-04 1.525526707237224219e-03 6.340748570221901815e-04 1.297325587024739075e+10 6.237885412975260925e+10 1.164000470478841009e+01
6.309573444802510742e+12 1.512737921008015629e+00 -4.139212016978124353e-01 -1.962824348795574769e+00 2.873526086246472322e-01 9.401813332158405199e-17 5.932143173357687762e-04 1.365926444047980623e-03 5.617885282400603315e-04 1.254332886223414421e+10 6.280878113776585388e+10 1.211924907303350096e+01
7.079457843842039062e+12 1.482785931019231285e+00 -3.939227041318334455e-01 -1.952598848538808385e+00 2.856361553625580973e-01 7.496704515885985058e-17 5.307260358795507687e-04 1.222041858680076795e-03 4.970893206718592213e-04 1.211158368621278000e+10 6.324052631378721619e+10 1.262375398606629773e+01
7.943282347243568359e+12 1.453138928431188637e+00 -3.737259949045937391e-01 -1.942294091980417914e+00 2.836894224119785868e-01 5.972446123941850091e-17 4.744082586617057173e-04 1.092365384387707083e-03 4.392291395951648737e-04 1.167837467380071259e+10 6.367373532619928741e+10 1.315536650125456219e+01
8.912509381338316406e+12 1.423798697542435709e+00 -3.533284389115717294e-01 -1.931743109399048919e+00 2.814977880083945894e-01 4.754390581128617234e-17 4.237355065685533342e-04 9.756870607970315103e-04 3.875278284655466312e-04 1.124405500487194633e+10 6.410805499512805176e+10 1.371615450042015816e+01
1.000000000000098242e+13 1.394767597444895868e+00 -3.327278045808436113e-01 -1.921001459352838392e+00 2.790464079793884000e-01 3.781302843073537142e-17 3.781302843073908486e-04 8.706771558557985756e-04 3.413687230492260579e-04 1.080899021384287834e+10 6.454311978615711975e+10 1.430843354568741965e+01
1.122018454302075391e+13 1.366047010172688481e+00 -3.119211750313156117e-01 -1.910164244027256819e+00 2.763201952539388606e-01 3.004123945305364109e-17 3.370682505643377166e-04 7.761283290710259148e-04 3.001985859260556137e-04 1.037361334784782791e+10 6.497849665215217590e+10 1.493472118711782848e+01
1.258925411794294922e+13 1.337637776974139214e+00 -2.909052053045604325e-01 -1.899279923609984211e+00 2.733039426934087412e-01 2.383784283834455581e-17 3.001006611155060660e-04 6.910073086822221371e-04 2.635201949822245913e-04 9.938424105657840729e+09 6.541368589434216309e+10 1.559775276791912901e+01
1.412537544622899805e+13 1.309541147161210839e+00 -2.696768065118383406e-01 -1.888173228701517825e+00 2.699825554932314131e-01 1.889369926634643116e-17 2.668805957052847351e-04 6.145152812803594041e-04 2.308821302331602100e-04 9.503935963860681534e+09 6.584817403613932037e+10 1.630058633763646725e+01
1.584893192461279492e+13 1.281759449623087521e+00 -2.482337040930278904e-01 -1.876812091197138654e+00 2.663413412251199319e-01 1.495667888181182319e-17 2.370473854161293998e-04 5.458217759923937595e-04 2.018737038013415164e-04 9.070662182955562592e+09 6.628144781704443359e+10 1.704669076624665536e+01
1.778279410039111719e+13 1.254294232849616719e+00 -2.265730501344030701e-01 -1.865338096154870229e+00 2.623660066194421492e-01 1.182274183528164503e-17 2.102413837588936764e-04 4.840986761736691115e-04 1.761256924971900558e-04 8.639179201621990204e+09 6.671293079837800598e+10 1.783990053898845929e+01
1.995262314969094922e+13 1.227146328893720106e+00 -2.046914160702643926e-01 -1.853819009838097998e+00 2.580428539849095593e-01 9.330162447992664318e-18 1.861612152501956061e-04 4.286520391287562399e-04 1.533069246146295155e-04 8.210145209578218460e+09 6.714196479042178345e+10 1.868441089580442238e+01
2.238721138568585156e+13 1.200316490764342214e+00 -1.825852643236858808e-01 -1.842133765290813630e+00 2.533591124473283940e-01 7.350875814259574548e-18 1.645656107237546974e-04 3.789263220719786486e-04 1.331174655846112354e-04 7.784249302805507660e+09 6.756786069719448853e+10 1.958491329280338178e+01
2.511886431509859375e+13 1.173806755993079820e+00 -1.602521047849982117e-01 -1.830139079012676806e+00 2.483035035954723468e-01 5.781775822725952189e-18 1.452316423913707351e-04 3.344082148014124027e-04 1.152841021627765323e-04 7.362172846673586845e+09 6.798993715332641602e+10 2.054676842232765921e+01
2.818382931264771875e+13 1.147618889514162799e+00 -1.376892650054348521e-01 -1.818001864463417938e+00 2.428663522724716917e-01 4.538666885680887923e-18 1.279170128129965289e-04 2.945398068435341708e-04 9.956040162165292898e-05 6.944642491290853500e+09 6.840746750870914459e+10 2.157600927045225347e+01
3.162277660168741406e+13 1.121753694010907854e+00 -1.148932589471231280e-01 -1.805796945060493597e+00 2.370397828681110874e-01 3.555032586683789017e-18 1.124200013004204081e-04 2.588566191487192900e-04 8.572549097184665751e-05 6.532466874264194489e+09 6.881964312573580933e+10 2.267931882220592144e+01
3.548133892336166406e+13 1.096211572381831312e+00 -9.186021039027671142e-02 -1.793498771606791165e+00 2.308181867017819466e-01 2.778062171739267993e-18 9.856936546565112079e-05 2.269643515470903925e-04 7.357996670445146831e-05 6.126497771264912605e+09 6.922561222873509216e+10 2.386419583800335786e+01
3.981071705535441406e+13 1.070994028832318312e+00 -6.858721613010530793e-02 -1.780871468003964342e+00 2.241990329299208828e-01 2.165845124866892999e-18 8.622384745179462922e-05 1.985377458030949678e-04 6.294241427069688377e-05 5.727574543671459198e+09 6.962453545632853699e+10 2.513924329142684400e+01
4.466835921510164844e+13 1.046102977993438099e+00 -4.507181012142502663e-02 -1.768032062653559056e+00 2.171832422072795810e-01 1.684107790629609380e-18 7.522633174879458766e-05 1.732150300853991251e-04 5.364859487348457685e-05 5.336545513464357376e+09 7.001556448653564453e+10 2.651432341723413799e+01
5.011872336273329688e+13 1.021539205142602658e+00 -2.131051451222672546e-02 -1.755105281829405950e+00 2.097752409346884117e-01 1.305662769032558168e-18 6.543815112616311702e-05 1.506769112961947338e-04 4.555129633894476154e-05 4.954321372971500397e+09 7.039778862702850342e+10 2.800054082005439327e+01
5.623413251904180469e+13 9.973029134174891119e-01 2.700730273569222541e-03 -1.742152188283396130e+00 2.019835337688989374e-01 1.008993183139265257e-18 5.673985637146325813e-05 1.306483474595545365e-04 3.851816487005106231e-05 4.581855600000514984e+09 7.077025439999948120e+10 2.961043612685995186e+01
6.309573444802717188e+13 9.733949194639684999e-01 2.696540096771232742e-02 -1.728892908765664371e+00 1.938215661506958731e-01 7.771921539253976652e-19 4.903750975916714724e-05 1.129130389690083126e-04 3.242913020933701649e-05 4.220074909826948643e+09 7.113203509017304993e+10 3.135847251371140132e+01
7.079457843842270312e+13 9.498170892190852532e-01 5.148585058942686116e-02 -1.715328633315662765e+00 1.853084312774496700e-01 5.965287664792077138e-19 4.223100254928780997e-05 9.724047693218365780e-05 2.717529231180723621e-05 3.869864167475115299e+09 7.148224583252488708e+10 3.326150723406930609e+01
7.943282347243828125e+13 9.265702624616303229e-01 7.626539969219198190e-02 -1.701658795623586906e+00 1.764686089992096030e-01 4.560374095463459138e-19 3.622433904932293667e-05 8.340962309853309782e-05 2.265903981103933697e-05 3.532125156498779297e+09 7.181998484350122070e+10 3.533888417276093463e+01
8.912509381338607812e+13 9.036545169097149888e-01 1.013081631961723766e-01 -1.687989943553975358e+00 1.673323604244096319e-01 3.471053189388867345e-19 3.093579411355357547e-05 7.123229836580141064e-05 1.879299177443099187e-05 3.207773977951692104e+09 7.214433602204830933e+10 3.761271576741633282e+01
1.000000000000130938e+14 8.810699620049766700e-01 1.266182441614955301e-01 -1.674094231055354154e+00 1.579362983109183494e-01 2.629897259771789667e-19 2.629897259772133889e-05 6.055562226457205592e-05 1.549829375867166741e-05 2.897670290430364609e+09 7.245443970956964111e+10 4.010871089652181354e+01
1.122018454302112188e+14 8.588181256129413521e-01 1.521981074562410441e-01 -1.659798262454547757e+00 1.483241885602452625e-01 1.983016488252554087e-19 2.224981095004733485e-05 5.123208301551468284e-05 1.270360112666951249e-05 2.602572878279552937e+09 7.274953712172044373e+10 4.285725820886430171e+01
1.258925411794336094e+14 8.368999757043884546e-01 1.780507189737925433e-01 -1.645370286367844326e+00 1.385461891487091424e-01 1.487165663480000890e-19 1.872230645302957319e-05 4.310970374521212614e-05 1.034505645765135243e-05 2.323184767940758228e+09 7.302892523205923462e+10 4.589397889788706664e+01
1.412537544622946250e+14 8.153154523609087434e-01 2.041801825173975293e-01 -1.630922551206853921e+00 1.286584268807654530e-01 1.108690742787697484e-19 1.566067299563524614e-05 3.606003218600412335e-05 8.365813059370954326e-06 2.060164640783720255e+09 7.329194535921627808e+10 4.926032597746573316e+01
1.584893192461331250e+14 7.940640902827975633e-01 2.305911027522439816e-01 -1.616369095321699367e+00 1.187228578571758314e-01 8.212942146156063277e-20 1.301663609752150039e-05 2.997191223908119844e-05 6.715014448743827888e-06 1.814068568294193983e+09 7.353804143170581055e+10 5.300510300833047239e+01
1.778279410039170000e+14 7.731467777527196716e-01 2.572863677564810048e-01 -1.601365176112144129e+00 1.088074756060981724e-01 6.043760408316414765e-20 1.074749469331900715e-05 2.474702106786896163e-05 5.347041116070079562e-06 1.585295074050282001e+09 7.376681492594972229e+10 5.718676006261324574e+01
1.995262314969160312e+14 7.525645948894603698e-01 2.842684456585162778e-01 -1.586144212245938157e+00 9.898487992735571783e-02 4.414872258876270122e-20 8.808828243538592158e-06 2.028307660031688822e-05 4.221288674365437890e-06 1.374102133057677746e+09 7.397800786694232178e+10 6.187544221796223098e+01
2.238721138568658125e+14 7.323173265550265709e-01 3.115413527347871137e-01 -1.570877599994942475e+00 8.933033299694871643e-02 3.198987527333199082e-20 7.161640999458315481e-06 1.649028780672769567e-05 3.301954564189327358e-06 1.180634097392060041e+09 7.417147590260794067e+10 6.715468284035209479e+01
2.511886431509941875e+14 7.124041142603808607e-01 3.391099523722164721e-01 -1.555635171569603958e+00 7.992055145515949977e-02 2.297627093653366535e-20 5.771378321217513772e-06 1.328908968846444874e-05 2.557470126809526670e-06 1.004889497468123674e+09 7.434722050253187561e+10 7.312453939084581123e+01
2.818382931264864375e+14 6.928249818203823240e-01 3.669778631744705644e-01 -1.539957622931715120e+00 7.083263923729032907e-02 1.635095234015633110e-20 4.608324498542189309e-06 1.061105929402250722e-05 1.959966402247355397e-06 8.466727162869119644e+08 7.450543728371308899e+10 7.990680958822277091e+01
3.162277660168845000e+14 6.735809374818418904e-01 3.951471159172811887e-01 -1.523921678387713641e+00 6.214203305530083959e-02 1.151964318286109616e-20 3.642831029027797388e-06 8.387928423735566865e-06 1.484991709303405366e-06 7.055952486209458113e+08 7.464651475137905884e+10 8.765135959597780868e+01
3.548133892336283125e+14 6.546716840379539493e-01 4.236214147561093712e-01 -1.507821944126108704e+00 5.391916035612633051e-02 8.026162291259610297e-21 2.847789845100966306e-06 6.557278445309307992e-06 1.111361537577285125e-06 5.811175972140403986e+08 7.477099240278596497e+10 9.654168602741492577e+01
3.981071705535571875e+14 6.360960929336615388e-01 4.524056375365509419e-01 -1.491831202919642774e+00 4.622734617757157799e-02 5.524501310730319994e-21 2.199343585534265906e-06 5.064175754423276417e-06 8.208251825839717428e-07 4.725502254613361955e+08 7.487955977453866577e+10 1.068029157825515085e+02
4.466835921510310625e+14 6.178532392139807206e-01 4.815043267266052029e-01 -1.475514748585351033e+00 3.912093158480779709e-02 3.753847130773817175e-21 1.676781920759889814e-06 3.860933054943645953e-06 5.976974623497996365e-07 3.790327222909301519e+08 7.497307727770907593e+10 1.187151637844614527e+02
5.011872336273493750e+14 5.999437581202388126e-01 5.109193646257964572e-01 -1.458672034742397816e+00 3.264349949059915795e-02 2.515567273050721308e-21 1.260770202583786090e-06 2.903030674160509017e-06 4.285983691221964928e-07 2.995432883220623136e+08 7.505256671167793274e+10 1.326324611724584202e+02
5.623413251904365000e+14 5.823673761377426983e-01 5.406537999156372232e-01 -1.441743193259520606e+00 2.682491892613841911e-02 1.660051716998222572e-21 9.335156824214399366e-07 2.149499294419771427e-06 3.022851199076900005e-07 2.329504334611184001e+08 7.511915956653887939e+10 1.490027933524275170e+02
6.309573444802923750e+14 5.651227118510883107e-01 5.707123823008675156e-01 -1.424922392729871312e+00 2.167994221006095193e-02 1.077219595380909985e-21 6.796796153236740417e-07 1.565020150256219296e-06 2.094221337907906347e-07 1.780451024665252566e+08 7.517406489753347778e+10 1.683936872325656964e+02
7.079457843842502500e+14 5.482079982721599354e-01 6.011005051575726288e-01 -1.407977629636269601e+00 1.720772573166025679e-02 6.864624860475729174e-22 4.859782231353114759e-07 1.119006212111102436e-06 1.423214747316078932e-07 1.335536852508340776e+08 7.521855631474916077e+10 1.915328135080130778e+02
7.943282347244088750e+14 5.316231371930101313e-01 6.318204294012921274e-01 -1.390383450988005309e+00 1.339224975270392019e-02 4.290620821043981144e-22 3.408161262651659205e-07 7.847581317901475286e-07 9.472736613407684788e-08 9.816490344897583127e+07 7.525394509655102539e+10 2.193687931435683538e+02
8.912509381338898750e+14 5.153679342285640841e-01 6.628741980106094278e-01 -1.372605152139057871e+00 1.020246888205387711e-02 2.625079032169198652e-22 2.339604150096401963e-07 5.387137639518979318e-07 6.164056874052584372e-08 7.057778622351942956e+07 7.528153221377647400e+10 2.531499159947177588e+02
