# [1] m:            [M_sun/h] 
# [2] sigma 
# [3] ln(1/sigma) 
# [4] n_eff 
# [5] f(sigma) 
# [6] dn/dm:        [h^4/(Mpc^3*M_sun)] 
# [7] dn/dlnm:      [h^3/Mpc^3] 
# [8] dn/dlog10m:   [h^3/Mpc^3] 
# [9] n(>m):        [h^3/Mpc^3] 
# [11] rho(>m):     [M_sun*h^2/Mpc^3] 
# [11] rho(<m):     [M_sun*h^2/Mpc^3] 
# [12] Lbox(N=1):   [Mpc/h]
1.000000000000000000e+10 3.536703633245171563e+00 -1.263195116281621511e+00 -2.361242218390441128e+00 2.469660400416382184e-01 1.981151143969844037e-11 1.981151143969843986e-01 4.561769091073063498e-01 2.110110170670808638e-01 2.254545098532257080e+10 5.280665901467742920e+10 1.679699616557360997e+00
1.122018454301965332e+10 3.493459023712506273e+00 -1.250892369647893076e+00 -2.356394020342361451e+00 2.468249570850388208e-01 1.584722806428673053e-11 1.778088233766172421e-01 4.094199461098100845e-01 1.893710956866530570e-01 2.231656257427211380e+10 5.303554742572789001e+10 1.741387553405426392e+00
1.258925411794171333e+10 3.450419683676763771e+00 -1.238495871087358369e+00 -2.351505963623462314e+00 2.466791210796676903e-01 1.267600922198646570e-11 1.595815012969602487e-01 3.674499860039906474e-01 1.699493473838081248e-01 2.208607035926252365e+10 5.326603964073747253e+10 1.805344828571162408e+00
1.412537544622761154e+10 3.407587170308608471e+00 -1.226004466156749073e+00 -2.346529688066314456e+00 2.465282684978918615e-01 1.013997197501525355e-11 1.432309111613165598e-01 3.298013608960020382e-01 1.525180637113083826e-01 2.185395812689324570e+10 5.349815187310675049e+10 1.871656897101592776e+00
1.584893192461123848e+10 3.364963558653395470e+00 -1.213417133514543389e+00 -2.341474016061691366e+00 2.463721186196781154e-01 8.111639503289787437e-12 1.285608222846271742e-01 2.960222329356392845e-01 1.368724738655174300e-01 2.162020302031071854e+10 5.373190697968928528e+10 1.940415020171886828e+00
1.778279410038937378e+10 3.322550317396102404e+00 -1.200732655928842485e+00 -2.336369787180621493e+00 2.462103680145681095e-01 6.488983271171762440e-12 1.153922534321185633e-01 2.657004825997872355e-01 1.228294059771318225e-01 2.138478969050035858e+10 5.396732030949964142e+10 2.011712353434304656e+00
1.995262314968899155e+10 3.280348516126352809e+00 -1.187949671667969609e+00 -2.331230172041795168e+00 2.460426892620488082e-01 5.190764240576080336e-12 1.035693627510961001e-01 2.384772707615666898e-01 1.102249621430980292e-01 2.114771108830741119e+10 5.420439891169258881e+10 2.085643200368587635e+00
2.238721138568365097e+10 3.238359466910644802e+00 -1.175066864198925032e+00 -2.326009928735548904e+00 2.458687315007728469e-01 4.152417062957693928e-12 9.296103854995355076e-02 2.140507015943678704e-01 9.891176283419970960e-02 2.090895495287944031e+10 5.444315504712055969e+10 2.162306992015677665e+00
2.511886431509613037e+10 3.196585290248448619e+00 -1.162083143255176365e+00 -2.320692310577221917e+00 2.456881211417484001e-01 3.321963506925673192e-12 8.344395059016689042e-02 1.921367967294499990e-01 8.875707537610430520e-02 2.066849854210865784e+10 5.468361145789134216e+10 2.241811050189768562e+00
2.818382931264495468e+10 3.155027704105204833e+00 -1.148997276970536330e+00 -2.315317312196524036e+00 2.455004549264638569e-01 2.657576749591154081e-12 7.490068949573086554e-02 1.724652110878455991e-01 7.964202518067195480e-02 2.042632383714232254e+10 5.492578616285768127e+10 2.324266387459921646e+00
3.162277660168431091e+10 3.113687901404265546e+00 -1.135807844048698723e+00 -2.309902960356768453e+00 2.453052966813103475e-01 2.125990196586407796e-12 6.722971304402287906e-02 1.548021350614344482e-01 7.146034152693998831e-02 2.018242375198780823e+10 5.516968624801219177e+10 2.409785041295582353e+00
3.548133892335818481e+10 3.072567015132445345e+00 -1.122513373491938360e+00 -2.304421799754767353e+00 2.451021766115364375e-01 1.700737540503644339e-12 6.034444509428842085e-02 1.389482197191062030e-01 6.411658265742650742e-02 1.993679019670875168e+10 5.541531980329124451e+10 2.498483837507561756e+00
3.981071705535050964e+10 3.031667058518577207e+00 -1.109112652554934186e+00 -2.298830311591653519e+00 2.448905934625929259e-01 1.360628001533906366e-12 5.416757638665336411e-02 1.247254539115243144e-01 5.752474081666077155e-02 1.968940323091068649e+10 5.566270676908930969e+10 2.590489143090565882e+00
4.466835921509725952e+10 2.990990025132382435e+00 -1.095604444681495204e+00 -2.293167586774802480e+00 2.446700076747468366e-01 1.088532398883637146e-12 4.862295621060584022e-02 1.119584941478432710e-01 5.160764211517660655e-02 1.944024293118445969e+10 5.591186706881553650e+10 2.685933943253560940e+00
5.011872336272837830e+10 2.950537248648270605e+00 -1.081987271956079244e+00 -2.287456520659270076e+00 2.444398345498547676e-01 8.708182431517089216e-13 4.364429862773763769e-02 1.004947114144091741e-01 4.629631197612031623e-02 1.918930120932012939e+10 5.616280879067987061e+10 2.784952985761179001e+00
5.623413251903628540e+10 2.910309804424971780e+00 -1.068259537518432944e+00 -2.281693329055031860e+00 2.441994424153517418e-01 6.966244853804895092e-13 3.917407362689190320e-02 9.020163796513248899e-02 4.152890324163179686e-02 1.893657427173109436e+10 5.641553572826890564e+10 2.887685193793572580e+00
6.309573444802097321e+10 2.870309474491420598e+00 -1.054419854791450950e+00 -2.275816282555898518e+00 2.439481547119387861e-01 5.573018192259858950e-13 3.516336759328179268e-02 8.096664603976057306e-02 3.724969614150949043e-02 1.868204775022016907e+10 5.667006224977983093e+10 2.994280085305511818e+00
7.079457843841575623e+10 2.830538472190313737e+00 -1.040466966414329786e+00 -2.269846482924974485e+00 2.436852452470585073e-01 4.458487805586274764e-13 3.156367646692976453e-02 7.267805091283945085e-02 3.340857871769450926e-02 1.842570120087587357e+10 5.692640879912413025e+10 3.104897969293728188e+00
7.943282347243049622e+10 2.790998311796798692e+00 -1.026399349680049644e+00 -2.263819168787725378e+00 2.434099266648145909e-01 3.566703090135631292e-13 2.833132969373159532e-02 6.523529741748594624e-02 2.996074500943638613e-02 1.816752530487500381e+10 5.718458469512500000e+10 3.219702888390359341e+00
8.912509381337731934e+10 2.751690123987224901e+00 -1.012215313435868236e+00 -2.257748934562117782e+00 2.431213470046691694e-01 2.853107204504555254e-13 2.542834472610911931e-02 5.855092750585262629e-02 2.686608938635293500e-02 1.790752078560615540e+10 5.744458921439384460e+10 3.338862349606571467e+00
1.000000000000032654e+11 2.712615408354305480e+00 -9.979132648202161393e-01 -2.251571783921746839e+00 2.428185898994838221e-01 2.282318509954291042e-13 2.282318509954365734e-02 5.255232578485305450e-02 2.408850805408530374e-02 1.764568104847353363e+10 5.770642895152646637e+10 3.462555148715833475e+00
1.122018454302001953e+11 2.673776470304001673e+00 -9.834918814324208336e-01 -2.245277647506623175e+00 2.425006735975677452e-01 1.825762696296484530e-13 2.048539438420837050e-02 4.716936373318213888e-02 2.159546581613443553e-02 1.738198799254561234e+10 5.797012200745439148e+10 3.590975768630583875e+00
1.258925411794212494e+11 2.635175067930581871e+00 -9.689496192286697340e-01 -2.238916054641925779e+00 2.421665350894578184e-01 1.460464000227865041e-13 1.838615242897487928e-02 4.233568050047382264e-02 1.935783971029304482e-02 1.711643209106071091e+10 5.823567790893928528e+10 3.724326125365711615e+00
1.412537544622807312e+11 2.596812449122567035e+00 -9.542847117911004151e-01 -2.232509641017609514e+00 2.418150230938628520e-01 1.168154737699536910e-13 1.650062424929603366e-02 3.799409142152511409e-02 1.734959541224307886e-02 1.684901822952475548e+10 5.850309177047524261e+10 3.862811800496510184e+00
1.584893192461175842e+11 2.558689875246179302e+00 -9.394953600118366444e-01 -2.226013176835671903e+00 2.414448952893881173e-01 9.343202515812304812e-14 1.480797806309705304e-02 3.409662954547011682e-02 1.554732738806820398e-02 1.657974923787670135e+10 5.877236076212329865e+10 4.006650113774156807e+00
1.778279410038995667e+11 2.520809572332774806e+00 -9.245801087929653717e-01 -2.219379298806380962e+00 2.410548211969872623e-01 7.473087263829086790e-14 1.328923721069192113e-02 3.059959949860099199e-02 1.392992166196643268e-02 1.630861385338598251e+10 5.904349614661401367e+10 4.156078819547267322e+00
1.995262314968964539e+11 2.483173585823937657e+00 -9.095374137981007134e-01 -2.212663680638319974e+00 2.406433646907130963e-01 5.976932407008249350e-14 1.192554799082030416e-02 2.745958902944792626e-02 1.247844194876521554e-02 1.603560455108899689e+10 5.931650544891100311e+10 4.311349320670172069e+00
2.238721138568438416e+11 2.445783292243898011e+00 -8.943654365468794998e-01 -2.205892214620130964e+00 2.402089696946924924e-01 4.779834304064487547e-14 1.070071609536372981e-02 2.463930936554597703e-02 1.117596948889037350e-02 1.576073048636057854e+10 5.959137951363941956e+10 4.472718826717153817e+00
2.511886431509695129e+11 2.408639835626027459e+00 -8.790622046205490703e-01 -2.199051416742817011e+00 2.397499547744558479e-01 3.822146585562121433e-14 9.600798147514603628e-03 2.210665469531197802e-02 1.000732038736892870e-02 1.548400561463158226e+10 5.986810438536841583e+10 4.640456778431043539e+00
2.818382931264587402e+11 2.371745209284086719e+00 -8.636260593811826425e-01 -2.192064598518336904e+00 2.392645175317408279e-01 3.056321974602960047e-14 8.613885685669862846e-03 1.983420477257822126e-02 8.958798900671678320e-03 1.520543113922792053e+10 6.014667886077207947e+10 4.814857119394483576e+00
3.162277660168534546e+11 2.335101714624916447e+00 -8.480554510393155665e-01 -2.184970324783294338e+00 2.387507205068051253e-01 2.443780978303819467e-14 7.727913994034974442e-03 1.779417956260501144e-02 8.018089292292101058e-03 1.492500483748268509e+10 6.042710516251731873e+10 4.996237068413066140e+00
3.548133892335934448e+11 2.298710883889634626e+00 -8.323484805391456742e-01 -2.177808719088067058e+00 2.382064659450126576e-01 1.953757149745570566e-14 6.932191960405912658e-03 1.596196186980382639e-02 7.174185756481884536e-03 1.464274155145699120e+10 6.070936844854300690e+10 5.184924787192813689e+00
3.981071705535180664e+11 2.262573873935724400e+00 -8.165030475222002648e-01 -2.170594329757697949e+00 2.376294878742677141e-01 1.561749946124193484e-14 6.217438521636119327e-03 1.431618125652626625e-02 6.417232178323635516e-03 1.435866924638175583e+10 6.099344075361824036e+10 5.381261321321196611e+00
4.466835921509872437e+11 2.226692356765880287e+00 -8.005172362835952793e-01 -2.163238674851545085e+00 2.370173541536107764e-01 1.248319952969410407e-14 5.576040407461277382e-03 1.283930752015278315e-02 5.738344958906661797e-03 1.407280718595675659e+10 6.127930281404324341e+10 5.585616520006992047e+00
5.011872336273001709e+11 2.191068764387072321e+00 -7.843894450533166474e-01 -2.155743601142432020e+00 2.363674618230961755e-01 9.977143533151824724e-15 5.000416966882870358e-03 1.151388556669899824e-02 5.129515131735370298e-03 1.378516417447405243e+10 6.156694582552594757e+10 5.798396304908764343e+00
5.623413251903812256e+11 2.155704845851373008e+00 -7.681177447194694752e-01 -2.148169567832409310e+00 2.356770005029311943e-01 7.972867031449698623e-15 4.483472612032124265e-03 1.032357720131224683e-02 4.583578562535091903e-03 1.349576451098489571e+10 6.185634548901510620e+10 6.020027014717673097e+00
6.309573444802304688e+11 2.120601848171986603e+00 -7.516999390417598015e-01 -2.140545856440082328e+00 2.349429392237247782e-01 6.369851017260068125e-15 4.019104282585107130e-03 9.254329608268996310e-03 4.094130892295562603e-03 1.320465297801816368e+10 6.214745702198183441e+10 6.250950966654558627e+00
7.079457843841807861e+11 2.085761131396718593e+00 -7.351338396654503171e-01 -2.132800666107843135e+00 2.341620235251268001e-01 5.088380334863512076e-15 3.602297407409989390e-03 8.294596310833341271e-03 3.655407744318005941e-03 1.291187268486813354e+10 6.244023731513186646e+10 6.491644432277865917e+00
7.943282347243309326e+11 2.051185077278761426e+00 -7.184177126001415337e-01 -2.124885408527031228e+00 2.333307848216372715e-01 4.064256739336060833e-15 3.228353881223278588e-03 7.433559521814191856e-03 3.262203848501819131e-03 1.261745241726553535e+10 6.273465758273446655e+10 6.742634754173430167e+00
8.912509381338023682e+11 2.016875711455610176e+00 -7.015496365754916308e-01 -2.116876485201855118e+00 2.324454985666774276e-01 3.245538434773847940e-15 2.892589174741504350e-03 6.660432713915737275e-03 2.909854042608572399e-03 1.232143233933215141e+10 6.303067766066784668e+10 7.004485891255511021e+00
1.000000000000065430e+12 1.982834389001896902e+00 -6.845273306702758243e-01 -2.108806190309739037e+00 2.315021587134888925e-01 2.591023630161234671e-15 2.591023630161403985e-03 5.966052386404966518e-03 2.594191915100556127e-03 1.202387810705565643e+10 6.332823189294434357e+10 7.277786306553696960e+00
1.122018454302038818e+12 1.949062266760122730e+00 -6.673483680705715182e-01 -2.100643271054760675e+00 2.304964717845887912e-01 2.067951923447374671e-15 2.320280220717351599e-03 5.342642647792708241e-03 2.311474539245615602e-03 1.172486320625641060e+10 6.362724679374359131e+10 7.563165931000136233e+00
1.258925411794253662e+12 1.915561488876296403e+00 -6.500107853357527388e-01 -2.092293200259695674e+00 2.294238798248490752e-01 1.650168817613383537e-15 2.077439458243965711e-03 4.783481128150182324e-03 2.058321444847044292e-03 1.142444846639063644e+10 6.392766153360935974e+10 7.861322272233510766e+00
1.412537544622853760e+12 1.882334353274953243e+00 -6.325126838720730449e-01 -2.083820321445344792e+00 2.282795290749081163e-01 1.316411871297834834e-15 1.859481192395419759e-03 4.281613674312487010e-03 1.831694074785478405e-03 1.112269881600054932e+10 6.422941118399945068e+10 8.173016075812283177e+00
1.584893192461227539e+12 1.849382330719454126e+00 -6.148517080546892499e-01 -2.075271323865898410e+00 2.270582231282294028e-01 1.049773795891673743e-15 1.663779342732895879e-03 3.830993512608197628e-03 1.628878895112462069e-03 1.081970742587472916e+10 6.453240257412527466e+10 8.499050333104237964e+00
1.778279410039053711e+12 1.816706517671973220e+00 -5.970252560996414104e-01 -2.066657218336124480e+00 2.257544199917549121e-01 8.367998671340367110e-16 1.488063974047873364e-03 3.426393924064111921e-03 1.447444209195655144e-03 1.051558739326618004e+10 6.483652260673381805e+10 8.840280710350985061e+00
1.995262314969029785e+12 1.784308691590873019e+00 -5.790310525922207630e-01 -2.057856871990215719e+00 2.243622636181292485e-01 6.668234516755559716e-16 1.330487703865808726e-03 3.063561153333287709e-03 1.285195332260720717e-03 1.021044504614880371e+10 6.514166495385119629e+10 9.197651571926716230e+00
2.238721138568511719e+12 1.752191308547109916e+00 -5.608671809291320143e-01 -2.048891927815502889e+00 2.228755871894418650e-01 5.311736655208040388e-16 1.189149713252344144e-03 2.738118403072991973e-03 1.140153343350564430e-03 9.904382754456007004e+09 6.544772724554399109e+10 9.572210598352601352e+00
2.511886431509777344e+12 1.720356009373555706e+00 -5.425312516014304531e-01 -2.039837226284765492e+00 2.212878446075496053e-01 4.229086714958465740e-16 1.062298553698242786e-03 2.446032814054708952e-03 1.010549562922372470e-03 9.597531749818141937e+09 6.575457825018185425e+10 9.965080097031830064e+00
2.818382931264679688e+12 1.688803928400430587e+00 -5.240205436982678933e-01 -2.030730595398965388e+00 2.195921131147903216e-01 3.365157610637033653e-16 9.484302770834848436e-04 2.183841417756644549e-03 8.948027071270891857e-04 9.290055299491996765e+09 6.606205470050800323e+10 1.037745606908669416e+01
3.162277660168638184e+12 1.657536439531925421e+00 -5.053324274708677066e-01 -2.021460078550125772e+00 2.177811310827202917e-01 2.676350351737475047e-16 8.463362928083894557e-04 1.948761331480441429e-03 7.914876383961624374e-04 8.982119654493616104e+09 6.636999034550638580e+10 1.081065367076138806e+01
3.548133892336050781e+12 1.626555967910980671e+00 -4.864648763675273879e-01 -2.011980445376550186e+00 2.158473637280629298e-01 2.127435766513379442e-16 7.548426946934047241e-04 1.738089536356489558e-03 6.993163667002395747e-04 8.673882184108562469e+09 6.667822781589143372e+10 1.126614757695190150e+01
3.981071705535311035e+12 1.595864390340232530e+00 -4.674155269590921091e-01 -2.002395340471074370e+00 2.137829324203491255e-01 1.689957046583436705e-16 6.727840181723339190e-04 1.549142451048251363e-03 6.171355670151213715e-04 8.365526644819240570e+09 6.698658335518075562e+10 1.174554413584732337e+01
4.466835921510018555e+12 1.565462906669643939e+00 -4.481815672651204285e-01 -1.992749667171835659e+00 2.115796161814525733e-01 1.341391073767476666e-16 5.991773833097460309e-04 1.379656910868200682e-03 5.439155829672103794e-04 8.057277939105806351e+09 6.729483206089419556e+10 1.225056633282280849e+01
5.011872336273166016e+12 1.535352567489294717e+00 -4.287600403262257776e-01 -1.982980207159383390e+00 2.092289078410794478e-01 1.063886408436190070e-16 5.332062859378355196e-04 1.227752845491180897e-03 4.787303390582261218e-04 7.749376899832718849e+09 6.760273310016728210e+10 1.278310480397007076e+01
5.623413251903997070e+12 1.505535544777219625e+00 -4.091486786092768946e-01 -1.972970433196489015e+00 2.067221608906584518e-01 8.431680666023018098e-17 4.741482479313656245e-04 1.091766687556007445e-03 4.207423507320466410e-04 7.442057005310527802e+09 6.791005299468946838e+10 1.334528717222078775e+01
6.309573444802510742e+12 1.476013975262915112e+00 -3.893451944687645883e-01 -1.962824348795574769e+00 2.040505699718490329e-01 6.676276155550097451e-17 4.212445474122709292e-04 9.699514153765185923e-04 3.691993981587336987e-04 7.135571131510577202e+09 6.821653886848942566e+10 1.393947247141701418e+01
7.079457843842039062e+12 1.446789114038492530e+00 -3.693466969027857649e-01 -1.952598848538808385e+00 2.012051544738278352e-01 5.280758621922006369e-17 3.738490804740222397e-04 8.608193197290150457e-04 3.234301297810955231e-04 6.830218287050712585e+09 6.852189171294928741e+10 1.456822057189452657e+01
7.943282347243568359e+12 1.417861836195515091e+00 -3.491499876755460030e-01 -1.942294091980417914e+00 1.981768653942409253e-01 4.172170543108706656e-17 3.314072862476500204e-04 7.630934770234496650e-04 2.828323098622840572e-04 6.526328261287628174e+09 6.882578173871237183e+10 1.523434055860428238e+01
8.912509381338316406e+12 1.389233882716050417e+00 -3.287524316825240489e-01 -1.931743109399048919e+00 1.949568142375281143e-01 3.292746447123428209e-17 2.934663360035596504e-04 6.757312105773782872e-04 2.468616926722635345e-04 6.224230068815853119e+09 6.912787993118414307e+10 1.594099525440153720e+01
1.000000000000098242e+13 1.360907555421582815e+00 -3.081517973517958753e-01 -1.921001459352838392e+00 1.915363879281387904e-01 2.595471819433719050e-17 2.595471819433974145e-04 5.976294720714802342e-04 2.150276756060421799e-04 5.924261181959620476e+09 6.942784881804037476e+10 1.669175032395426328e+01
1.122018454302075391e+13 1.332884202795314055e+00 -2.873451678022678757e-01 -1.910164244027256819e+00 1.879072123770580693e-01 2.042907344064109963e-17 2.292179740469170825e-04 5.277938900867273388e-04 1.868920915520871180e-04 5.626805192755439758e+09 6.972530480724456787e+10 1.749053223520801126e+01
1.258925411794294922e+13 1.305164645663025036e+00 -2.663291980755128630e-01 -1.899279923609984211e+00 1.840613350944428073e-01 1.605401347436550248e-17 2.021080552416674927e-04 4.653709951734807298e-04 1.620629694205820111e-04 5.332289728635169983e+09 7.001982027136483765e+10 1.834166411042494005e+01
1.412537544622899805e+13 1.277750103007786464e+00 -2.451007992827905213e-01 -1.888173228701517825e+00 1.799915272241311981e-01 1.259602043417356633e-17 1.779235177610740293e-04 4.096840396897103971e-04 1.401865935490023360e-04 5.041149363827573776e+09 7.031096063617242432e+10 1.925001943926007186e+01
1.584893192461279492e+13 1.250642847181560713e+00 -2.236576968639802654e-01 -1.876812091197138654e+00 1.756916206102565048e-01 9.866148227704732544e-18 1.563679116190314859e-04 3.600504223165923380e-04 1.209432319988448421e-04 4.753815476135857582e+09 7.059829452386413574e+10 2.022116361840954468e+01
1.778279410039111719e+13 1.223844389082318296e+00 -2.019970429053553618e-01 -1.865338096154870229e+00 1.711564844836558352e-01 7.712656664473167171e-18 1.371525854313356560e-04 3.158054986797858362e-04 1.040468339739354555e-04 4.470757506347915649e+09 7.088135249365208435e+10 2.126132747881917595e+01
1.995262314969094922e+13 1.197355540563668219e+00 -1.801154088412165732e-01 -1.853819009838097998e+00 1.663822609972705757e-01 6.015952387736463748e-18 1.200340308789891135e-04 2.763885701539472994e-04 8.924198225309218542e-05 4.192492977798976898e+09 7.115961702220101929e+10 2.237743291795201017e+01
2.238721138568585156e+13 1.171177036354151824e+00 -1.580092570946380615e-01 -1.842133765290813630e+00 1.613667354592893954e-01 4.681840023260712148e-18 1.048133422747019223e-04 2.413416394686112882e-04 7.629872701252827019e-05 3.919551895746092796e+09 7.143255810425390625e+10 2.357730903467600569e+01
2.511886431509859375e+13 1.145310864521278615e+00 -1.356760975559502536e-01 -1.830139079012676806e+00 1.561099179078777321e-01 3.635037508443593983e-18 9.130801395488869106e-05 2.102444718034190074e-04 6.500907423072756295e-05 3.652450179266557693e+09 7.169965982073344421e+10 2.486997447358362834e+01
2.818382931264771875e+13 1.119758747152895584e+00 -1.131132577763871022e-01 -1.818001864463417938e+00 1.506141088818324092e-01 2.814664370350455746e-18 7.932802018634830361e-05 1.826595167378163552e-04 5.518647451719671819e-05 3.391721504209084034e+09 7.196038849579090881e+10 2.626570827460228585e+01
3.162277660168741406e+13 1.094521467445996876e+00 -9.031725171807535035e-02 -1.805796945060493597e+00 1.448840683321571954e-01 2.172916199888367088e-18 6.871364356325739074e-05 1.582190113540627341e-04 4.666451131489977552e-05 3.137937276902617455e+09 7.221417272309738159e+10 2.777608884413313106e+01
3.548133892336166406e+13 1.069599418518142775e+00 -6.728420316122910028e-02 -1.793498771606791165e+00 1.389274395110307037e-01 1.672091223993703600e-18 5.932803542929924301e-05 1.366078499761270407e-04 3.929383978164505961e-05 2.891678430033016682e+09 7.246043156996697998e+10 2.941429948996721677e+01
3.981071705535441406e+13 1.044994068057912395e+00 -4.401120890105760658e-02 -1.780871468003964342e+00 1.327554431498629561e-01 1.282466412045357775e-18 5.105590746293330701e-05 1.175605714334336857e-04 3.293962924640607024e-05 2.653498428263094902e+09 7.269861157173690796e+10 3.119563027026829971e+01
4.466835921510164844e+13 1.020707284215880195e+00 -2.049580289237731834e-02 -1.768032062653559056e+00 1.263830839061363953e-01 9.800145446165817327e-19 4.377564171495773604e-05 1.007971400491099948e-04 2.748068645934250229e-05 2.423933090618826866e+09 7.292817690938117981e+10 3.313783574810354082e+01
5.011872336273329688e+13 9.967398332056897070e-01 3.265492716821166274e-03 -1.755105281829405950e+00 1.198290431255398525e-01 7.458283425665349152e-19 3.737996437717804488e-05 8.607054875153862894e-05 2.280899423932630465e-05 2.203528368565688610e+09 7.314858163143431091e+10 3.526127037841727230e+01
5.623413251904180469e+13 9.730919132335513755e-01 2.727673750261688443e-02 -1.742152188283396130e+00 1.131160124188382021e-01 5.650623261453120591e-19 3.177578972997350030e-05 7.316645975035028179e-05 1.882806902677909780e-05 1.992823408163005829e+09 7.335928659183699036e+10 3.758934337768726408e+01
6.309573444802717188e+13 9.497643211200522684e-01 5.154140819676007734e-02 -1.728892908765664371e+00 1.062711853394548572e-01 4.261297288763009508e-19 2.688696821358889968e-05 6.190953220441455091e-05 1.545116922790999020e-05 1.792306413229965210e+09 7.355980358677003479e+10 4.014944537338738684e+01
7.079457843842270312e+13 9.267588775038608784e-01 7.606185781847477068e-02 -1.715328633315662765e+00 9.932649334312235179e-02 3.197431986457506112e-19 2.263608495667876483e-05 5.212151178499529439e-05 1.260039312817475660e-05 1.602402716775882244e+09 7.374970728322412109e+10 4.297395271255619775e+01
7.943282347243828125e+13 9.040764017768989635e-01 1.008414069212397457e-01 -1.701658795623586906e+00 9.231796398686864524e-02 2.385718649335134326e-19 1.895043683275415966e-05 4.363499335682502857e-05 1.020648049962925836e-05 1.423503437302739859e+09 7.392860656269726562e+10 4.610075061107922068e+01
8.912509381338607812e+13 8.817169697705555809e-01 1.258841704252200433e-01 -1.687989943553975358e+00 8.528557466978824164e-02 1.769118449148747915e-19 1.576728477473742502e-05 3.630551487930237998e-05 8.207967793726082120e-06 1.255958858700370312e+09 7.409615114129963684e+10 4.957409394405501502e+01
1.000000000000130938e+14 8.596806882696108598e-01 1.511942513905433216e-01 -1.674094231055354154e+00 7.827313070725050448e-02 1.303375437833257801e-19 1.303375437833428403e-05 3.001132853729840101e-05 6.550046708311069880e-06 1.100037226868087530e+09 7.425207277313191223e+10 5.344640943672035860e+01
1.122018454302112188e+14 8.379690480484003334e-01 1.767741146852886969e-01 -1.659798262454547757e+00 7.132816450253190443e-02 9.536200916269312048e-20 1.069979341198687931e-05 2.463718480855688704e-05 5.183833874664693100e-06 9.559004654817011356e+08 7.439620953451829529e+10 5.778072341197334083e+01
1.258925411794336094e+14 8.165829935787839444e-01 2.026267262028402238e-01 -1.645370286367844326e+00 6.450057063549283209e-02 6.923541853685486742e-20 8.716222779226323201e-06 2.006984463866166575e-05 4.066158138484234023e-06 8.236259318726317883e+08 7.452848406812736511e+10 6.265252498370658429e+01
1.412537544622946250e+14 7.955224663969603371e-01 2.287561897464451544e-01 -1.630922551206853921e+00 5.784148907193907563e-02 4.984385790955279780e-20 7.040632066609472437e-06 1.621165444183083381e-05 3.159120661471925515e-06 7.032109119078450203e+08 7.464889908809214783e+10 6.815189383186763905e+01
1.584893192461331250e+14 7.747870124990619001e-01 2.551671099812916621e-01 -1.616369095321699367e+00 5.140234304150319289e-02 3.555881969120043248e-20 5.635693126054350656e-06 1.297666298074176174e-05 2.429412725907613464e-06 5.945454234613904953e+08 7.475756457653860474e+10 7.438743194758448851e+01
1.778279410039170000e+14 7.543774986033806584e-01 2.818623749855287408e-01 -1.601365176112144129e+00 4.523401964068975156e-02 2.512544064555853627e-20 4.468005376815801419e-06 1.028796257607330921e-05 1.847797086987239062e-06 4.973916813630726933e+08 7.485471831863693237e+10 8.149204955878445844e+01
1.995262314969160312e+14 7.342949786072242579e-01 3.088444528875640138e-01 -1.586144212245938157e+00 3.938497193839245181e-02 1.756628084562391370e-20 3.504933818543798711e-06 8.070408362509649033e-06 1.388837813522666969e-06 4.113980471320425868e+08 7.494071195286795044e+10 8.962919362714457350e+01
2.238721138568658125e+14 7.145392425953916993e-01 3.361173599638349607e-01 -1.570877599994942475e+00 3.389918292961313639e-02 1.213955660305475836e-20 2.717708198010942107e-06 6.257754383847706179e-06 1.030633744863734677e-06 3.361181754039978385e+08 7.501599182459600830e+10 9.899924457528001653e+01
2.511886431509941875e+14 6.951094529199344230e-01 3.636859596012642082e-01 -1.555635171569603958e+00 2.881477441248460683e-02 8.283927623394833569e-21 2.080828539681588274e-06 4.791284776547395062e-06 7.544077658538582684e-07 2.710068498069978952e+08 7.508110315019300842e+10 1.098494659511845555e+02
2.818382931264864375e+14 6.760056328175704232e-01 3.915538704035181339e-01 -1.539957622931715120e+00 2.416285063500634572e-02 5.577733985200842133e-21 1.572019025902600242e-06 3.619707574946348400e-06 5.441329570665156136e-07 2.154146366442269683e+08 7.513669536335577393e+10 1.224893480112195192e+02
3.162277660168845000e+14 6.572287660584310576e-01 4.197231231463290357e-01 -1.523921678387713641e+00 1.996604646427848143e-02 3.701226363743725303e-21 1.170430544529475101e-06 2.695015924218473288e-06 3.862648695873958020e-07 1.686043599033414423e+08 7.518350564009666443e+10 1.373108733932789107e+02
3.548133892336283125e+14 6.387785626508447612e-01 4.481974219851571073e-01 -1.507821944126108704e+00 1.623688036617524852e-02 2.416948558952889953e-21 8.575657098054087631e-07 1.974618019660791945e-06 2.695240209904146794e-07 1.297828654760121554e+08 7.522232713452398682e+10 1.548106524337936207e+02
3.981071705535571875e+14 6.206539214370943025e-01 4.769816447655987335e-01 -1.491831202919642774e+00 1.297725360179114579e-02 1.550875411653170548e-21 6.174146220143269323e-07 1.421649704846742587e-06 1.846173278777266814e-07 9.811811913820035756e+07 7.525399188086180115e+10 1.756207576454806656e+02
4.466835921510310625e+14 6.028539399168432178e-01 5.060803339556528835e-01 -1.475514748585351033e+00 1.017847509921114904e-02 9.766750943544596469e-22 4.362647395106972359e-07 1.004536685796262070e-06 1.239626681116518032e-07 7.275114421885541081e+07 7.527935885578114319e+10 2.005563243528940234e+02
5.011872336273493750e+14 5.853792379099976850e-01 5.354953718548441932e-01 -1.458672034742397816e+00 7.821747777919486194e-03 6.027580693012980808e-22 3.020946492996797308e-07 6.955986361507067328e-07 8.145928506297774988e-08 5.281776393319810182e+07 7.529929223606680298e+10 2.306852368848252013e+02
5.623413251904365000e+14 5.682295485418377146e-01 5.652298071446849592e-01 -1.441743193259520606e+00 5.878687500300510717e-03 3.638007371221045881e-22 2.045801886185019128e-07 4.710632926348727020e-07 5.229273684333838709e-08 3.747967612329330295e+07 7.531463032387670898e+10 2.674152740037228568e+02
6.309573444802923750e+14 5.514035239328570759e-01 5.952883895299150296e-01 -1.424922392729871312e+00 4.312899749404755512e-03 2.142967023600362888e-22 1.352120782519721038e-07 3.113373157757354131e-07 3.273272163307327157e-08 2.594620306758472696e+07 7.532616379693241882e+10 3.126122274680167834e+02
7.079457843842502500e+14 5.348994399911843889e-01 6.256765123866203648e-01 -1.407977629636269601e+00 3.082094046615395204e-03 1.229530255459211588e-22 8.704407611252391271e-08 2.004263920901366836e-07 1.993862893642652606e-08 1.748791343360882998e+07 7.533462208656639099e+10 3.687807441253723937e+02
7.943282347244088750e+14 5.187172008930152067e-01 6.563964366303398634e-01 -1.390383450988005309e+00 2.140494932135827456e-03 6.857736595979198630e-23 5.447293804489133758e-08 1.254285751137550139e-07 1.179225475632927002e-08 1.144985148326725513e+07 7.534066014851673889e+10 4.393403068363866737e+02
8.912509381338898750e+14 5.028566169722592516e-01 6.874502052396570528e-01 -1.372605152139057871e+00 1.441080038491670103e-03 3.707876041039698590e-23 3.304648000060804828e-08 7.609233222532596158e-08 6.754232072852266476e-09 7.263630954899165779e+06 7.534484636904510498e+10 5.290231458781053107e+02
