# [1] m:            [M_sun/h] 
# [2] sigma 
# [3] ln(1/sigma) 
# [4] n_eff 
# [5] f(sigma) 
# [6] dn/dm:        [h^4/(Mpc^3*M_sun)] 
# [7] dn/dlnm:      [h^3/Mpc^3] 
# [8] dn/dlog10m:   [h^3/Mpc^3] 
# [9] n(>m):        [h^3/Mpc^3] 
# [11] rho(>m):     [M_sun*h^2/Mpc^3] 
# [11] rho(<m):     [M_sun*h^2/Mpc^3] 
# [12] Lbox(N=1):   [Mpc/h]
1.000000000000000000e+10 3.665600532568728642e+00 -1.298992178005366149e+00 -2.371458402634175844e+00 nan nan nan nan nan nan nan nan
1.122018454301965332e+10 3.621492494884675839e+00 -1.286886232273538822e+00 -2.366694306733590381e+00 nan nan nan nan nan nan nan nan
1.258925411794171333e+10 3.577585340874563702e+00 -1.274688087055507513e+00 -2.361886028986666552e+00 nan nan nan nan nan nan nan nan
1.412537544622761154e+10 3.533880800500132757e+00 -1.262396643985175038e+00 -2.356989065709489850e+00 nan nan nan nan nan nan nan nan
1.584893192461123848e+10 3.490380964656905061e+00 -1.250010889184413498e+00 -2.352019988314719701e+00 nan nan nan nan nan nan nan nan
1.778279410038937378e+10 3.447087292078805820e+00 -1.237529611286840137e+00 -2.347004965324781089e+00 nan nan nan nan nan nan nan nan
1.995262314968899155e+10 3.404000890660199730e+00 -1.224951472362150851e+00 -2.341952940943582639e+00 nan nan nan nan nan nan nan nan
2.238721138568365097e+10 3.361123247333172248e+00 -1.212275217910923963e+00 -2.336816267255257706e+00 nan nan nan nan nan nan nan nan
2.511886431509613037e+10 3.318456559080627422e+00 -1.199499782989496666e+00 -2.331589540998519894e+00 nan nan nan nan nan nan nan nan
2.818382931264495468e+10 3.276002514553114420e+00 -1.186623933558634159e+00 -2.326308767382093023e+00 nan nan nan nan nan nan nan nan
3.162277660168431091e+10 3.233762332980857135e+00 -1.173646268343332411e+00 -2.320990421804193904e+00 nan nan nan nan nan nan nan nan
3.548133892335818481e+10 3.191737288054715016e+00 -1.160565372959460717e+00 -2.315598896898798831e+00 nan nan nan nan nan nan nan nan
3.981071705535050964e+10 3.149929534542570408e+00 -1.147380082600844231e+00 -2.310101656161958505e+00 nan nan nan nan nan nan nan nan
4.466835921509725952e+10 3.108341035976097899e+00 -1.134089154920714604e+00 -2.304539460695914421e+00 nan nan nan nan nan nan nan nan
5.011872336272837830e+10 3.066973148336738841e+00 -1.120691130068271812e+00 -2.298931937420283678e+00 nan nan nan nan nan nan nan nan
5.623413251903628540e+10 3.025827038171158723e+00 -1.107184455163865877e+00 -2.293265965245725901e+00 nan nan nan nan nan nan nan nan
6.309573444802097321e+10 2.984904675983477862e+00 -1.093567811990759919e+00 -2.287486753463011890e+00 nan nan nan nan nan nan nan nan
7.079457843841575623e+10 2.944208280696615887e+00 -1.079839945883372954e+00 -2.281624022827474008e+00 nan nan nan nan nan nan nan nan
7.943282347243049622e+10 2.903739370127001784e+00 -1.065999344356048706e+00 -2.275706782353858593e+00 nan nan nan nan nan nan nan nan
8.912509381337731934e+10 2.863499126875856948e+00 -1.052044347936714308e+00 -2.269743134037176091e+00 nan nan nan nan nan nan nan nan
1.000000000000032654e+11 2.823489252500309910e+00 -1.037973443677719043e+00 -2.263668536460001324e+00 nan nan nan nan nan nan nan nan
1.122018454302001953e+11 2.783712119459847756e+00 -1.023785331759035744e+00 -2.257486974884570063e+00 nan nan nan nan nan nan nan nan
1.258925411794212494e+11 2.744169466068876684e+00 -1.009478466728100932e+00 -2.251241543114872012e+00 nan nan nan nan nan nan nan nan
1.412537544622807312e+11 2.704862576678540353e+00 -9.950511075618951873e-01 -2.244952466077728914e+00 nan nan nan nan nan nan nan nan
1.584893192461175842e+11 2.665792887644175213e+00 -9.805015321836870745e-01 -2.238565404974420581e+00 nan nan nan nan nan nan nan nan
1.778279410038995667e+11 2.626962767319524605e+00 -9.658283375232242784e-01 -2.232048570301442769e+00 nan nan nan nan nan nan nan nan
1.995262314968964539e+11 2.588374231282482896e+00 -9.510299686895431481e-01 -2.225456348883742663e+00 nan nan nan nan nan nan nan nan
2.238721138568438416e+11 2.550028692617396064e+00 -9.361046111138534576e-01 -2.218812251066509589e+00 nan nan nan nan nan nan nan nan
2.511886431509695129e+11 2.511927416728208851e+00 -9.210503535739282821e-01 -2.212089807297614286e+00 nan nan nan nan nan nan nan nan
2.818382931264587402e+11 2.474072597922778893e+00 -9.058656178901143274e-01 -2.205223775973290223e+00 nan nan nan nan nan nan nan nan
3.162277660168534546e+11 2.436466535556532698e+00 -8.905488485699317724e-01 -2.198261641660059329e+00 nan nan nan nan nan nan nan nan
3.548133892335934448e+11 2.399110784264546048e+00 -8.750981621429481105e-01 -2.191235878642304957e+00 nan nan nan nan nan nan nan nan
3.981071705535180664e+11 2.362006575091531335e+00 -8.595115014679647336e-01 -2.184150620432153023e+00 nan nan nan nan nan nan nan nan
4.466835921509872437e+11 2.325155810497508302e+00 -8.437870520616423953e-01 -2.176920780456253368e+00 nan nan nan nan nan nan nan nan
5.011872336273001709e+11 2.288560982518344389e+00 -8.279232281318117392e-01 -2.169564860523838679e+00 nan nan nan nan nan nan nan nan
5.623413251903812256e+11 2.252223837548196439e+00 -8.119181003417275111e-01 -2.162134098278650995e+00 nan nan nan nan nan nan nan nan
6.309573444802304688e+11 2.216145674186737580e+00 -7.957695041733147123e-01 -2.154652994860550841e+00 nan nan nan nan nan nan nan nan
7.079457843841807861e+11 2.180328066704666501e+00 -7.794753547926839277e-01 -2.147040781030781886e+00 nan nan nan nan nan nan nan nan
7.943282347243309326e+11 2.144773537494882198e+00 -7.630339698808815685e-01 -2.139270477728385522e+00 nan nan nan nan nan nan nan nan
8.912509381338023682e+11 2.109484090242257803e+00 -7.464434105970759736e-01 -2.131412647992044995e+00 nan nan nan nan nan nan nan nan
1.000000000000065430e+12 2.074461132237071403e+00 -7.297014246485605815e-01 -2.123498289565939778e+00 nan nan nan nan nan nan nan nan
1.122018454302038818e+12 2.039705981973079840e+00 -7.128056709851208206e-01 -2.115478505426001021e+00 nan nan nan nan nan nan nan nan
1.258925411794253662e+12 2.005220998282772893e+00 -6.957542782667901493e-01 -2.107276963456183871e+00 nan nan nan nan nan nan nan nan
1.412537544622853760e+12 1.971008473674152661e+00 -6.785453273364572269e-01 -2.098966164466860462e+00 nan nan nan nan nan nan nan nan
1.584893192461227539e+12 1.937069924000169419e+00 -6.611764828957427120e-01 -2.090583993471502033e+00 nan nan nan nan nan nan nan nan
1.778279410039053711e+12 1.903406551265474089e+00 -6.436452025254976173e-01 -2.082125070034048342e+00 nan nan nan nan nan nan nan nan
1.995262314969029785e+12 1.870020392319531322e+00 -6.259493357907429667e-01 -2.073477875148227234e+00 nan nan nan nan nan nan nan nan
2.238721138568511719e+12 1.836913957899498406e+00 -6.080869667579745785e-01 -2.064683802393287859e+00 nan nan nan nan nan nan nan nan
2.511886431509777344e+12 1.804088908482653908e+00 -5.900557045073051565e-01 -2.055804696078439520e+00 nan nan nan nan nan nan nan nan
2.818382931264679688e+12 1.771546451483799078e+00 -5.718528665341119366e-01 -2.046869316272752037e+00 nan nan nan nan nan nan nan nan
3.162277660168638184e+12 1.739288220752160496e+00 -5.534759610018397114e-01 -2.037758355652921516e+00 nan nan nan nan nan nan nan nan
3.548133892336050781e+12 1.707316781640002556e+00 -5.349230045913238030e-01 -2.028456588683785533e+00 nan nan nan nan nan nan nan nan
3.981071705535311035e+12 1.675634005999672604e+00 -5.161916047043764166e-01 -2.019055266848989394e+00 nan nan nan nan nan nan nan nan
4.466835921510018555e+12 1.644241163508534109e+00 -4.972789790073145477e-01 -2.009597999001301538e+00 nan nan nan nan nan nan nan nan
5.011872336273166016e+12 1.613139517404020840e+00 -4.781822910032998419e-01 -1.999998610191882520e+00 nan nan nan nan nan nan nan nan
5.623413251903997070e+12 1.582331469281240244e+00 -4.588993728602933642e-01 -1.990169586849146910e+00 2.252066727937598323e-01 1.053875254264257877e-16 5.926376070683322603e-04 1.364598519583204656e-03 5.465626145153999402e-04 1.052951381749117279e+10 7.739515818250881958e+10 1.223075760728758077e+01
6.309573444802510742e+12 1.551819152828955994e+00 -4.394278897323591893e-01 -1.980219511840802582e+00 2.230217953321763924e-01 8.371697209933909721e-17 5.282183840372627146e-04 1.216267776929605112e-03 4.820409571025800104e-04 1.014581801085025406e+10 7.777885398914973450e+10 1.275377311091996368e+01
7.079457843842039062e+12 1.521603895141733442e+00 -4.197649727043278878e-01 -1.970196077495397047e+00 2.206748035319233692e-01 6.644568711258481337e-17 4.703994408186624229e-04 1.083134740181787093e-03 4.245558941747954763e-04 9.762264570865211487e+09 7.816240742913476562e+10 1.330520923155022750e+01
7.943282347243568359e+12 1.491686719322549148e+00 -3.999075060896131184e-01 -1.960074434948867905e+00 2.181574657678911344e-01 5.269044194795709808e-17 4.185350573936696137e-04 9.637125840500710338e-04 3.733847110689992427e-04 9.379188373639734268e+09 7.854548362636024475e+10 1.388719358948680416e+01
8.912509381338316406e+12 1.462069657607231399e+00 -3.798530056147626510e-01 -1.949706721607640914e+00 2.154614418895426653e-01 4.174838256115133461e-17 3.720828512319622298e-04 8.567524266054375118e-04 3.278730858026117161e-04 8.996916993732067108e+09 7.892775500626791382e+10 1.450211720147379602e+01
1.000000000000098242e+13 1.432755062987249861e+00 -3.595992081983080402e-01 -1.939172179422830045e+00 2.125782982818344991e-01 3.304633745416702939e-17 3.304633745417027437e-04 7.609200400002328344e-04 2.874312741374701499e-04 8.615791632741859436e+09 7.930888036725811768e+10 1.515265237557637157e+01
1.122018454302075391e+13 1.403744332692191010e+00 -3.391431897994567346e-01 -1.928547236934561981e+00 2.094994454584053478e-01 2.612855626143584532e-17 2.931672230960106259e-04 6.750424776553338438e-04 2.515322111960811347e-04 8.236209093400013924e+09 7.968846290659997559e+10 1.584171261379787943e+01
1.258925411794294922e+13 1.375038390819710798e+00 -3.184816513249152936e-01 -1.917863630339426750e+00 2.062162376111558726e-01 2.063309410642120478e-17 2.597552649451675532e-04 5.981086008894616422e-04 2.197034342324613967e-04 7.858613034890126228e+09 8.006605896510986328e+10 1.657248818841039650e+01
1.412537544622899805e+13 1.346638767714178675e+00 -2.976116860464214087e-01 -1.906944005985496071e+00 2.027201855799377617e-01 1.627417237630259602e-17 2.298787948919229108e-04 5.293154863135775528e-04 1.915178320523855306e-04 7.483450006379944801e+09 8.044122199362004089e+10 1.734856646766554178e+01
1.584893192461279492e+13 1.318547874389830454e+00 -2.765310358902321464e-01 -1.895796996464364614e+00 1.990031377201793850e-01 1.281941935686378206e-17 2.031741046999976171e-04 4.678256647646260508e-04 1.665893032754305395e-04 7.111167079201849937e+09 8.081350492079814148e+10 1.817401837091360761e+01
1.778279410039111719e+13 1.290767240780278824e+00 -2.552368018685652329e-01 -1.884543370029166276e+00 1.950572051910525184e-01 1.008263841956657679e-17 1.792974830038453356e-04 4.128477115760075759e-04 1.445724688669147869e-04 6.742264005121474266e+09 8.118240799487850952e+10 1.905335536088966819e+01
1.995262314969094922e+13 1.263297770432467715e+00 -2.337255799765494968e-01 -1.873246027793415536e+00 1.908749263639739069e-01 7.916577848354020178e-18 1.579564944433989879e-04 3.637082694469673640e-04 1.251585693413404812e-04 6.377301007959590912e+09 8.154737099204039001e+10 1.999155011355085065e+01
2.238721138568585156e+13 1.236140472295416126e+00 -2.119940033021914527e-01 -1.861756235631718326e+00 1.864495496077043235e-01 6.205204873185681209e-18 1.389172331874958003e-04 3.198687502975055565e-04 1.080691438477287300e-04 6.016853423827417374e+09 8.190781857617256165e+10 2.099420481175088682e+01
2.511886431509859375e+13 1.209297576959293297e+00 -1.900396761349554819e-01 -1.849977410852255311e+00 1.817754607301238778e-01 4.855133002682827872e-18 1.219554271261471753e-04 2.808127485103881866e-04 9.305210637753144739e-05 5.661486757418224335e+09 8.226318524258175659e+10 2.206774365850747444e+01
2.818382931264771875e+13 1.182770811006463418e+00 -1.678598308141562578e-01 -1.838071095756396822e+00 1.768481771906212086e-01 3.790876618467340037e-18 1.068414195601906830e-04 2.460114599936175507e-04 7.988150116493136223e-05 5.311805699288282394e+09 8.261286630071170044e+10 2.321941430636404391e+01
3.162277660168741406e+13 1.156561057997199216e+00 -1.454509967969764561e-01 -1.826105371587374959e+00 1.716645382124341035e-01 2.953039195811264428e-18 9.338329878516626935e-05 2.150229917173328363e-04 6.835563987215765203e-05 4.968476473570306778e+09 8.295619552642967224e+10 2.445730215235230176e+01
3.548133892336166406e+13 1.130668913139875720e+00 -1.228094161167745113e-01 -1.814015133733728913e+00 1.662230914375819324e-01 2.294721627598247287e-18 8.141979580358152141e-05 1.874760080919459827e-04 5.829316487692572357e-05 4.632188378209984779e+09 8.329248362178999329e+10 2.579056095866766185e+01
3.981071705535441406e+13 1.105096169832541442e+00 -9.993236270535484078e-02 -1.801600587059980274e+00 1.605247622837044641e-01 1.778701738528234814e-18 7.081139163841453934e-05 1.630492548007765510e-04 4.953003330460769682e-05 4.303613189908252716e+09 8.362105881009173584e+10 2.722975873323472840e+01
4.466835921510164844e+13 1.079844743073104407e+00 -7.681727438839243416e-02 -1.789006055773360249e+00 1.545730447250558415e-01 1.374786438658163914e-18 6.140945448603317989e-05 1.414004944684363514e-04 4.191878957287740407e-05 3.983432294181523323e+09 8.394123970581846619e+10 2.878704513826288292e+01
5.011872336273329688e+13 1.054915480240329106e+00 -5.346065020249490124e-02 -1.776330176835656527e+00 1.483741027109191923e-01 1.059209487452015114e-18 5.308622728479006864e-05 1.222355555892513880e-04 3.532788832143523905e-05 3.672371842287104607e+09 8.425230015771287537e+10 3.047619710593102482e+01
5.623413251904180469e+13 1.030308720513635201e+00 -2.985848598589975131e-02 -1.763601566429398471e+00 1.419372593757186329e-01 8.132318287421290290e-19 4.573138642618759098e-05 1.053004086668897960e-04 2.963948921503173418e-05 3.371177664013334751e+09 8.455349433598664856e+10 3.231293658618522358e+01
6.309573444802717188e+13 1.006025626866047018e+00 -6.007545375005656288e-03 -1.750552538663981750e+00 1.352757479486964565e-01 6.221533577055953250e-19 3.925522304374069949e-05 9.038849140267369556e-05 2.474726671329266858e-05 3.080562529363735199e+09 8.484410947063624573e+10 3.431554654842608443e+01
7.079457843842270312e+13 9.820681539048893294e-01 1.809456987415746995e-02 -1.737238635199477077e+00 1.284071497892620706e-01 4.741000471525167747e-19 3.356371297579875158e-05 7.728330516360503669e-05 2.055547179913571823e-05 2.801203347861579418e+09 8.512346865213841248e+10 3.650543407554069830e+01
7.943282347243828125e+13 9.584371663829476251e-01 4.245127275793325605e-02 -1.723825844596754697e+00 1.213532280090155180e-01 3.596837229525676433e-19 2.857069367120070310e-05 6.578645334380606798e-05 1.697872783645045755e-05 2.533782279243536949e+09 8.539088972075645447e+10 3.890734694973078689e+01
8.912509381338607812e+13 9.351328558392504320e-01 6.706666798084973125e-02 -1.710406407515578042e+00 1.141402959337099038e-01 2.715509755394158524e-19 2.420200617006694593e-05 5.572717862774606866e-05 1.394088703716166650e-05 2.278974935281299591e+09 8.564569706471868896e+10 4.154988862182834453e+01
1.000000000000130938e+14 9.121556724205251987e-01 9.194461003071553729e-02 -1.696722158613543030e+00 1.067997040406656051e-01 2.039701273427940174e-19 2.039701273428207165e-05 4.696585746356761958e-05 1.137356113487883531e-05 2.037393041043536425e+09 8.588727895895645142e+10 4.446666014970715963e+01
1.122018454302112188e+14 8.895073569236371380e-01 1.170875010575700981e-01 -1.682675333897008407e+00 9.936830141370159297e-02 1.523702557172063952e-19 1.709622388014375008e-05 3.936551025290782428e-05 9.215276941966957344e-06 1.809556324967648983e+09 8.611511567503233337e+10 4.769767420825794346e+01
1.258925411794336094e+14 8.671888667242805271e-01 1.424984865661114153e-01 -1.668509580236716694e+00 9.188773012124279438e-02 1.131240840659100494e-19 1.424147841165328991e-05 3.279221589286938497e-05 7.411333788322533889e-06 1.595926867809247494e+09 8.632874513219073486e+10 5.129021767909304685e+01
1.412537544622946250e+14 8.452002640113641663e-01 1.681816808747327308e-01 -1.654334656364185197e+00 8.440411514146974048e-02 8.341808111587584194e-20 1.178311714765770281e-05 2.713162989319914877e-05 5.913237643670826221e-06 1.396908368390404701e+09 8.652776363160957336e+10 5.529996914840307909e+01
1.584893192461331250e+14 8.235413592250644399e-01 1.941415069157566842e-01 -1.640000884503493683e+00 7.696781276609009070e-02 6.106709735443595888e-20 9.678482688041893030e-06 2.228552996028620710e-05 4.677808647333697999e-06 1.212796791901883602e+09 8.671187520809809875e+10 5.979329903939927959e+01
1.778279410039170000e+14 8.022133743181888432e-01 2.203806537355619821e-01 -1.625231703412647999e+00 6.963328790517735178e-02 4.436146876389589359e-20 7.888708650193186400e-06 1.816442294090801158e-05 3.666559824803846259e-06 1.043742781813108087e+09 8.688092921818687439e+10 6.485056161772163819e+01
1.995262314969160312e+14 7.812173971045857090e-01 2.469018105084479497e-01 -1.610288800833002743e+00 6.245760614685944012e-02 3.194989230222678721e-20 6.374841607795637727e-06 1.467861525630843077e-05 2.845483869873438715e-06 8.897700138933501244e+08 8.703490198610662842e+10 7.056910735454445671e+01
2.238721138568658125e+14 7.605533272441382664e-01 2.737090484471050855e-01 -1.595308342880825014e+00 5.549880814232476672e-02 2.279419011035275884e-20 5.102983523659937497e-06 1.175005379137360182e-05 2.184767143681390738e-06 7.507880597460745573e+08 8.717388394025390625e+10 7.706637795242973255e+01
2.511886431509941875e+14 7.402205093107724343e-01 3.008071516177012739e-01 -1.580297876003002200e+00 4.881462178101453331e-02 1.609558134496057068e-20 4.043027238767100142e-06 9.309414250554003584e-06 1.658280442633202721e-06 6.265648468877280951e+08 8.729810715311225891e+10 8.448520724145606664e+01
2.818382931264864375e+14 7.202193837350582273e-01 3.281994137515161780e-01 -1.564839318020696757e+00 4.246125636817772719e-02 1.124224057173142289e-20 3.168493893654119081e-06 7.295726806770635999e-06 1.243151916200088531e-06 5.166989887761141658e+08 8.740797301122387695e+10 9.300192375795769806e+01
3.162277660168845000e+14 7.005510497031872674e-01 3.558880397673505613e-01 -1.549085102236082090e+00 3.649126730316975403e-02 7.758725601621185478e-21 2.453524464138675503e-06 5.649448856421918811e-06 9.195225246202761011e-07 4.206307942403562069e+08 8.750404120575962830e+10 1.028361658333444240e+02
3.548133892336283125e+14 6.812152809262240760e-01 3.838768980814003529e-01 -1.533273826389176087e+00 3.095089543573507213e-02 5.284230659425030000e-21 1.874915789762845529e-06 4.317153148127086937e-06 6.703574745065520374e-07 3.376733859548429251e+08 8.758699861404513550e+10 1.142609545669464666e+02
3.981071705535571875e+14 6.622111082811976690e-01 4.121708791966429142e-01 -1.517543406454648469e+00 2.587830816308558934e-02 3.547132183739765913e-21 1.412138757248098791e-06 3.251569651678609813e-06 4.811394045114103704e-07 2.670169625994635820e+08 8.765765503740052795e+10 1.276173409051104670e+02
4.466835921510310625e+14 6.435380408895118309e-01 4.407741380917969964e-01 -1.501430987741251499e+00 2.130211780318502432e-02 2.344547503174243972e-21 1.047270900686602170e-06 2.411430364247418256e-06 3.395644041132602616e-07 2.077264733191715181e+08 8.771694552668081665e+10 1.433373202075103450e+02
5.011872336273493750e+14 6.251969361396496616e-01 4.696885810551894025e-01 -1.484863860053106777e+00 1.723997953979097830e-02 1.523869967116492325e-21 7.637441732269146525e-07 1.758585948133356065e-06 2.353139963037413536e-07 1.587632932250469327e+08 8.776590870677493286e+10 1.619760287156828156e+02
5.623413251904365000e+14 6.071875392075315458e-01 4.989175748380171305e-01 -1.468220040893306377e+00 1.369690333874681344e-02 9.722507359225856245e-22 5.467367672560839566e-07 1.258907930075614098e-06 1.598766493485174171e-07 1.190303737217381895e+08 8.780564162627824402e+10 1.842489354928219427e+02
6.309573444802923750e+14 5.895086266926704566e-01 5.284659251971627336e-01 -1.451693706407183537e+00 1.066496255913874577e-02 6.078210280243594533e-22 3.835091417615311967e-07 8.830624328470420017e-07 1.063273902754512582e-07 8.740260668846467137e+07 8.783726939331152344e+10 2.110822015481380731e+02
7.079457843842502500e+14 5.721588028984957441e-01 5.583386986887841630e-01 -1.434951357252153947e+00 8.123799985412051561e-03 3.717462265977297022e-22 2.631761739806150119e-07 6.059855350389716068e-07 6.910119107830107147e-08 6.274811587426102161e+07 8.786192388412571716e+10 2.436902511718392930e+02
7.943282347244088750e+14 5.551383366364358585e-01 5.885379410938337275e-01 -1.417601146813956436e+00 6.041894578783268618e-03 2.220488914036077765e-22 1.763797039311397221e-07 4.061292769785456304e-07 4.379832077786324642e-08 4.395799445973753184e+07 8.788071400554025269e+10 2.836922771536882806e+02
8.912509381338898750e+14 5.384470366663274277e-01 6.190661406742856698e-01 -1.400124649379250075e+00 4.377970292729285381e-03 1.292166459689187086e-22 1.151644569423135241e-07 2.651759617981258033e-07 2.701568980844652874e-08 2.998453755035246909e+07 8.789468746244963074e+10 3.332687912225571267e+02
