# [1] m:            [M_sun/h] 
# [2] sigma 
# [3] ln(1/sigma) 
# [4] n_eff 
# [5] f(sigma) 
# [6] dn/dm:        [h^4/(Mpc^3*M_sun)] 
# [7] dn/dlnm:      [h^3/Mpc^3] 
# [8] dn/dlog10m:   [h^3/Mpc^3] 
# [9] n(>m):        [h^3/Mpc^3] 
# [11] rho(>m):     [M_sun*h^2/Mpc^3] 
# [11] rho(<m):     [M_sun*h^2/Mpc^3] 
# [12] Lbox(N=1):   [Mpc/h]
1.000000000000000000e+10 2.970884886655942303e+00 -1.088859850073810698e+00 -2.371458402634175844e+00 nan nan nan nan nan nan nan nan
1.122018454301965332e+10 2.935136337033222187e+00 -1.076753904341983814e+00 -2.366694306733590381e+00 nan nan nan nan nan nan nan nan
1.258925411794171333e+10 2.899550599005923157e+00 -1.064555759123952283e+00 -2.361886028986666552e+00 nan nan nan nan nan nan nan nan
1.412537544622761154e+10 2.864129074668230857e+00 -1.052264316053619586e+00 -2.356989065709489850e+00 nan nan nan nan nan nan nan nan
1.584893192461123848e+10 2.828873458642854555e+00 -1.039878561252858491e+00 -2.352019988314719701e+00 nan nan nan nan nan nan nan nan
1.778279410038937378e+10 2.793784933200074150e+00 -1.027397283355284685e+00 -2.347004965324781089e+00 nan nan nan nan nan nan nan nan
1.995262314968899155e+10 2.758864396262781238e+00 -1.014819144430595843e+00 -2.341952940943582639e+00 nan nan nan nan nan nan nan nan
2.238721138568365097e+10 2.724113052955215775e+00 -1.002142889979368734e+00 -2.336816267255257706e+00 nan nan nan nan nan nan nan nan
2.511886431509613037e+10 2.689532683881469932e+00 -9.893674550579413252e-01 -2.331589540998519894e+00 nan nan nan nan nan nan nan nan
2.818382931264495468e+10 2.655124657653957776e+00 -9.764916056270789291e-01 -2.326308767382093023e+00 nan nan nan nan nan nan nan nan
3.162277660168431091e+10 2.620889962430721809e+00 -9.635139404117769590e-01 -2.320990421804193904e+00 nan nan nan nan nan nan nan nan
3.548133892335818481e+10 2.586829630508896027e+00 -9.504330450279053766e-01 -2.315598896898798831e+00 nan nan nan nan nan nan nan nan
3.981071705535050964e+10 2.552945408278268324e+00 -9.372477546692891126e-01 -2.310101656161958505e+00 nan nan nan nan nan nan nan nan
4.466835921509725952e+10 2.519238887136079352e+00 -9.239568269891592633e-01 -2.304539460695914421e+00 nan nan nan nan nan nan nan nan
5.011872336272837830e+10 2.485711166074087597e+00 -9.105588021367165830e-01 -2.298931937420283678e+00 nan nan nan nan nan nan nan nan
5.623413251903628540e+10 2.452363190551523076e+00 -8.970521272323105366e-01 -2.293265965245725901e+00 nan nan nan nan nan nan nan nan
6.309573444802097321e+10 2.419196557616633214e+00 -8.834354840592044678e-01 -2.287486753463011890e+00 nan nan nan nan nan nan nan nan
7.079457843841575623e+10 2.386213065655389265e+00 -8.697076179518178352e-01 -2.281624022827474008e+00 nan nan nan nan nan nan nan nan
7.943282347243049622e+10 2.353413944823079973e+00 -8.558670164244934764e-01 -2.275706782353858593e+00 nan nan nan nan nan nan nan nan
8.912509381337731934e+10 2.320800153590785619e+00 -8.419120200051590786e-01 -2.269743134037176091e+00 nan nan nan nan nan nan nan nan
1.000000000000032654e+11 2.288373071031404749e+00 -8.278411157461638137e-01 -2.263668536460001324e+00 nan nan nan nan nan nan nan nan
1.122018454302001953e+11 2.256134619968762856e+00 -8.136530038274806254e-01 -2.257486974884570063e+00 nan nan nan nan nan nan nan nan
1.258925411794212494e+11 2.224086209266686875e+00 -7.993461387965455911e-01 -2.251241543114872012e+00 nan nan nan nan nan nan nan nan
1.412537544622807312e+11 2.192228879862226698e+00 -7.849187796303398468e-01 -2.244952466077728914e+00 nan nan nan nan nan nan nan nan
1.584893192461175842e+11 2.160563795888331917e+00 -7.703692042521320671e-01 -2.238565404974420581e+00 nan nan nan nan nan nan nan nan
1.778279410038995667e+11 2.129092876841215620e+00 -7.556960095916691600e-01 -2.232048570301442769e+00 nan nan nan nan nan nan nan nan
1.995262314968964539e+11 2.097817756300383252e+00 -7.408976407579876966e-01 -2.225456348883742663e+00 nan nan nan nan nan nan nan nan
2.238721138568438416e+11 2.066739579538182880e+00 -7.259722831822981171e-01 -2.218812251066509589e+00 nan nan nan nan nan nan nan nan
2.511886431509695129e+11 2.035859372135394363e+00 -7.109180256423730526e-01 -2.212089807297614286e+00 nan nan nan nan nan nan nan nan
2.818382931264587402e+11 2.005178912528045476e+00 -6.957332899585590980e-01 -2.205223775973290223e+00 nan nan nan nan nan nan nan nan
3.162277660168534546e+11 1.974700064290801915e+00 -6.804165206383765430e-01 -2.198261641660059329e+00 nan nan nan nan nan nan nan nan
3.548133892335934448e+11 1.944424087419620584e+00 -6.649658342113928811e-01 -2.191235878642304957e+00 nan nan nan nan nan nan nan nan
3.981071705535180664e+11 1.914351979647914259e+00 -6.493791735364093931e-01 -2.184150620432153023e+00 nan nan nan nan nan nan nan nan
4.466835921509872437e+11 1.884485282875754120e+00 -6.336547241300870548e-01 -2.176920780456253368e+00 nan nan nan nan nan nan nan nan
5.011872336273001709e+11 1.854826016840869229e+00 -6.177909002002566208e-01 -2.169564860523838679e+00 nan nan nan nan nan nan nan nan
5.623413251903812256e+11 1.825375596955538970e+00 -6.017857724101721706e-01 -2.162134098278650995e+00 nan nan nan nan nan nan nan nan
6.309573444802304688e+11 1.796135075704918371e+00 -5.856371762417593718e-01 -2.154652994860550841e+00 nan nan nan nan nan nan nan nan
7.079457843841807861e+11 1.767105728999184722e+00 -5.693430268611286982e-01 -2.147040781030781886e+00 nan nan nan nan nan nan nan nan
7.943282347243309326e+11 1.738289601179742627e+00 -5.529016419493263390e-01 -2.139270477728385522e+00 nan nan nan nan nan nan nan nan
8.912509381338023682e+11 1.709688316187077284e+00 -5.363110826655207442e-01 -2.131412647992044995e+00 nan nan nan nan nan nan nan nan
1.000000000000065430e+12 1.681303014597577805e+00 -5.195690967170053520e-01 -2.123498289565939778e+00 nan nan nan nan nan nan nan nan
1.122018454302038818e+12 1.653134765020095154e+00 -5.026733430535657021e-01 -2.115478505426001021e+00 nan nan nan nan nan nan nan nan
1.258925411794253662e+12 1.625185479234086516e+00 -4.856219503352350864e-01 -2.107276963456183871e+00 nan nan nan nan nan nan nan nan
1.412537544622853760e+12 1.597457015264536428e+00 -4.684129994049018308e-01 -2.098966164466860462e+00 nan nan nan nan nan nan nan nan
1.584893192461227539e+12 1.569950601675382584e+00 -4.510441549641875936e-01 -2.090583993471502033e+00 2.293727636314721596e-01 1.216925376899701976e-15 1.928696745581651249e-03 4.440988375282440420e-03 1.826665735157232502e-03 1.106162058947139740e+10 7.686305141052859497e+10 8.180508606757360468e+00
1.778279410039053711e+12 1.542667212663735965e+00 -4.335128745939422212e-01 -2.082125070034048342e+00 2.275321157648956538e-01 9.678002273662900750e-16 1.721019217356588304e-03 3.962793194641559859e-03 1.616571195909126835e-03 1.070948444476992416e+10 7.721518755523005676e+10 8.520564883358968444e+00
1.995262314969029785e+12 1.515608499049219793e+00 -4.158170078591876262e-01 -2.073477875148227234e+00 2.255605035280306980e-01 7.692692210663692709e-16 1.534893886859306326e-03 3.534223783209928301e-03 1.429145771462834742e-03 1.035701801798041534e+10 7.756765398201956177e+10 8.877850426433372633e+00
2.238721138568511719e+12 1.488776495726528815e+00 -3.979546388264193491e-01 -2.064683802393287859e+00 2.234510504920420859e-01 6.110832259505748004e-16 1.368044935360190027e-03 3.150039874706376652e-03 1.262039180014922629e-03 1.000442390842678261e+10 7.792024809157319641e+10 9.253564448900723605e+00
2.511886431509777344e+12 1.462172548474289790e+00 -3.799233765757498715e-01 -2.055804696078439520e+00 2.211967000672908912e-01 4.850650525950905899e-16 1.218428324013184471e-03 2.805534895754477689e-03 1.113149810753397270e-03 9.651942761111478806e+09 7.827272923888850403e+10 9.648996030322676276e+00
2.818382931264679688e+12 1.435797635874416667e+00 -3.617205386025566516e-01 -2.046869316272752037e+00 2.187902616722905147e-01 3.847157310630108241e-16 1.084276249817002708e-03 2.496638329516118627e-03 9.805954801216287733e-04 9.299851063830913544e+09 7.862482093616906738e+10 1.006553131444425375e+01
3.162277660168638184e+12 1.409653082124112888e+00 -3.433436330702844819e-01 -2.037758355652921516e+00 2.162245140093097540e-01 3.048937941132137648e-16 9.641588338482721217e-04 2.220057758097554457e-03 8.626780779312838996e-04 8.948428016176771164e+09 7.897624398382321167e+10 1.050470222358168471e+01
3.548133892336050781e+12 1.383740966382360327e+00 -3.247906766597685180e-01 -2.028456588683785533e+00 2.134923135269957972e-01 2.414370749324981769e-16 8.566510684344754746e-04 1.972511980074645281e-03 7.578638344769761306e-04 8.597948624620319366e+09 7.932672337537966919e+10 1.096822301670200517e+01
3.981071705535311035e+12 1.358062805742415557e+00 -3.060592767728211316e-01 -2.019055266848989394e+00 2.105865316087614236e-01 1.910005588577360852e-16 7.603869206099649362e-04 1.750855588304152301e-03 6.647796452675037082e-04 8.248723168304864883e+09 7.967594883169511414e+10 1.145796335264351029e+01
4.466835921510018555e+12 1.332619629248566362e+00 -2.871466510757594293e-01 -2.009597999001301538e+00 2.075001155151731114e-01 1.509347912462706298e-16 6.742009473444575624e-04 1.552405051037811755e-03 5.821981292839523842e-04 7.901107661060222626e+09 8.002356433893975830e+10 1.197594330770820648e+01
5.011872336273166016e+12 1.307412460725685843e+00 -2.680499630717446680e-01 -1.999998610191882520e+00 2.042262158647627779e-01 1.191438419519981963e-16 5.971337255165220939e-04 1.374951214898342084e-03 5.090142226355466246e-04 7.555472195950626373e+09 8.036919980404936218e+10 1.252439321427774388e+01
5.623413251903997070e+12 1.282443246611348453e+00 -2.487670449287381069e-01 -1.990169586849146910e+00 2.007584137262024560e-01 9.394673864976754158e-17 5.283013350962642227e-04 1.216458778801510167e-03 4.442289727930485510e-04 7.212178936581078529e+09 8.071249306341889954e+10 1.310582526376476054e+01
6.309573444802510742e+12 1.257713716211201094e+00 -2.292955618008039320e-01 -1.980219511840802582e+00 1.970906976858928239e-01 7.398306705689343845e-17 4.668015952672183080e-04 1.074850394648136894e-03 3.869462434568058675e-04 6.871616488473200798e+09 8.105305551152677917e+10 1.372302291064389834e+01
7.079457843842039062e+12 1.233224945104852699e+00 -2.096326447727726028e-01 -1.970196077495397047e+00 1.932175064664065356e-01 5.817823228506210228e-17 4.118703428913470421e-04 9.483665117879619107e-04 3.363658207959020394e-04 6.534222282275147438e+09 8.139044971772483826e+10 1.437902306085027959e+01
7.943282347243568359e+12 1.208977762493724351e+00 -1.897751781580578334e-01 -1.960074434948867905e+00 1.891339035905405530e-01 4.568053141087891275e-17 3.628533587687398179e-04 8.355007348437206837e-04 2.917691396301087901e-04 6.200458807802449226e+09 8.172421319219754028e+10 1.507718331086749686e+01
8.912509381338316406e+12 1.184973815458193247e+00 -1.697206776832071440e-01 -1.949706721607640914e+00 1.848359104673454323e-01 3.581429806445556582e-17 3.191952674855069250e-04 7.349742646663752965e-04 2.525072646423553524e-04 5.870781726125578880e+09 8.205389027387440491e+10 1.582129545677559435e+01
1.000000000000098242e+13 1.161215011043704060e+00 -1.494668802667529217e-01 -1.939172179422830045e+00 1.803206068192274858e-01 2.803172135185717861e-17 2.803172135185993193e-04 6.454542371575558045e-04 2.179965520967561479e-04 5.545656541114132881e+09 8.237901545888584900e+10 1.661562919953598438e+01
1.122018454302075391e+13 1.137702481672685728e+00 -1.290108618679014496e-01 -1.928547236934561981e+00 1.755861122691962095e-01 2.189892008121502295e-17 2.457099246040955862e-04 5.657680095940814105e-04 1.877159959279644207e-04 5.225592444920141220e+09 8.269907955507984924e+10 1.746490547101776514e+01
1.258925411794294922e+13 1.114436976305025695e+00 -1.083493233933600780e-01 -1.917863630339426750e+00 1.706318212272090185e-01 1.707267315956783431e-17 2.149322208783834085e-04 4.948997277986692377e-04 1.611993024931449524e-04 4.911131447111598969e+09 8.301354055288838196e+10 1.837436251842459001e+01
1.412537544622899805e+13 1.091419735249621992e+00 -8.747935811486599877e-02 -1.906944005985496071e+00 1.654587861336611065e-01 1.328286474782840179e-17 1.876254515645560319e-04 4.320235678388231293e-04 1.380262201022070185e-04 4.602808608774065971e+09 8.332186339122592163e+10 1.934993312449620362e+01
1.584893192461279492e+13 1.068652712578035846e+00 -6.639870795867679198e-02 -1.895796996464364614e+00 1.600700142870860876e-01 1.031141851889130036e-17 1.634249701520999168e-04 3.762999000952221753e-04 1.178181334038553478e-04 4.301147443844294548e+09 8.362352455615568542e+10 2.039839296642492172e+01
1.778279410039111719e+13 1.046137148266256922e+00 -4.510447393701009361e-02 -1.884543370029166276e+00 1.544703676023472250e-01 7.984677426022308124e-18 1.419898746249956365e-04 3.269437686676085171e-04 1.002370416847841062e-04 4.006699313332542896e+09 8.391797268666743469e+10 2.152735072431173080e+01
1.995262314969094922e+13 1.023873774618292209e+00 -2.359325204499415976e-02 -1.873246027793415536e+00 1.486667971699153490e-01 6.165986783496296758e-18 1.230276106370766561e-04 2.832815422796083980e-04 8.498140891110327944e-05 3.720044723857779026e+09 8.420462727614221191e+10 2.274531859162350500e+01
2.238721138568585156e+13 1.001863409364106339e+00 -1.861675370636202203e-03 -1.861756235631718326e+00 1.426686971668077175e-01 4.748139626902838332e-18 1.062976055162253924e-04 2.447592818826222708e-04 7.178038830704715494e-05 3.441752532845691681e+09 8.448291946715429688e+10 2.406198207175076931e+01
2.511886431509859375e+13 9.801078603457056282e-01 2.009265179659985856e-02 -1.849977410852255311e+00 1.364883819624981565e-01 3.645537439911913807e-18 9.157176030875925079e-05 2.108517702261728985e-04 6.039011200432696535e-05 3.172356663120071411e+09 8.475231533687991333e+10 2.548852603917446658e+01
2.818382931264771875e+13 9.586085269183679536e-01 4.227249711739900634e-02 -1.838071095756396822e+00 1.301409125391055910e-01 2.789670497529233746e-18 7.862359714089296237e-05 1.810375227341894252e-04 5.059287968031764298e-05 2.912389471949200630e+09 8.501228252805078125e+10 2.703772833729565050e+01
3.162277660168741406e+13 9.373661251873637301e-01 6.468133113457866235e-02 -1.826105371587374959e+00 1.236441503348244819e-01 2.126974074398961397e-18 6.726082599229921957e-05 1.548737752723346444e-04 4.219509723015431898e-05 2.662392736028645039e+09 8.526227926397134399e+10 2.872407173643808775e+01
3.548133892336166406e+13 9.163811375553851946e-01 8.732291181478067654e-02 -1.814015133733728913e+00 1.170189920330639566e-01 1.615455527482187874e-18 5.731852508621349879e-05 1.319807814159204616e-04 3.502373331294775227e-05 2.422882895186504364e+09 8.550178910481347656e+10 3.056416396881725817e+01
3.981071705535441406e+13 8.956550175302847583e-01 1.101999652262005136e-01 -1.801600587059980274e+00 1.102898342224775535e-01 1.222071393115066853e-18 4.865153845274672404e-05 1.120243071925212139e-04 2.892360609773654843e-05 2.194317324342699528e+09 8.573035467565728760e+10 3.257735750806552488e+01
4.466835921510164844e+13 8.751893171738033272e-01 1.333150535431626149e-01 -1.789006055773360249e+00 1.034843342901002050e-01 9.203988939252381325e-19 4.111270841503477237e-05 9.466550952906993988e-05 2.375636067969663068e-05 1.977109299795476675e+09 8.594756270020451355e+10 3.478617653116653941e+01
5.011872336273329688e+13 8.549847232669308683e-01 1.566716777290604323e-01 -1.776330176835656527e+00 9.663301393442443044e-02 6.898414432864006399e-19 3.457397246021978146e-05 7.960951359248874483e-05 1.939948510165754870e-05 1.771647295452750683e+09 8.615302470454724121e+10 3.721659179356613834e+01
5.623413251904180469e+13 8.350415107067831189e-01 1.802738419456556829e-01 -1.763601566429398471e+00 8.976923306998978169e-02 5.143342762525885069e-19 2.892314184987351944e-05 6.659799526607100041e-05 1.574429738019345851e-05 1.578272103450784206e+09 8.634639989654919434e+10 3.989871467768158908e+01
6.309573444802717188e+13 8.153606220562362727e-01 2.041247825565496443e-01 -1.750552538663981750e+00 8.292930475239068677e-02 3.814042515843847518e-19 2.406498137531688591e-05 5.541166737798401405e-05 1.269405581409200319e-05 1.397239094913318157e+09 8.652743290508666992e+10 4.286799770870182869e+01
7.079457843842270312e+13 7.959436414795516557e-01 2.282268978057126474e-01 -1.737238635199477077e+00 7.615212356782317948e-02 2.811660054250997049e-19 1.990502882528520347e-05 4.583302264871849207e-05 1.016293856342437277e-05 1.228714860733853817e+09 8.669595713926612854e+10 4.616649458952654328e+01
7.943282347243828125e+13 7.767912698389641823e-01 2.525836006894885410e-01 -1.723825844596754697e+00 6.947812799926851579e-02 2.059290235006799603e-19 1.635752377158110571e-05 3.766459039473839829e-05 8.075498237337895287e-06 1.072801503809808373e+09 8.685187049619017029e+10 4.984369437910837064e+01
8.912509381338607812e+13 7.579036623724489941e-01 2.771989959124050995e-01 -1.710406407515578042e+00 6.294878478572893399e-02 1.497613421951623893e-19 1.334749367276246224e-05 3.073373995973519409e-05 6.365539978476010754e-06 9.295276983814405203e+08 8.699514430161854553e+10 5.395788480861464365e+01
1.000000000000130938e+14 7.392811839135712271e-01 3.020769379622708084e-01 -1.696722158613543030e+00 5.660609977825557804e-02 1.081084773020850047e-19 1.081084773020991597e-05 2.489289682620986793e-05 4.974874058827347188e-06 7.988167698872139454e+08 8.712585523011277771e+10 5.857864248835415566e+01
1.122018454302112188e+14 7.209252453381344017e-01 3.272198289891252165e-01 -1.682675333897008407e+00 5.049201213193244692e-02 7.742389364379336062e-20 8.687103747226015019e-06 2.000279558965533937e-05 3.852481748430686851e-06 6.804757633486125469e+08 8.724419623665136719e+10 6.379007851687918418e+01
1.258925411794336094e+14 7.028366225771095488e-01 3.526308144976666448e-01 -1.668509580236716694e+00 4.464681801327359534e-02 5.496523189271092431e-20 6.919712719490227178e-06 1.593322735569948785e-05 2.954081174796791946e-06 5.742201368505773544e+08 8.735045186314941406e+10 6.969354006922689848e+01
1.412537544622946250e+14 6.850153660331764760e-01 3.783140088062877937e-01 -1.654334656364185197e+00 3.910809354450165559e-02 3.865122114146355985e-20 5.459630100784144693e-06 1.257126288332715246e-05 2.241468918821107134e-06 4.796798228105466366e+08 8.744499217718943787e+10 7.641097822515241944e+01
1.584893192461331250e+14 6.674613220724597840e-01 4.042738348473119969e-01 -1.640000884503493683e+00 3.390977893300994167e-02 2.690438635254872141e-20 4.264057877750401684e-06 9.818356104971902434e-06 1.681728444113615896e-06 3.963837564156553149e+08 8.752828824358433533e+10 8.409071465932461820e+01
1.778279410039170000e+14 6.501754810595929968e-01 4.305129816671173226e-01 -1.625231703412647999e+00 2.908145375044688535e-02 1.852700110780223129e-20 3.294618459977760113e-06 7.586139353047791309e-06 1.246616057663111991e-06 3.237554535027936697e+08 8.760091654649719238e+10 9.291569814457834298e+01
1.995262314969160312e+14 6.331587246426698679e-01 4.570341384400031792e-01 -1.610288800833002743e+00 2.464686198698335176e-02 1.260798539445081740e-20 2.515623812522929853e-06 5.792437890296147099e-06 9.121516265795046789e-07 2.611361823839917183e+08 8.766353581761599731e+10 1.031124219066214067e+02
2.238721138568658125e+14 6.164109714983343480e-01 4.838413763786602040e-01 -1.595308342880825014e+00 2.062277847957923183e-02 8.470083394614854691e-21 1.896215474096365206e-06 4.366197483758928064e-06 6.581857422281210659e-07 2.078058532930808961e+08 8.771686614670690918e+10 1.149609939147993174e+02
2.511886431509941875e+14 5.999316904188347621e-01 5.109394795492564478e-01 -1.580297876003002200e+00 1.701846657474496288e-02 5.611476707719500643e-21 1.409539220285469357e-06 3.245583996619772597e-06 4.678912052186484460e-07 1.629877607793511748e+08 8.776168423922062683e+10 1.288106304969117559e+02
2.818382931264864375e+14 5.837212383630137058e-01 5.383317416830715185e-01 -1.564839318020696757e+00 1.383548742460576422e-02 3.663148275828045416e-21 1.032415457528607971e-06 2.377224442282000371e-06 3.273209942461003949e-07 1.258565927909795642e+08 8.779881540720899963e+10 1.451026618397069399e+02
3.162277660168845000e+14 5.677805061959877442e-01 5.660203676989058463e-01 -1.549085102236082090e+00 1.106736467830736134e-02 2.353128625505491999e-21 7.441246083939837255e-07 1.713410230618018984e-06 2.250551274235971899e-07 9.556107357372541726e+07 8.782911092642625427e+10 1.644007127366166117e+02
3.548133892336283125e+14 5.521093105157811598e-01 5.940092260129556934e-01 -1.533273826389176087e+00 8.699478742851544238e-03 1.485257587763249746e-21 5.269892785992417808e-07 1.213437657070300362e-06 1.518839302313872422e-07 7.125177814303383231e+07 8.785342022185694885e+10 1.874258077119906716e+02
3.981071705535571875e+14 5.367068658705256290e-01 6.223032071281980881e-01 -1.517543406454648469e+00 6.709806039685474108e-03 9.197111650432543802e-22 3.661436096418856808e-07 8.430768174564369358e-07 1.004710683682174333e-07 5.209730679089065641e+07 8.787257469320909119e+10 2.151062321828620725e+02
4.466835921510310625e+14 5.215727744144137423e-01 6.509064660233523369e-01 -1.501430987741251499e+00 5.070015116172566123e-03 5.580145313017081671e-22 2.492559353143209775e-07 5.739330009950436779e-07 6.504582290692946773e-08 3.729727226850607991e+07 8.788737472773147583e+10 2.486529002823411929e+02
5.011872336273493750e+14 5.067077310410829094e-01 6.798209089867446320e-01 -1.484863860053106777e+00 3.746751475837092806e-03 3.311814863294648388e-22 1.659839329620583050e-07 3.821921297149584914e-07 4.114269463917877954e-08 2.609936549989397079e+07 8.789857263450009155e+10 2.896692684473489976e+02
5.623413251904365000e+14 4.921115292214797710e-01 7.090499027695724710e-01 -1.468220040893306377e+00 2.702953591310183670e-03 1.918644348523499280e-22 1.078933005517846333e-07 2.484335054844655407e-07 2.537705375919276184e-08 1.781800942734812200e+07 8.790685399057263184e+10 3.402929356740274329e+02
6.309573444802923750e+14 4.777831774176601876e-01 7.385982531287179631e-01 -1.451693706407183537e+00 1.899640749497135978e-03 1.082649457823842191e-22 6.831056269115598335e-08 1.572908833466910100e-07 1.523394403841357742e-08 1.184430280826727301e+07 8.791282769719171143e+10 4.033937960123471953e+02
7.079457843842502500e+14 4.637215444496682326e-01 7.684710266203393925e-01 -1.434951357252153947e+00 1.297720021066163174e-03 5.938385015361789357e-23 4.204054637675979826e-08 9.680193538845195459e-08 8.881623570034835227e-09 7.649943804620192386e+06 8.791702205619535828e+10 4.828762875447344527e+02
7.943282347244088750e+14 4.499268481829814537e-01 7.986702690253889569e-01 -1.417601146813956436e+00 8.596511261272731354e-04 3.159349721538252505e-23 2.509560687186532812e-08 5.778477028279604171e-08 5.016955928253532087e-09 4.789178888340616599e+06 8.791988282111164856e+10 5.841439790948427344e+02
8.912509381338898750e+14 4.363989336218477288e-01 8.291984686058408993e-01 -1.400124649379250075e+00 5.507472215038409624e-04 1.625541152200505826e-23 1.448765076873945163e-08 3.335904869260319390e-08 2.738360453868490647e-09 2.898394937959927134e+06 8.792177360506202698e+10 7.147757258729475325e+02
