# [1] m:            [M_sun/h] 
# [2] sigma 
# [3] ln(1/sigma) 
# [4] n_eff 
# [5] f(sigma) 
# [6] dn/dm:        [h^4/(Mpc^3*M_sun)] 
# [7] dn/dlnm:      [h^3/Mpc^3] 
# [8] dn/dlog10m:   [h^3/Mpc^3] 
# [9] n(>m):        [h^3/Mpc^3] 
# [11] rho(>m):     [M_sun*h^2/Mpc^3] 
# [11] rho(<m):     [M_sun*h^2/Mpc^3] 
# [12] Lbox(N=1):   [Mpc/h]
1.000000000000000000e+10 3.624698540150209869e+00 -1.287771123510669247e+00 -2.361242218390441128e+00 2.578112995771467686e-01 2.068151357974166951e-11 2.068151357974166993e-01 4.762094486926709558e-01 2.310673786983317712e-01 3.149888008388094330e+10 4.385322991611905670e+10 1.629622907189272274e+00
1.122018454301965332e+10 3.580377983695048449e+00 -1.275468376876940813e+00 -2.356394020342361451e+00 2.589411330938649614e-01 1.662513888313781674e-11 1.865371263221379527e-01 4.295176063593020843e-01 2.084242023220325424e-01 3.125934605151208878e+10 4.409276394848791504e+10 1.686620147899795974e+00
1.258925411794171333e+10 3.536267803941750998e+00 -1.263071878316406105e+00 -2.351505963623462314e+00 2.600752944060308325e-01 1.336439345118706329e-11 1.682477452891500136e-01 3.874047502326560255e-01 1.880011434072336729e-01 3.101693596013698578e+10 4.433517403986301422e+10 1.745607113874062977e+00
1.412537544622761154e+10 3.492369596804146159e+00 -1.250580473385797031e+00 -2.346529688066314456e+00 2.612134190959459201e-01 1.074398796239245782e-11 1.517628637585434481e-01 3.494469077605084628e-01 1.695798519574046315e-01 3.077160581969155884e+10 4.458050418030844116e+10 1.806655091843243577e+00
1.584893192461123848e+10 3.448685488955725909e+00 -1.237993140743590903e+00 -2.341474016061691366e+00 2.623550979276256800e-01 8.637868554941313032e-12 1.369009907010049210e-01 3.152261804042504334e-01 1.529630247532857423e-01 3.052330414357349396e+10 4.482880585642650604e+10 1.869840285430871996e+00
1.778279410038937378e+10 3.405216985623066073e+00 -1.225308663157890221e+00 -2.336369787180621493e+00 2.634999046363138420e-01 6.944656664658510146e-12 1.234953995655190956e-01 2.843586660929076637e-01 1.379734035908568579e-01 3.027198689647665024e+10 4.508012310352334595e+10 1.935240187464712713e+00
1.995262314968899155e+10 3.361965183007699309e+00 -1.212525678897017123e+00 -2.331230172041795168e+00 2.646473886141069709e-01 5.583267705698254362e-12 1.114008364756259306e-01 2.565099054158436198e-01 1.244516893031381438e-01 3.001761846930874634e+10 4.533449153069125366e+10 2.002932904668676350e+00
2.238721138568365097e+10 3.318931425820976777e+00 -1.199642871427972546e+00 -2.326009928735548904e+00 2.657970552009938925e-01 4.488981663359848060e-12 1.004957814040947223e-01 2.314000881698567436e-01 1.122539394634956833e-01 2.976015726517251968e+10 4.559195273482748413e+10 2.073000799605666078e+00
2.511886431509613037e+10 3.276117887321427169e+00 -1.186659150484224101e+00 -2.320692310577221917e+00 2.669483471614680914e-01 3.609424270833560146e-12 9.066463851468298252e-02 2.087630451056028680e-01 1.012498611316092340e-01 2.949954993285906219e+10 4.585256006714093781e+10 2.145532946685247300e+00
2.818382931264495468e+10 3.233526328218306656e+00 -1.173573284199584066e+00 -2.315317312196524036e+00 2.681006748740070167e-01 2.902227290406761032e-12 8.179587857932421602e-02 1.883419706851029440e-01 9.132223573684163098e-02 2.923574771890381241e+10 4.611636228109619141e+10 2.220621233672310346e+00
3.162277660168431091e+10 3.191157971115480940e+00 -1.160383851277746459e+00 -2.309902960356768453e+00 2.692534171342378380e-01 2.333541643694942114e-12 7.379306608929236955e-02 1.699148139435290583e-01 8.236581612112586770e-02 2.896871331498258591e+10 4.638339668501741028e+10 2.298357935828212906e+00
3.548133892335818481e+10 3.149013977189027980e+00 -1.147089380720986096e+00 -2.304421799754767353e+00 2.704059052706079824e-01 1.876317381695374690e-12 6.657425294772160995e-02 1.532928824146387037e-01 7.428562371217170557e-02 2.869840794202895737e+10 4.665370205797103882e+10 2.378839138854001778e+00
3.981071705535050964e+10 3.107096409757892808e+00 -1.133688659783981922e+00 -2.298830311591653519e+00 2.715573931839398436e-01 1.508790468287467243e-12 6.006603042880215293e-02 1.383071462606866031e-01 6.699562299528860621e-02 2.842477935747872162e+10 4.692733064252127838e+10 2.462168986701296802e+00
4.466835921509725952e+10 3.065407311992781381e+00 -1.120180451910542718e+00 -2.293167586774802480e+00 2.727070786522298729e-01 1.213268815982055421e-12 5.419472729676218931e-02 1.247879711924021195e-01 6.041824505896141451e-02 2.814777484274215698e+10 4.720433515725784302e+10 2.548456927952254425e+00
5.011872336272837830e+10 3.023948050750572492e+00 -1.106563279185126980e+00 -2.287456520659270076e+00 2.738541176939063848e-01 9.756067872048496824e-13 4.889616667872007105e-02 1.125875844989730201e-01 5.448385616667705822e-02 2.786735434462897491e+10 4.748475565537102509e+10 2.637813302538205118e+00
5.623413251903628540e+10 2.982719728145442950e+00 -1.092835544747480681e+00 -2.281693329055031860e+00 2.749976092594318411e-01 7.844820042847627049e-13 4.411466498774853362e-02 1.015777699832161318e-01 4.912972230462234885e-02 2.758348225013381958e+10 4.776862774986618042e+10 2.730351516939087286e+00
6.309573444802097321e+10 2.941724170544075090e+00 -1.078995862020498686e+00 -2.275816282555898518e+00 2.761365632829175243e-01 6.308365367801245507e-13 3.980309460478795303e-02 9.165001229201646948e-02 4.429902774774155394e-02 2.729611068473484039e+10 4.805599931526515961e+10 2.826193772640904545e+00
7.079457843841575623e+10 2.900963646358208248e+00 -1.065042973643377522e+00 -2.269846482924974485e+00 2.772699036111217485e-01 5.072955824030098458e-13 3.591377689989168343e-02 8.269452732280450913e-02 3.994041425737104856e-02 2.700518445876691818e+10 4.834692554123307800e+10 2.925471096512427316e+00
7.943282347243049622e+10 2.860439707538892318e+00 -1.050975356909097380e+00 -2.263819168787725378e+00 2.783964952083166633e-01 4.079363784985547504e-13 3.240353834125828808e-02 7.461190434484234191e-02 3.600775346567989393e-02 2.671066049807322693e+10 4.864144950192677307e+10 3.028316930035703347e+00
8.912509381337731934e+10 2.820153512894254977e+00 -1.036791320664915972e+00 -2.257748934562117782e+00 2.795151297842603522e-01 3.280199951097602201e-13 2.923481283682094825e-02 6.731564423453488544e-02 3.245956475119547713e-02 2.641250681471631241e+10 4.893960318528369141e+10 3.134866873489337458e+00
1.000000000000032654e+11 2.780106599327604400e+00 -1.022489272049263764e+00 -2.251571783921746839e+00 2.806244985061371877e-01 2.637666611738110587e-13 2.637666611738196873e-02 6.073451820476485907e-02 2.925831069021300052e-02 2.611068269151662445e+10 4.924142730848337555e+10 3.245265634707184432e+00
1.122018454302001953e+11 2.740301329604524216e+00 -1.008067888661468459e+00 -2.245277647506623175e+00 2.817231735639717516e-01 2.121064875180283205e-13 2.379873932724050137e-02 5.479862240695512754e-02 2.636998217492001265e-02 2.580513373197738266e+10 4.954697626802261353e+10 3.359670772701288666e+00
1.258925411794212494e+11 2.700739505561523757e+00 -9.935256264577172480e-01 -2.238916054641925779e+00 2.828096401794858994e-01 1.705575455530872572e-13 2.147192282700305377e-02 4.944092941937580643e-02 2.376399337926175109e-02 2.549581496187811661e+10 4.985629503812188721e+10 3.478245183639058435e+00
1.412537544622807312e+11 2.661422406135197427e+00 -9.788607190201480401e-01 -2.232509641017609514e+00 2.838822883067489977e-01 1.371372364676423761e-13 1.937114952763608830e-02 4.460372013649351042e-02 2.141287714036502893e-02 2.518269778249956512e+10 5.016941221750043488e+10 3.601153704034958825e+00
1.584893192461175842e+11 2.622351324075172574e+00 -9.640713672408843804e-01 -2.226013176835671903e+00 2.849393901613113678e-01 1.102631067771511654e-13 1.747552473107266344e-02 4.023888273801669996e-02 1.929181206850228217e-02 2.486575088088363647e+10 5.048635911911636353e+10 3.728570213584377235e+00
1.778279410038995667e+11 2.583528540797547901e+00 -9.491561160220131077e-01 -2.219379298806380962e+00 2.859790661851787652e-01 8.865811132164590804e-14 1.576588938962280792e-02 3.630230188633847693e-02 1.737828245289341211e-02 2.454492596262058258e+10 5.080718403737941742e+10 3.860685129468225174e+00
1.995262314968964539e+11 2.544956152635489577e+00 -9.341134210271485605e-01 -2.212663680638319974e+00 2.869993090194440932e-01 7.128289089009275937e-14 1.422280658950465966e-02 3.274922243353091400e-02 1.565199434489668306e-02 2.422017864925144577e+10 5.113193135074855042e+10 3.997699132105204445e+00
2.238721138568438416e+11 2.506635570361820164e+00 -9.189414437759274579e-01 -2.205892214620130964e+00 2.879979874647590754e-01 5.730771260270744561e-14 1.282959876066860558e-02 2.954124285541041839e-02 1.409473271267315531e-02 2.389148391373606873e+10 5.146062608626393127e+10 4.139816125095787669e+00
2.511886431509695129e+11 2.468567966474017883e+00 -9.036382118495969173e-01 -2.199051416742817011e+00 2.889728242729641683e-01 4.606868412776992319e-14 1.157193025780513251e-02 2.664535410878884555e-02 1.269006778856818056e-02 2.355882214301449585e+10 5.179328785698550415e+10 4.287248785449405908e+00
2.818382931264587402e+11 2.430755383880459419e+00 -8.882020666102302675e-01 -2.192064598518336904e+00 2.899213577686248211e-01 3.703403353727221735e-14 1.043760879973283130e-02 2.403348242876829355e-02 1.142309687512925789e-02 2.322215799275268173e+10 5.212995200724731445e+10 4.440229113205238498e+00
3.162277660168534546e+11 2.393200181248107850e+00 -8.726314582683631915e-01 -2.184970324783294338e+00 2.908409470000432595e-01 2.976960959455267865e-14 9.413977137279280413e-03 2.167648342208603265e-02 1.028034772885790503e-02 2.288145145292077255e+10 5.247065854707922363e+10 4.599006941566362805e+00
3.548133892335934448e+11 2.355903928940985548e+00 -8.569244877681936323e-01 -2.177808719088067058e+00 2.917287877946943553e-01 2.392744473494112464e-14 8.489777762103961969e-03 1.954843571785293277e-02 9.249724750359435144e-03 2.253668263644742203e+10 5.281542736355258179e+10 4.763838868586190323e+00
3.981071705535180664e+11 2.318867812599751943e+00 -8.410790547512482229e-01 -2.170594329757697949e+00 2.925818891607055994e-01 1.922908447605704723e-14 7.655236413097649129e-03 1.762683324814385763e-02 8.320343026209519807e-03 2.218784725040983200e+10 5.316426274959016418e+10 4.934989763555381437e+00
4.466835921509872437e+11 2.282093545827342140e+00 -8.250932435126431264e-01 -2.163238674851545085e+00 2.933970391370679387e-01 1.545259752834724562e-14 6.902421772025614174e-03 1.589341347782372710e-02 7.482336858060333745e-03 2.183492985705852127e+10 5.351718014294148254e+10 5.112746356009921556e+00
5.011872336273001709e+11 2.245583621140243125e+00 -8.089654522823647165e-01 -2.155743601142432020e+00 2.941707886598463606e-01 1.241703980354275889e-14 6.223261828977670260e-03 1.432958991720284514e-02 6.726761773184672909e-03 2.147790149322272873e+10 5.387420850677726746e+10 5.297422975995317529e+00
5.623413251903812256e+11 2.209339831107792751e+00 -7.926937519485171002e-01 -2.148169567832409310e+00 2.948994711275166880e-01 9.976341628275633302e-15 5.610109171796485300e-03 1.291775374904776015e-02 6.045578181528410595e-03 2.111675163593925476e+10 5.423535836406074524e+10 5.489347436417259196e+00
6.309573444802304688e+11 2.173363453769491915e+00 -7.762759462708075375e-01 -2.140545856440082328e+00 2.955791811398265079e-01 8.013840951702435889e-15 5.056391805973091576e-03 1.164277239677088266e-02 5.431565027882946997e-03 2.075149464804983521e+10 5.460061535195016479e+10 5.688856848536121724e+00
7.079457843841807861e+11 2.137655883011796654e+00 -7.597098468944981642e-01 -2.132800666107843135e+00 2.962057454020648462e-01 6.436600894063097063e-15 4.556764468715418515e-03 1.049233793794905611e-02 4.878187269514951130e-03 2.038214216891584778e+10 5.496996783108415222e+10 5.896312741233032284e+00
7.943282347243309326e+11 2.102219559847076980e+00 -7.429937198291893807e-01 -2.124885408527031228e+00 2.967746932333775733e-01 5.169350233661478400e-15 4.106160845776129879e-03 9.454784752919940735e-03 4.379509202243228420e-03 2.000868694656608200e+10 5.534342305343391418e+10 6.112115028030135733e+00
8.912509381338023682e+11 2.067056560311674840e+00 -7.261256438045394779e-01 -2.116876485201855118e+00 2.972812680803218477e-01 4.150812932246252594e-15 3.699415919882391782e-03 8.518219949906050137e-03 3.930184084672580340e-03 1.963113509646435165e+10 5.572097490353564453e+10 6.336688654553035427e+00
1.000000000000065430e+12 2.032168273195137598e+00 -7.091033378993235603e-01 -2.108806190309739037e+00 2.977204124008311359e-01 3.332153047724277655e-15 3.332153047724495821e-03 7.672565935265101590e-03 3.525414437543302956e-03 1.924952416004311752e+10 5.610258583995687866e+10 6.570472577834309824e+00
1.122018454302038818e+12 1.997555884122771186e+00 -6.919243752996191432e-01 -2.100643271054760675e+00 2.980867395586367929e-01 2.674353501603813307e-15 3.000673982126755499e-03 6.909307180180149395e-03 3.160867609657173199e-03 1.886390075759638596e+10 5.648820924240361023e+10 6.813933612279128305e+00
1.258925411794253662e+12 1.963221590587980181e+00 -6.745867925648004748e-01 -2.092293200259695674e+00 2.983745048295853852e-01 2.146107476765314650e-15 2.701789238941500280e-03 6.221099625998426606e-03 2.832607439502710274e-03 1.847429399331946564e+10 5.687781600668053436e+10 7.067587644714578232e+00
1.412537544622853760e+12 1.929167747688779855e+00 -6.570886911011207809e-01 -2.083820321445344792e+00 2.985776035866328226e-01 1.721797409771797101e-15 2.432103485537043860e-03 5.600125230416457683e-03 2.537076818092339620e-03 1.808073680454381561e+10 5.727137319545618439e+10 7.331994451596283824e+00
1.584893192461227539e+12 1.895395862781839247e+00 -6.394277152837368750e-01 -2.075271323865898410e+00 2.986895590382310228e-01 1.380951845147204353e-15 2.188661178490575350e-03 5.039578603207179805e-03 2.271084222251750027e-03 1.768329728045258713e+10 5.766881271954740906e+10 7.607738681964737459e+00
1.778279410039053711e+12 1.861907059609845039e+00 -6.216012633286892575e-01 -2.066657218336124480e+00 2.987034943316823621e-01 1.107198895057528596e-15 1.968908997898794096e-03 4.533580508023608152e-03 2.031755244470981325e-03 1.728206811314586258e+10 5.807004188685414124e+10 7.895437563429235084e+00
1.995262314969029785e+12 1.828703159855187943e+00 -6.036070598212684990e-01 -2.057856871990215719e+00 2.986121137764289335e-01 8.875002293587236135e-16 1.770795762165831670e-03 4.077407924700074231e-03 1.816480533652889981e-03 1.687713133199378967e+10 5.847497866800621033e+10 8.195769782057620745e+00
2.238721138568511719e+12 1.795786680697064819e+00 -5.854431881581797503e-01 -2.048891927815502889e+00 2.984076977424228172e-01 7.111874056207790018e-16 1.592150278446936374e-03 3.666061496958234953e-03 1.622893798111433097e-03 1.646856163840772438e+10 5.888354836159227753e+10 8.509485445299262096e+00
2.511886431509777344e+12 1.763159303793067290e+00 -5.671072588304781892e-01 -2.039837226284765492e+00 2.980820834595498403e-01 5.696720402160376181e-16 1.430951468229157020e-03 3.294887519542400237e-03 1.448870072698917955e-03 1.605646982285217667e+10 5.929564017714782715e+10 8.837379789814622910e+00
2.818382931264679688e+12 1.730822191696103518e+00 -5.485965509273157403e-01 -2.030730595398965388e+00 2.976266417851820556e-01 4.561004238837067747e-16 1.285465649616424413e-03 2.959894042362686082e-03 1.292500533651291372e-03 1.564100737032626724e+10 5.971110262967373657e+10 9.180290474488309371e+00
3.162277660168638184e+12 1.698776752493769138e+00 -5.299084346999156647e-01 -2.021460078550125772e+00 2.970322700285623063e-01 3.650281438139703343e-16 1.154320344515743319e-03 2.657920817821702100e-03 1.152055162146682285e-03 1.522232740852522659e+10 6.012978259147477722e+10 9.539133100368990981e+00
3.548133892336050781e+12 1.667025471667740399e+00 -5.110408835965750685e-01 -2.011980445376550186e+00 2.962894093174252008e-01 2.920289021528878746e-16 1.036157645270349746e-03 2.385841147991319810e-03 1.025961113001357334e-03 1.480056822193491173e+10 6.055154177806508636e+10 9.914931086344957123e+00
3.981071705535311035e+12 1.635570272716416307e+00 -4.919915341881398452e-01 -2.002395340471074370e+00 2.953880163446813700e-01 2.335046367108778350e-16 9.295987023209776462e-04 2.140480114430892873e-03 9.128030814408025695e-04 1.437590100546641922e+10 6.097620899453358459e+10 1.030878861016989667e+01
4.466835921510018555e+12 1.604412385342610436e+00 -4.727575744941681091e-01 -1.992749667171835659e+00 2.943175445853000727e-01 1.865940274800872826e-16 8.334849046872813650e-04 1.919169916768497354e-03 8.113118306608182312e-04 1.394855045687830353e+10 6.140355954312169647e+10 1.072187476814023732e+01
5.011872336273166016e+12 1.573552886275594975e+00 -4.533360475552735136e-01 -1.982980207159383390e+00 2.930669515393070079e-01 1.490185795651705387e-16 7.468620965133999662e-04 1.719713529954035184e-03 7.203397444927552755e-04 1.351876041210844994e+10 6.183334958789154816e+10 1.115546147792935017e+01
5.623413251903997070e+12 1.542994001533274817e+00 -4.337246858383246306e-01 -1.972970433196489015e+00 2.916247682455847534e-01 1.189464598065187349e-16 6.688850983430435918e-04 1.540164856370548592e-03 6.388427848346409955e-04 1.308676120884539604e+10 6.226534879115460205e+10 1.161097442891336939e+01
6.309573444802510742e+12 1.512737921008015629e+00 -4.139212016978124353e-01 -1.962824348795574769e+00 2.899790885864662604e-01 9.487748429249981455e-17 5.986364554016241181e-04 1.378411378330574727e-03 5.658783789671132432e-04 1.265280692654141808e+10 6.269930307345858002e+10 1.208998141011023364e+01
7.079457843842039062e+12 1.482785931019231285e+00 -3.939227041318334455e-01 -1.952598848538808385e+00 2.881175410594609687e-01 7.561830078635613086e-17 5.353365726399755570e-04 1.232658011895331916e-03 5.006016442114658970e-04 1.221721347004603577e+10 6.313489652995396423e+10 1.259416105432251065e+01
7.943282347243568359e+12 1.453138928431188637e+00 -3.737259949045937391e-01 -1.942294091980417914e+00 2.860273296898143136e-01 6.021665531352000310e-17 4.783178951619340745e-04 1.101367655112158329e-03 4.422510025362788632e-04 1.178033785295192337e+10 6.357177214704808044e+10 1.312533483437162651e+01
8.912509381338316406e+12 1.423798697542435709e+00 -3.533284389115717294e-01 -1.931743109399048919e+00 2.836953720394833067e-01 4.791506939635617596e-17 4.270435055025008581e-04 9.833040098299792274e-04 3.901342109127256411e-04 1.134253334132705688e+10 6.400957665867294312e+10 1.368554157185794473e+01
1.000000000000098242e+13 1.394767597444895868e+00 -3.327278045808436113e-01 -1.921001459352838392e+00 2.811083743136402746e-01 3.809244142223334294e-17 3.809244142223708546e-04 8.771108777459202819e-04 3.436238387233283512e-04 1.090416296658262444e+10 6.444794703341737366e+10 1.427706395421048846e+01
1.122018454302075391e+13 1.366047010172688481e+00 -3.119211750313156117e-01 -1.910164244027256819e+00 2.782527821335996632e-01 3.025134825513509481e-17 3.394257100978046371e-04 7.815565802501235398e-04 3.021571522734274292e-04 1.046565502061565971e+10 6.488645497938433838e+10 1.490238252819685627e+01
1.258925411794294922e+13 1.337637776974139214e+00 -2.909052053045604325e-01 -1.899279923609984211e+00 2.751148817224387533e-01 2.399579474909422330e-17 3.020891578583482606e-04 6.955859916397578047e-04 2.652285879761805500e-04 1.002750207384434128e+10 6.532460792615565491e+10 1.556419113900967410e+01
1.412537544622899805e+13 1.309541147161210839e+00 -2.696768065118383406e-01 -1.888173228701517825e+00 2.716810096616700809e-01 1.901255910237371526e-17 2.685595355146473033e-04 6.183811830574319386e-04 2.323794086087509528e-04 9.590207694114250183e+09 6.576190230588574982e+10 1.626550129702362568e+01
1.584893192461279492e+13 1.281759449623087521e+00 -2.482337040930278904e-01 -1.876812091197138654e+00 2.679378148460375142e-01 1.504633054152606132e-17 2.384682684678689289e-04 5.490934801262170595e-04 2.031925420291598526e-04 9.154272404955785751e+09 6.619783759504421234e+10 1.700972969239688126e+01
1.778279410039111719e+13 1.254294232849616719e+00 -2.265730501344030701e-01 -1.865338096154870229e+00 2.638722147863897249e-01 1.189061461551511367e-17 2.114483514348065613e-04 4.868778219519517402e-04 1.772932594772057518e-04 8.720257573791097641e+09 6.663185242620890045e+10 1.780065262716316710e+01
1.995262314969094922e+13 1.227146328893720106e+00 -2.046914160702643926e-01 -1.853819009838097998e+00 2.594715587030059223e-01 9.381820716780964736e-18 1.871919332198940114e-04 4.310253549608648741e-04 1.543456800543854313e-04 8.288804210408241272e+09 6.706330578959175873e+10 1.864240078541453727e+01
2.238721138568585156e+13 1.200316490764342214e+00 -1.825852643236858808e-01 -1.842133765290813630e+00 2.547239254105155282e-01 7.390474037134491261e-18 1.654521045097529712e-04 3.809675494486501656e-04 1.340458574441476475e-04 7.860582022006003380e+09 6.749152797799399567e+10 1.953959394335424449e+01
2.511886431509859375e+13 1.173806755993079820e+00 -1.602521047849982117e-01 -1.830139079012676806e+00 2.496186543272276848e-01 5.812399259745557539e-18 1.460008683507281804e-04 3.361794230285729268e-04 1.161171831322171542e-04 7.436250862676592827e+09 6.791585913732341003e+10 2.049751294681069780e+01
2.818382931264771875e+13 1.147618889514162799e+00 -1.376892650054348521e-01 -1.818001864463417938e+00 2.441464142312365360e-01 4.562588580759290163e-18 1.285912177839554230e-04 2.960922211592866005e-04 1.003103920275207365e-04 7.016514414313121796e+09 6.833559558568687439e+10 2.152210226978827734e+01
3.162277660168741406e+13 1.121753694010907854e+00 -1.148932589471231280e-01 -1.805796945060493597e+00 2.382993643350016788e-01 3.573923310874463694e-18 1.130173784513462083e-04 2.602321308713362812e-04 8.640228322675521733e-05 6.602157535286087990e+09 6.874995246471391296e+10 2.261994755335831542e+01
3.548133892336166406e+13 1.096211572381831312e+00 -9.186021039027671142e-02 -1.793498771606791165e+00 2.320715919233572178e-01 2.793147801176334704e-18 9.910462379657993394e-05 2.281968294007879398e-04 7.419155921995215992e-05 6.194007745677808762e+09 6.915810225432218933e+10 2.379844059078194007e+01
3.981071705535441406e+13 1.070994028832318312e+00 -6.858721613010530793e-02 -1.780871468003964342e+00 2.254598960050092915e-01 2.178025525953451133e-18 8.670875795307231889e-05 1.996542934947732537e-04 6.349528114756317141e-05 5.792880004867485046e+09 6.955922999513250732e+10 2.506606624865456467e+01
4.466835921510164844e+13 1.046102977993438099e+00 -4.507181012142502663e-02 -1.768032062653559056e+00 2.184641382678100263e-01 1.694040265219279853e-18 7.566999909166085333e-05 1.742366118953312824e-04 5.414800851281059799e-05 5.399598900973236084e+09 6.995251109902676392e+10 2.643255657929689662e+01
5.011872336273329688e+13 1.021539205142602658e+00 -2.131051451222672546e-02 -1.755105281829405950e+00 2.110872876172457668e-01 1.313829083117170245e-18 6.584743636266298490e-05 1.516193253805418729e-04 4.600161008091380231e-05 5.015053136129374504e+09 7.033705686387062073e+10 2.790887448388190606e+01
5.623413251904180469e+13 9.973029134174891119e-01 2.700730273569222541e-03 -1.742152188283396130e+00 2.033359948002674278e-01 1.015749298034619463e-18 5.711978063180247860e-05 1.315231553978784109e-04 3.892304806145332910e-05 4.640176696750414848e+09 7.071193330324958801e+10 2.950740737295071625e+01
6.309573444802717188e+13 9.733949194639684999e-01 2.696540096771232742e-02 -1.728892908765664371e+00 1.952214677749457283e-01 7.828055259574268696e-19 4.939168959025804672e-05 1.137285681683173727e-04 3.279175497229846196e-05 4.275879744593683243e+09 7.107623025540631104e+10 3.124245214523274683e+01
7.079457843842270312e+13 9.498170892190852532e-01 5.148585058942686116e-02 -1.715328633315662765e+00 1.867602076523972587e-01 6.012021985739109591e-19 4.256185620429291821e-05 9.800229562616101693e-05 2.749848337743652390e-05 3.923034276064828396e+09 7.142907572393516541e+10 3.313068530984605786e+01
7.943282347243828125e+13 9.265702624616303229e-01 7.626539969219198190e-02 -1.701658795623586906e+00 1.779738018299714952e-01 4.599271905294977900e-19 3.653331533550408449e-05 8.412106728918247571e-05 2.294539930455295556e-05 3.582534148736167908e+09 7.176957585126382446e+10 3.519125810705059365e+01
8.912509381338607812e+13 9.036545169097149888e-01 1.013081631961723766e-01 -1.687989943553975358e+00 1.688893887669961347e-01 3.503351354434744051e-19 3.122365181252497731e-05 7.189511521235652993e-05 1.904499474201449736e-05 3.255293329328164101e+09 7.209681667067182922e+10 3.744608173941561091e+01
1.000000000000130938e+14 8.810699620049766700e-01 1.266182441614955301e-01 -1.674094231055354154e+00 1.595403167955115054e-01 2.656606786728983243e-19 2.656606786729331064e-05 6.117063185069769788e-05 1.571835106543815488e-05 2.942175277500764370e+09 7.240993472249923706e+10 3.992065623951257436e+01
1.122018454302112188e+14 8.588181256129413521e-01 1.521981074562410441e-01 -1.659798262454547757e+00 1.499670538599238989e-01 2.004980734333141755e-19 2.249625384441985554e-05 5.179953875037115492e-05 1.289409680041144728e-05 2.643948601868366718e+09 7.270816139813163757e+10 4.264515440916944300e+01
1.258925411794336094e+14 8.368999757043884546e-01 1.780507189737925433e-01 -1.645370286367844326e+00 1.402165614339016819e-01 1.505095570632485600e-19 1.894803061048333094e-05 4.362945282529378735e-05 1.050837201101983355e-05 2.361332938701622009e+09 7.299077706129837036e+10 4.565498316723649452e+01
1.412537544622946250e+14 8.153154523609087434e-01 2.041801825173975293e-01 -1.630922551206853921e+00 1.303420158353082725e-01 1.123198766349116458e-19 1.586560427542303253e-05 3.653190389593167467e-05 8.504338092989204619e-06 2.095010656966609716e+09 7.325709934303338623e+10 4.899139744052260426e+01
1.584893192461331250e+14 7.940640902827975633e-01 2.305911027522439816e-01 -1.616369095321699367e+00 1.204028198831758600e-01 8.329157601008706404e-20 1.320082518077625250e-05 3.039602327647583109e-05 6.831139913679023921e-06 1.845567816470752001e+09 7.350654218352925110e+10 5.270303268444266109e+01
1.778279410039170000e+14 7.731467777527196716e-01 2.572863677564810048e-01 -1.601365176112144129e+00 1.104649676555530674e-01 6.135826553310529955e-20 1.091121402332372283e-05 2.512399875657279297e-05 5.443139362852813825e-06 1.613437966332138538e+09 7.373867203366786194e+10 5.684821710202424327e+01
1.995262314969160312e+14 7.525645948894603698e-01 2.842684456585162778e-01 -1.586144212245938157e+00 1.005997653017346449e-01 4.486898538504459137e-20 8.952539564968149547e-06 2.061398414673506048e-05 4.299689790270122317e-06 1.398918477792101145e+09 7.395319152220790100e+10 6.149705125285449014e+01
2.238721138568658125e+14 7.323173265550265709e-01 3.115413527347871137e-01 -1.570877599994942475e+00 9.088201254123166872e-02 3.254554358241002760e-20 7.286039638414886264e-06 1.677672625837784529e-05 3.364922030142303907e-06 1.202196684192195654e+09 7.414991331580780029e+10 6.673315607496235202e+01
2.511886431509941875e+14 7.124041142603808607e-01 3.391099523722164721e-01 -1.555635171569603958e+00 8.138888816312488117e-02 2.339840143255756761e-20 5.877412707746414199e-06 1.353324288623066508e-05 2.607172801527094324e-06 1.023315731965042353e+09 7.432879426803495789e+10 7.265687716842010957e+01
2.818382931264864375e+14 6.928249818203823240e-01 3.669778631744705644e-01 -1.539957622931715120e+00 7.219894020102322896e-02 1.666634821105514163e-20 4.697215132455452097e-06 1.081573754257797597e-05 1.998448290806880881e-06 8.621235838168090582e+08 7.448998641618319702e+10 7.939058976194040440e+01
3.162277660168845000e+14 6.735809374818418904e-01 3.951471159172811887e-01 -1.523921678387713641e+00 6.339003144736003736e-02 1.175099216618953901e-20 3.715990001196028115e-06 8.556383182468901472e-06 1.514145272680710766e-06 7.182722101447892189e+08 7.463383778985520935e+10 8.708515951395794730e+01
3.548133892336283125e+14 6.546716840379539493e-01 4.236214147561093712e-01 -1.507821944126108704e+00 5.503591221747539119e-02 8.192396921380949112e-21 2.906772117622317043e-06 6.693090146767882762e-06 1.132908439449792706e-06 5.912581116848523617e+08 7.476085188831515503e+10 9.592571890538039270e+01
3.981071705535571875e+14 6.360960929336615388e-01 4.524056375365509419e-01 -1.491831202919642774e+00 4.720398139227858364e-02 5.641216263456115226e-21 2.245808645125224159e-06 5.171165507982496448e-06 8.363020480810345390e-07 4.804212099781534672e+08 7.487168879002185059e+10 1.061399665794843088e+02
4.466835921510310625e+14 6.178532392139807206e-01 4.815043267266052029e-01 -1.475514748585351033e+00 3.995319724980762877e-02 3.833707143100681092e-21 1.712454077935279041e-06 3.943071232290637577e-06 6.084461295742071413e-07 3.849216277033029795e+08 7.496718837229669189e+10 1.180119416106914940e+02
5.011872336273493750e+14 5.999437581202388126e-01 5.109193646257964572e-01 -1.458672034742397816e+00 3.333203955698931659e-02 2.568627419304160508e-21 1.287363270500409818e-06 2.964263475922305273e-06 4.357627618688843218e-07 3.037477218686266541e+08 7.504836227813137817e+10 1.319015690332905990e+02
5.623413251904365000e+14 5.823673761377426983e-01 5.406537999156372232e-01 -1.441743193259520606e+00 2.737521317618950983e-02 1.694106504532414256e-21 9.526660967724959997e-07 2.193594753029172636e-06 3.068163061450979458e-07 2.357677220788943470e+08 7.511634227792111206e+10 1.482656415029258881e+02
6.309573444802923750e+14 5.651227118510883107e-01 5.707123823008675156e-01 -1.424922392729871312e+00 2.210190430545178747e-02 1.098185787691702050e-21 6.929083883479544688e-07 1.595480525820529275e-06 2.120894241738558057e-07 1.797619936766207218e+08 7.517234800632337952e+10 1.676847865315472177e+02
7.079457843842502500e+14 5.482079982721599354e-01 6.011005051575726288e-01 -1.407977629636269601e+00 1.751498509671895604e-02 6.987198889658169917e-22 4.946557998587815767e-07 1.138987070917876794e-06 1.437277342553959345e-07 1.344364623999654651e+08 7.521767353760003662e+10 1.909061005746968078e+02
7.943282347244088750e+14 5.316231371930101313e-01 6.318204294012921274e-01 -1.390383450988005309e+00 1.360117446367660118e-02 4.357556304736629204e-22 3.461330007253664779e-07 7.970006876635261250e-07 9.532804029086106008e-08 9.845093128420598805e+07 7.525365906871578979e+10 2.189070650512490488e+02
8.912509381338898750e+14 5.153679342285640841e-01 6.628741980106094278e-01 -1.372605152139057871e+00 1.033098566790585128e-02 2.658146196962538475e-22 2.369075291739894132e-07 5.454997450940800908e-07 6.176552947192104232e-08 7.046949856238597631e+07 7.528164050143760681e+10 2.529790809231773210e+02
