# [1] m:            [M_sun/h] 
# [2] sigma 
# [3] ln(1/sigma) 
# [4] n_eff 
# [5] f(sigma) 
# [6] dn/dm:        [h^4/(Mpc^3*M_sun)] 
# [7] dn/dlnm:      [h^3/Mpc^3] 
# [8] dn/dlog10m:   [h^3/Mpc^3] 
# [9] n(>m):        [h^3/Mpc^3] 
# [11] rho(>m):     [M_sun*h^2/Mpc^3] 
# [11] rho(<m):     [M_sun*h^2/Mpc^3] 
# [12] Lbox(N=1):   [Mpc/h]
1.000000000000000000e+10 1.599085871102869483e+00 -4.694321354135332358e-01 -2.361242218390441128e+00 2.232465249961830267e-01 1.790874195937674676e-11 1.790874195937674773e-01 4.123640226993788294e-01 1.795056632865777713e-01 1.000019135425873375e+10 6.535191864574126434e+10 1.772721920809351648e+00
1.122018454301965332e+10 1.579533244907387557e+00 -4.571293887798049682e-01 -2.356394020342361451e+00 2.223416395739938045e-01 1.427529335820998585e-11 1.601714258848588035e-01 3.688083375660765606e-01 1.599763542799414739e-01 9.793647908371498108e+09 6.555846209162850189e+10 1.842106499487960791e+00
1.258925411794171333e+10 1.560073429302313075e+00 -4.447328902192702049e-01 -2.351505963623462314e+00 2.213763260385721576e-01 1.137578380412722857e-11 1.432126331009233589e-01 3.297592741066117661e-01 1.425121639881243296e-01 9.586409885672203064e+09 6.576570011432779694e+10 1.914473481672420041e+00
1.412537544622761154e+10 1.540707128347094335e+00 -4.322414852886610204e-01 -2.346529688066314456e+00 2.203480738852780785e-01 9.063152504007534606e-12 1.280204318455243351e-01 2.947779379661645827e-01 1.268987336863049986e-01 9.378528077009378433e+09 6.597358192299062347e+10 1.989974771559276823e+00
1.584893192461123848e+10 1.521435280253143008e+00 -4.196541526464552252e-01 -2.341474016061691366e+00 2.192543254965587662e-01 7.218804051080603037e-12 1.144103339826843119e-01 2.634395295129989822e-01 1.129432969993259539e-01 9.170050971595878601e+09 6.618205902840412140e+10 2.068774619821825311e+00
1.778279410038937378e+10 1.502258549071971538e+00 -4.069696750607543212e-01 -2.336369787180621493e+00 2.180924520087623719e-01 5.747923144203061125e-12 1.022141337782257325e-01 2.353567407310417359e-01 1.004733902432249915e-01 8.961037580844329834e+09 6.639107241915567017e+10 2.151045751815054086e+00
1.995262314968899155e+10 1.483177418408041293e+00 -3.941866907998812231e-01 -2.331230172041795168e+00 2.168597581262618479e-01 4.575091749638945202e-12 9.128508155579713457e-02 2.101916680031242213e-01 8.933468002487088278e-02 8.751558190808588028e+09 6.660055180919141388e+10 2.236969028817987759e+00
2.238721138568365097e+10 1.464192481499354992e+00 -3.813038833308365905e-01 -2.326009928735548904e+00 2.155535032986568011e-01 3.640430564774100440e-12 8.149908858850150872e-02 1.876585864764847289e-01 7.938842366288070829e-02 8.541682501192125320e+09 6.681042749880787659e+10 2.326738666276519485e+00
2.511886431509613037e+10 1.445304697108956704e+00 -3.683201623870882013e-01 -2.320692310577221917e+00 2.141709284470636743e-01 2.895817694560241338e-12 7.273965175091319513e-02 1.674892377912309827e-01 7.050972805618785366e-02 8.331475204139514923e+09 6.702063479586048889e+10 2.420566323316842183e+00
2.818382931264495468e+10 1.426514841998076211e+00 -3.552342961024481660e-01 -2.315317312196524036e+00 2.127092267301557149e-01 2.302607119611651762e-12 6.489628603321584421e-02 1.494292208107605158e-01 6.258676659113809881e-02 8.121009526840295792e+09 6.723110047315970612e+10 2.518677107919766733e+00
3.162277660168431091e+10 1.407823455535310631e+00 -3.420448631806106699e-01 -2.309902960356768453e+00 2.111655422099051604e-01 1.830110799353627641e-12 5.787318496428967007e-02 1.332579329828605386e-01 5.551958774629760923e-02 7.910372689371016502e+09 6.744173731062898254e+10 2.621307212400847408e+00
3.548133892335818481e+10 1.389231049989539724e+00 -3.287503926238500851e-01 -2.304421799754767353e+00 2.095369913382886529e-01 1.453954559767222537e-12 5.158825451426286846e-02 1.187863458181244725e-01 4.921848077627301310e-02 7.699655578357034683e+09 6.765245442164296722e+10 2.728709263553396269e+00
3.981071705535050964e+10 1.370738535622440857e+00 -3.153496716868458560e-01 -2.298830311591653519e+00 2.078207121281498149e-01 1.154665339416029493e-12 4.596805512111180880e-02 1.058453584758006633e-01 4.360268816892490934e-02 7.488943623023476601e+09 6.786316637697652435e+10 2.841159258291610534e+00
4.466835921509725952e+10 1.352346813807017156e+00 -3.018414638134068739e-01 -2.293167586774802480e+00 2.060138446197432860e-01 9.165518349322219760e-13 4.094086660200901839e-02 9.426982913204376424e-02 3.859980847872881982e-02 7.278327167805521965e+09 6.807378283219448090e+10 2.958954475109823345e+00
5.011872336272837830e+10 1.334056487551076309e+00 -2.882242910879910802e-01 -2.287456520659270076e+00 2.041135125500178060e-01 7.271555011876700340e-13 3.644410540571094148e-02 8.391565383469373751e-02 3.414517140456040101e-02 7.067911567026535988e+09 6.828419843297346497e+10 3.082408788643940856e+00
5.623413251903628540e+10 1.315868043067524473e+00 -2.744965566503447252e-01 -2.281693329055031860e+00 2.021168492690206542e-01 5.765760343927222696e-13 3.242325312534076465e-02 7.465729931278225484e-02 3.018084757587351924e-02 6.857810719441240311e+09 6.849429928055876160e+10 3.211856912611059656e+00
6.309573444802097321e+10 1.297782286083272174e+00 -2.606568739233628973e-01 -2.275816282555898518e+00 2.000210613926577397e-01 4.569499676243515480e-13 2.883159381325786641e-02 6.638719812166692102e-02 2.665473514001230615e-02 6.648134782278711319e+09 6.870397521772129059e+10 3.347664109189019133e+00
7.079457843841575623e+10 1.279800217339517987e+00 -2.467039855462416220e-01 -2.269846482924974485e+00 1.978234403363857696e-01 3.619395977399852406e-13 2.562336124217202971e-02 5.899996962862671251e-02 2.352005594625497867e-02 6.438994107249442101e+09 6.891311589275056458e+10 3.490228682348000877e+00
7.943282347243049622e+10 1.261922521500922878e+00 -2.326363688119615636e-01 -2.263819168787725378e+00 1.955213207569306555e-01 2.864987917651553829e-13 2.275740795134621047e-02 5.240086830395395551e-02 2.073503499794047272e-02 6.230513434761242867e+09 6.912159656523875427e+10 3.639975069083997816e+00
8.912509381337731934e+10 1.244149709791712244e+00 -2.184523325677799888e-01 -2.257748934562117782e+00 1.931121113820560009e-01 2.266232739532529120e-13 2.019782055137837526e-02 4.650720051257262871e-02 1.826233327752731922e-02 6.022830746499477386e+09 6.932927925350051880e+10 3.797355399913492580e+00
1.000000000000032654e+11 1.226482460238028205e+00 -2.041502839521279755e-01 -2.251571783921746839e+00 1.905933618452624323e-01 1.791439270749109768e-13 1.791439270749168103e-02 4.124941359831159338e-02 1.606841792475522182e-02 5.816083247286681175e+09 6.953602675271331787e+10 3.962862103793995061e+00
1.122018454302001953e+11 1.208921815206571715e+00 -1.897289005643325865e-01 -2.245277647506623175e+00 1.879628242330450005e-01 1.415152822811245463e-13 1.587827582851788349e-02 3.656108122519296372e-02 1.412315555416761639e-02 5.610404193681147575e+09 6.974170580631884766e+10 4.137037134256604354e+00
1.258925411794212494e+11 1.191468569602428751e+00 -1.751866383605814037e-01 -2.238916054641925779e+00 1.852183960901989945e-01 1.117019738378612067e-13 1.406244534120557749e-02 3.237997701370353559e-02 1.239962909819521120e-02 5.405938734331736565e+09 6.994617126566825867e+10 4.320464441504466180e+00
1.412537544622807312e+11 1.174123287646158920e+00 -1.605217309230120848e-01 -2.232509641017609514e+00 1.823581445430179637e-01 8.809317460120608272e-14 1.244349165492158842e-02 2.865219838941825831e-02 1.087382471311717190e-02 5.202848029689491272e+09 7.014926197031051636e+10 4.513767903638429502e+00
1.584893192461175842e+11 1.156886539652131951e+00 -1.457323791437485083e-01 -2.226013176835671903e+00 1.793803717430401123e-01 6.941489231106478763e-14 1.100151902792322056e-02 2.533193371398635360e-02 9.524221410532062587e-03 5.001296241548969269e+09 7.035081375845103455e+10 4.717625971834446652e+00
1.778279410038995667e+11 1.139759332098599698e+00 -1.308171279248772079e-01 -2.219379298806380962e+00 1.762837293977579656e-01 5.465079214931474841e-14 9.718437842144720187e-03 2.237753010251165506e-02 8.331484815119617748e-03 4.801441465738972664e+09 7.055066853426103210e+10 4.932788909638716746e+00
1.995262314968964539e+11 1.122742589811918990e+00 -1.157744329300124247e-01 -2.212663680638319974e+00 1.730671741020866072e-01 4.298522017465873714e-14 8.576678991514022701e-03 1.974853319325539647e-02 7.278333232725445363e-03 4.603448953025872231e+09 7.074866104697412109e+10 5.160075088961355583e+00
2.238721138568438416e+11 1.105836935174024482e+00 -1.006024556787913499e-01 -2.205892214620130964e+00 1.697299597399297144e-01 3.377397126441802398e-14 7.561050340305563826e-03 1.740996180096514995e-02 6.349370857869935693e-03 4.407500069121108055e+09 7.094460993087889099e+10 5.400364850322043608e+00
2.511886431509695129e+11 1.089042885448387787e+00 -8.529922375246080934e-02 -2.199051416742817011e+00 1.662717084702699522e-01 2.650740198900482476e-14 6.658358339075432300e-03 1.533143665536768584e-02 5.530835896461618051e-03 4.213782876081963539e+09 7.113832712391802979e+10 5.654615453250538160e+00
2.818382931264587402e+11 1.072361341892281938e+00 -6.986307851309431216e-02 -2.192064598518336904e+00 1.626925574813184450e-01 2.078205509383750381e-14 5.857178935307189548e-03 1.348665290343707170e-02 4.810383657491501888e-03 4.022479425949200630e+09 7.132963057405079651e+10 5.923886944217292339e+00
3.162277660168534546e+11 1.055793345064244937e+00 -5.429247017122715985e-02 -2.184970324783294338e+00 1.589931662991956318e-01 1.627406504397106259e-14 5.146311232867934772e-03 1.184981952870951642e-02 4.176971846687840308e-03 3.833771996160191536e+09 7.151833800383981323e+10 6.209350148672191594e+00
3.548133892335934448e+11 1.039339587752075245e+00 -3.858549967105750350e-02 -2.177808719088067058e+00 1.551746559433150041e-01 1.272734525932411156e-14 4.515832507406896019e-03 1.039808861401304331e-02 3.620774143119778396e-03 3.647856420661294937e+09 7.170425357933869934e+10 6.512276848839404941e+00
3.981071705535180664e+11 1.023000593017540982e+00 -2.274006665411222594e-02 -2.170594329757697949e+00 1.512386867253440736e-01 9.939718044175319366e-15 3.957073026666384566e-03 9.111497363090846971e-03 3.133034493692183307e-03 3.464938083225916862e+09 7.188717191677407837e+10 6.834051929933997016e+00
4.466835921509872437e+11 1.006777116840266606e+00 -6.754255415507199635e-03 -2.163238674851545085e+00 1.471876033211166335e-01 7.752057764361702267e-15 3.462717008747036654e-03 7.973200565597859946e-03 2.705917045474967499e-03 3.285216825618230820e+09 7.206689317438177490e+10 7.176210573739439269e+00
5.011872336273001709e+11 9.906702588283583522e-01 9.373535814771565000e-03 -2.155743601142432020e+00 1.430245247341784542e-01 6.037109342493636770e-15 3.025722130469915040e-03 6.966982673162211773e-03 2.332412464505967398e-03 3.108885309561405659e+09 7.224322469043859863e+10 7.540466510466769634e+00
5.623413251903812256e+11 9.746808097985617536e-01 2.564523614861882045e-02 -2.148169567832409310e+00 1.387532322880672686e-01 4.693971277875519283e-15 2.639614028806106568e-03 6.077935913986897039e-03 2.006289499827241304e-03 2.936144376836778641e+09 7.241596562316322327e+10 7.928702694561014397e+00
6.309573444802304688e+11 9.588093335756706637e-01 4.206304182632852190e-02 -2.140545856440082328e+00 1.343782280695506037e-01 3.643307160430704003e-15 2.298771411071166056e-03 5.293116783333355266e-03 1.722013182394236102e-03 2.767204240688545227e+09 7.258490575931146240e+10 8.342979492833537236e+00
7.079457843841807861e+11 9.430564450919649566e-01 5.862914120263806872e-02 -2.132800666107843135e+00 1.299048525387488107e-01 2.822854394195071285e-15 1.998427868300761256e-03 4.601550218973200941e-03 1.474646507336573173e-03 2.602269765968797684e+09 7.274984023403120422e+10 8.785585126952465629e+00
7.943282347243309326e+11 9.274232212337982784e-01 7.534526826794669951e-02 -2.124885408527031228e+00 1.253394523972771457e-01 2.183216905989192300e-15 1.734190830954710676e-03 3.993121955763274597e-03 1.259779702968162130e-03 2.441532326135933399e+09 7.291057767386405945e+10 9.259093386193358199e+00
8.912509381338023682e+11 9.119105778733028744e-01 9.221334429259656074e-02 -2.116876485201855118e+00 1.206892488676713504e-01 1.685133066802122043e-15 1.501876426667682818e-03 3.458198271564171759e-03 1.073496697284976676e-03 2.285183026937317371e+09 7.306692697306268311e+10 9.766368251283694235e+00
1.000000000000065430e+12 8.965191276941874010e-01 1.092356501978124506e-01 -2.108806190309739037e+00 1.159623201600371439e-01 1.297876069116205224e-15 1.297876069116290056e-03 2.988470089300879640e-03 9.123299882633511713e-04 2.133418213360184669e+09 7.321869178663981628e+10 1.031057019317324119e+01
1.122018454302038818e+12 8.812493937514460640e-01 1.264146127975167011e-01 -2.100643271054760675e+00 1.111676845885627429e-01 9.973663604922913478e-16 1.119063462172410804e-03 2.576738846112499367e-03 7.731997648780172816e-04 1.986427747696279287e+09 7.336568225230372620e+10 1.089522229487706539e+01
1.258925411794253662e+12 8.661023454996740201e-01 1.437521955323357026e-01 -2.092293200259695674e+00 1.063154890885113640e-01 7.646915615633115131e-16 9.626896390366828076e-04 2.216674812025684616e-03 6.533644234245631266e-04 1.844383328001316071e+09 7.350772667199868774e+10 1.152430752972159667e+01
1.412537544622853760e+12 8.510790219229190656e-01 1.612502969960152854e-01 -2.083820321445344792e+00 1.014169053116596303e-01 5.848374518888555714e-16 8.261048582945704297e-04 1.902176731959036565e-03 5.503931348249455199e-04 1.707445220477728605e+09 7.364466477952227783e+10 1.220231776983817618e+01
1.584893192461227539e+12 8.361800880124143909e-01 1.789112728133989416e-01 -2.075271323865898410e+00 9.648397572476911932e-02 4.460809568747057235e-16 7.069906718373114834e-04 1.627906181858438826e-03 4.621410619795089875e-04 1.575771383577900887e+09 7.377633861642210388e+10 1.293426676845304435e+01
1.778279410039053711e+12 8.214060395227813505e-01 1.967377247684467534e-01 -2.066657218336124480e+00 9.152965223570046216e-02 3.392713233807606342e-16 6.033192087847080026e-04 1.389193816464631085e-03 3.867135620214325487e-04 1.449510578928761005e+09 7.390259942107124329e+10 1.372577469109968185e+01
1.995262314969029785e+12 8.067576801143909737e-01 2.147319282758673731e-01 -2.057856871990215719e+00 8.656791899178251093e-02 2.572871106556525842e-16 5.133552760184903517e-04 1.182044205970019619e-03 3.224326114605665251e-04 1.328789003449459076e+09 7.402332099655053711e+10 1.458322846917893756e+01
2.238721138568511719e+12 7.922361202756449394e-01 2.328957999389560385e-01 -2.048891927815502889e+00 8.161374117167943809e-02 1.945079342322906806e-16 4.354490239851229946e-04 1.002658431386950922e-03 2.678150455266424838e-04 1.213709981351724863e+09 7.413840001864826965e+10 1.551392459246094369e+01
2.511886431509777344e+12 7.778421018930380404e-01 2.512317292666577107e-01 -2.039837226284765492e+00 7.668275752624813257e-02 1.465503140020069929e-16 3.681177452751386941e-04 8.476224327371137445e-04 2.215580239235410813e-04 1.104364883528085947e+09 7.424774511647190857e+10 1.652611760452787948e+01
2.818382931264679688e+12 7.635761378428576052e-01 2.697424371698203815e-01 -2.030730595398965388e+00 7.179122578588811865e-02 1.100170613614224466e-16 3.100702078889319441e-04 7.139630384666195055e-04 1.825183871434479181e-04 1.000831070302989960e+09 7.435127892969700623e+10 1.762913996679473172e+01
3.162277660168638184e+12 7.494388493224126702e-01 2.884305533972205682e-01 -2.021460078550125772e+00 6.695601694748204435e-02 8.228341850252803909e-17 2.602030161328512149e-04 5.991395860995924133e-04 1.496908215292927665e-04 9.031593960626500845e+08 7.444895060393734741e+10 1.883366940081204177e+01
3.548133892336050781e+12 7.354313328363057956e-01 3.072981045005608314e-01 -2.011980445376550186e+00 6.219459396340472346e-02 6.130026394402595484e-17 2.175015441089440883e-04 5.008158131684415943e-04 1.221919365475920382e-04 8.113692138384951353e+08 7.454074078616149902e+10 2.015204622841807236e+01
3.981071705535311035e+12 7.215544369624470322e-01 3.263474539089961102e-01 -2.002395340471074370e+00 5.752459019968528958e-02 4.547326835644492954e-17 1.810323420120571003e-04 4.168423720667624411e-04 9.925048191671204849e-05 7.254581904978955984e+08 7.462665180950210571e+10 2.159844369510118156e+01
4.466835921510018555e+12 7.078087042012329855e-01 3.455814136029677908e-01 -1.992749667171835659e+00 5.296359599744798752e-02 3.357832677259176061e-17 1.499888762120144448e-04 3.453621504807137099e-04 8.019536885302523145e-05 6.454043046778856516e+08 7.470670569532211304e+10 2.318908274489177046e+01
5.011872336273166016e+12 6.941946095666674532e-01 3.650029405418623862e-01 -1.982980207159383390e+00 4.852902463436483543e-02 2.467602123239159183e-17 1.236730681839127055e-04 2.847677632051136428e-04 6.444212101087961133e-05 5.711569113187035322e+08 7.478095308868128967e+10 2.494269586817583928e+01
5.623413251903997070e+12 6.807131350973228967e-01 3.846143022588114913e-01 -1.972970433196489015e+00 4.423805708303349404e-02 1.804359866413778935e-17 1.014666118399496972e-04 2.336355078592813439e-04 5.148203923426979020e-05 5.026306941766713858e+08 7.484947930582333374e+10 2.688116497658528203e+01
6.309573444802510742e+12 6.673652468944911709e-01 4.044177863993235200e-01 -1.962824348795574769e+00 4.010720294399003349e-02 1.312256871998498351e-17 8.279781112321332791e-05 1.906490056248476034e-04 4.087492639716660853e-05 4.397121213221780062e+08 7.491239787867782593e+10 2.903004253207576468e+01
7.079457843842039062e+12 6.541515124357643041e-01 4.244162839653025099e-01 -1.952598848538808385e+00 3.615191251378975512e-02 9.488301838261217928e-18 6.717203287361921842e-05 1.546693215609016236e-04 3.224196821752291242e-05 3.822649001998133659e+08 7.496984509980018616e+10 3.141903327149536196e+01
7.943282347243568359e+12 6.410723273852125814e-01 4.446129931925422163e-01 -1.942294091980417914e+00 3.238638069248689355e-02 6.818227912440533140e-18 5.415910941637225133e-05 1.247059579919722013e-04 2.525758622870109322e-05 3.301261607888190150e+08 7.502198383921118164e+10 3.408286166759398128e+01
8.912509381338316406e+12 6.281284789108078082e-01 4.650105491855641149e-01 -1.931743109399048919e+00 2.882342955817924698e-02 4.868167632036418795e-18 4.338758969045211817e-05 9.990361724217719226e-05 1.964234684784738210e-05 2.831019967734625340e+08 7.506900800322653198e+10 3.706257089607930055e+01
1.000000000000098242e+13 6.153210077585653526e-01 4.856111835162922885e-01 -1.921001459352838392e+00 2.547417399827738363e-02 3.451955080237093996e-18 3.451955080237433166e-05 7.948420309439779884e-05 1.515765133943302562e-05 2.409711478523478806e+08 7.511113885214765930e+10 4.040694616090440405e+01
1.122018454302075391e+13 6.026505236319431580e-01 5.064178130658203436e-01 -1.910164244027256819e+00 2.234757944547803576e-02 2.429605207468727130e-18 2.726061879448334551e-05 6.276989446197067213e-05 1.160129890052382807e-05 2.034928520885154605e+08 7.514861714791148376e+10 4.417376955667693750e+01
1.258925411794294922e+13 5.901173976592700710e-01 5.274337827925754674e-01 -1.899279923609984211e+00 1.945030480761783531e-02 1.696475010907602905e-18 2.135735501705584874e-05 4.917712728805439176e-05 8.802623356773213843e-06 1.704080232927908301e+08 7.518170197670721436e+10 4.843165315294538686e+01
1.412537544622899805e+13 5.777221809917897355e-01 5.486621815852976702e-01 -1.888173228701517825e+00 1.678661535234573371e-02 1.174747240937963667e-18 1.659374583267037180e-05 3.820851179123886866e-05 6.617982379790892159e-06 1.414377001299744546e+08 7.521067229987002563e+10 5.326289866167608977e+01
1.584893192461279492e+13 5.654659010511619011e-01 5.701052840041079817e-01 -1.876812091197138654e+00 1.435827910647915866e-02 8.063043044809239374e-19 1.277906203224043082e-05 2.942487773788301505e-05 4.927147641562852689e-06 1.162861386687075943e+08 7.523582386133129883e+10 5.876717415488833751e+01
1.778279410039111719e+13 5.533492409750897512e-01 5.917659379627330241e-01 -1.865338096154870229e+00 1.216429671539623857e-02 5.481477632218421460e-19 9.747598809963962333e-06 2.244467571230952151e-05 3.630408805308045205e-06 9.464909039371238649e+07 7.525746090960629272e+10 6.506510815547451898e+01
1.995262314969094922e+13 5.413725678352228066e-01 6.136475720268717016e-01 -1.853819009838097998e+00 1.020091432628419947e-02 3.688386882740538270e-19 7.359299350158530230e-06 1.694541297855580000e-05 2.645656588036416063e-06 7.621822824073608220e+07 7.527589177175926208e+10 7.230286551118304317e+01
2.238721138568585156e+13 5.295362138318668865e-01 6.357537237734502966e-01 -1.842133765290813630e+00 8.461743204577876210e-03 2.455061626486318324e-19 5.496198359703492704e-06 1.265546441119158950e-05 1.905634653292734417e-06 6.068257833487674594e+07 7.529142742166513062e+10 8.065911503553846273e+01
2.511886431509859375e+13 5.178410778502541278e-01 6.580868833121379380e-01 -1.830139079012676806e+00 6.937967215833169658e-03 1.615513697008541184e-19 4.057986935434084568e-06 9.343860225095115495e-06 1.355651537385569248e-06 4.773188548160727322e+07 7.530437811451838684e+10 9.035467810334132821e+01
2.818382931264771875e+13 5.062879385155194534e-01 6.806497230917012420e-01 -1.818001864463417938e+00 5.618434164186742602e-03 1.049968464209643829e-19 2.959213197894746621e-06 6.813840196463683203e-06 9.517090268466010174e-07 3.706320382575228810e+07 7.531504679617424011e+10 1.016635499236611366e+02
3.162277660168741406e+13 4.948771499425049236e-01 7.034457291500129106e-01 -1.805796945060493597e+00 4.489925503417087176e-03 6.733819649721633550e-20 2.129420744592002091e-06 4.903172463209825809e-06 6.587837103547645414e-07 2.838590291314181685e+07 7.532372409708685303e+10 1.149262005936211892e+02
3.548133892336166406e+13 4.836088898754609677e-01 7.264787777068593133e-01 -1.793498771606791165e+00 3.537561553934775050e-03 4.257708663954906914e-20 1.510692041427174202e-06 3.478496974694955019e-06 4.492419744071458995e-07 2.142406147447510809e+07 7.533068593852552795e+10 1.305689437629272334e+02
3.981071705535441406e+13 4.724838219153882357e-01 7.497517719670305780e-01 -1.780871468003964342e+00 2.745263649049103916e-03 2.652025663565558414e-20 1.055790433157469819e-06 2.431047312714116740e-06 3.015033672219197514e-07 1.591897480403310061e+07 7.533619102519596863e+10 1.491314627878290082e+02
4.466835921510164844e+13 4.615027907282520103e-01 7.732671779757109842e-01 -1.768032062653559056e+00 2.096154356297638341e-03 1.625424616524452314e-20 7.260505064798308790e-07 1.671793072981235461e-06 1.989323575795363646e-07 1.163252504823597148e+07 7.534047747495176697e+10 1.713029558455659753e+02
5.011872336273329688e+13 4.506661427500387451e-01 7.970284735849094693e-01 -1.755105281829405950e+00 1.572988210627227022e-03 9.790441110171545379e-21 4.906844095998191848e-07 1.129842606909128232e-06 1.288914655822775582e-07 8.349961983827173710e+06 7.534376003801617432e+10 1.979666098986969587e+02
5.623413251904180469e+13 4.399739675977430986e-01 8.210397183707051072e-01 -1.742152188283396130e+00 1.158650723540448693e-03 5.787950432777810878e-21 3.254803716504728069e-07 7.494462518245405533e-07 8.190924411393605027e-08 5.880693761324474588e+06 7.534622930623867798e+10 2.302620467116580869e+02
6.309573444802717188e+13 4.294266255459808224e-01 8.453043890648483938e-01 -1.728892908765664371e+00 8.366177490723235950e-04 3.354697639313253460e-21 2.116671114035326811e-07 4.873815353948843483e-07 5.098854943345056140e-08 4.058289866995788179e+06 7.534805171013301086e+10 2.696760930452336424e+02
7.079457843842270312e+13 4.190249397786749430e-01 8.698248386865630177e-01 -1.715328633315662765e+00 5.913342899916029967e-04 1.903571856681489194e-21 1.347625671210116182e-07 3.103022781464509088e-07 3.104645409491726600e-08 2.740304494445605204e+06 7.534936969550555420e+10 3.181725179578486973e+02
7.943282347243828125e+13 4.087692807758488422e-01 8.946043877893279372e-01 -1.701658795623586906e+00 4.085073962185604133e-04 1.055681550438636033e-21 8.385576623910211947e-08 1.930850373037499192e-07 1.846177120866229824e-08 1.807679278116156813e+06 7.535030232072187805e+10 3.783631900895300646e+02
8.912509381338607812e+13 3.986596828239216128e-01 9.196471512933083181e-01 -1.687989943553975358e+00 2.753580868660448632e-04 5.711881211836279090e-22 5.090719488558257090e-08 1.172181480696851677e-07 1.070419157432645383e-08 1.163070074949659640e+06 7.535094692992504883e+10 4.537486810310549572e+02
1.000000000000130938e+14 3.886961942045845664e-01 9.449572322586314854e-01 -1.674094231055354154e+00 1.807746176828100930e-04 3.010192569819453883e-22 3.010192569819847834e-08 6.931224538308620888e-08 6.040931738007187943e-09 7.286125004083714448e+05 7.535138138749958801e+10 5.490754471366290090e+02
1.122018454302112188e+14 3.788794889568367630e-01 9.705370955533769717e-01 -1.659798262454547757e+00 1.153658607739340412e-04 1.542380958337342142e-22 1.730579898818675081e-08 3.984807477255025413e-08 3.311923734116287865e-09 4.435561987926048459e+05 7.535166644380120850e+10 6.708723469934617469e+02
1.258925411794336094e+14 3.692099941143693886e-01 9.963897070709284431e-01 -1.645370286367844326e+00 7.141737480680257586e-05 7.665997039771196563e-23 9.650918480108114838e-09 2.222206102599769934e-08 1.760170339152595646e-09 2.618407173143934633e+05 7.535184815928268433e+10 8.282251875008406614e+02
1.412537544622946250e+14 3.596876832433477666e-01 1.022519170614533568e+00 -1.630922551206853921e+00 4.278768802130659624e-05 3.687151690302747536e-23 5.208240195272589035e-09 1.199241623436706261e-08 9.048084076434801540e-10 1.495515785397383734e+05 7.535196044842146301e+10 1.033906163139188948e+03
1.584893192461331250e+14 3.503123510703746724e-01 1.048930090849379937e+00 -1.616369095321699367e+00 2.474772515656067272e-05 1.711984015785035335e-23 2.713311812220314901e-09 6.247631331463156972e-09 4.488072184977266808e-10 8.244766216965543572e+04 7.535202755233782959e+10 1.306110905154313969e+03
1.778279410039170000e+14 3.410843894736278470e-01 1.075625355853617071e+00 -1.601365176112144129e+00 1.378131202022292093e-05 7.654892046572790906e-24 1.361253691249299695e-09 3.134402457253757110e-09 2.142563737798048110e-10 4.375848287276906194e+04 7.535206624151712036e+10 1.671175588905363611e+03
1.995262314969160312e+14 3.320042749624415590e-01 1.102607433755652400e+00 -1.586144212245938157e+00 7.367648021506630743e-06 3.286080145491488383e-24 6.556591878267542688e-10 1.509711071974467674e-09 9.815353554909969031e-11 2.229320047048694323e+04 7.535208770679953003e+10 2.167860592167461164e+03
2.238721138568658125e+14 3.230719126257160512e-01 1.129880340831923125e+00 -1.570877599994942475e+00 3.769398587392836438e-06 1.349850455279164895e-24 3.021938748139993531e-10 6.958271113408238052e-10 4.301508096621764115e-11 1.086811929211144525e+04 7.535209913188070679e+10 2.854038003610892702e+03
2.511886431509941875e+14 3.142869237291441853e-01 1.157448940469352427e+00 -1.555635171569603958e+00 1.839132989025722294e-06 5.287303087226633664e-25 1.328110488408520878e-10 3.058087412458501937e-10 1.797418465155089652e-11 5.053320065310331302e+03 7.535210494667993164e+10 3.817540035869777057e+03
2.818382931264864375e+14 3.056493187789802168e-01 1.185316851271606575e+00 -1.539957622931715120e+00 8.525654974965449951e-07 1.968055682596778994e-25 5.546734543609583801e-11 1.277182827491055965e-10 7.136009051677047159e-12 2.233030425602531068e+03 7.535210776696957397e+10 5.194154568002622000e+03
3.162277660168845000e+14 2.971595425772434740e-01 1.213486104014417144e+00 -1.523921678387713641e+00 3.739991010364117843e-07 6.933046736363205981e-26 2.192421881130788469e-11 5.048237941045717860e-11 2.680992497687996360e-12 9.340346037215483648e+02 7.535210906596539307e+10 7.198380518142030269e+03
3.548133892336283125e+14 2.888174640070428345e-01 1.241960402853245382e+00 -1.507821944126108704e+00 1.545691019403455461e-07 2.300845727555004353e-26 8.163708706975044827e-12 1.879763397222643515e-11 9.489921631209129634e-13 3.681950466354384162e+02 7.535210963180494690e+10 1.017604748008605384e+04
3.981071705535571875e+14 2.806225851907131474e-01 1.270744625633686953e+00 -1.491831202919642774e+00 5.989325246172363506e-08 7.157675685246875204e-27 2.849522014793626951e-12 6.561266913422164419e-12 3.150196409797007408e-13 1.361515560002388270e+02 7.535210986384844971e+10 1.469673249152210155e+04
4.466835921510310625e+14 2.725744980715760768e-01 1.299843314823741158e+00 -1.475514748585351033e+00 2.164434000927619626e-08 2.076881616818828179e-27 9.277089410730754039e-13 2.136128778352155295e-12 9.758474868534366427e-14 4.699502894622160909e+01 7.535210995300497437e+10 2.172064331993165615e+04
5.011872336273493750e+14 2.646734828951250451e-01 1.329258352722932468e+00 -1.458672034742397816e+00 7.253805065648481926e-09 5.589913738718438426e-28 2.801593402923808133e-13 6.450907206202822662e-13 2.805426121103302815e-14 1.505790620327457674e+01 7.535210998494209290e+10 3.291044246515391569e+04
5.623413251904365000e+14 2.569194189965720021e-01 1.358992788012773234e+00 -1.441743193259520606e+00 2.240513443323375718e-09 1.386534736148778206e-28 7.797057809484761623e-14 1.795338908133242137e-13 7.438645925192953242e-15 4.451142208701812208e+00 7.535210999554885864e+10 5.122736737727344735e+04
6.309573444802923750e+14 2.493116969454139686e-01 1.389051370398003193e+00 -1.424922392729871312e+00 6.334581904280297824e-10 3.147487982080221405e-29 1.985930658956970505e-14 4.572774331034162924e-14 1.807105072101330202e-15 1.205852669583588943e+00 7.535210999879414368e+10 8.209918862087855814e+04
7.079457843842502500e+14 2.418495372104155772e-01 1.419439493254708751e+00 -1.407977629636269601e+00 1.627106146539735210e-10 6.490964278689642912e-30 4.595250797687088746e-15 1.058095598532328920e-14 3.993875897097131966e-16 2.972777027652294679e-01 7.535210999970272827e+10 1.357902156640923931e+05
7.943282347244088750e+14 2.345328964657832638e-01 1.450159417498428027e+00 -1.390383450988005309e+00 3.766504322093530704e-11 1.206715986136965794e-30 9.585285790819002855e-16 2.207093617402747922e-15 7.968634964156365395e-17 6.618020372653150851e-02 7.535210999993382263e+10 2.323835360220129369e+05
8.912509381338898750e+14 2.273616889558539023e-01 1.481213186107745328e+00 -1.372605152139057871e+00 7.788697009779514455e-12 2.004019364788803055e-31 1.786084138906502725e-16 4.112610713079220188e-16 1.422748242379717599e-17 1.318786391142750918e-02 7.535210999998681641e+10 4.126900334902839968e+05
