# [1] m:            [M_sun/h] 
# [2] sigma 
# [3] ln(1/sigma) 
# [4] n_eff 
# [5] f(sigma) 
# [6] dn/dm:        [h^4/(Mpc^3*M_sun)] 
# [7] dn/dlnm:      [h^3/Mpc^3] 
# [8] dn/dlog10m:   [h^3/Mpc^3] 
# [9] n(>m):        [h^3/Mpc^3] 
# [11] rho(>m):     [M_sun*h^2/Mpc^3] 
# [11] rho(<m):     [M_sun*h^2/Mpc^3] 
# [12] Lbox(N=1):   [Mpc/h]
1.000000000000000000e+10 1.599085871102869483e+00 -4.694321354135332358e-01 -2.361242218390441128e+00 2.141427705407805693e-01 1.717844262143132388e-11 1.717844262143132517e-01 3.955482590096132678e-01 1.739788727065275931e-01 9.980643641934064865e+09 6.537146635806593323e+10 1.791297951142001077e+00
1.122018454301965332e+10 1.579533244907387557e+00 -4.571293887798049682e-01 -2.356394020342361451e+00 2.134959322317390162e-01 1.370736075002421472e-11 1.537991172130159789e-01 3.541355546103345797e-01 1.552367773660289774e-01 9.782419920282348633e+09 6.556969007971765137e+10 1.860666165776951431e+00
1.258925411794171333e+10 1.560073429302313075e+00 -4.447328902192702049e-01 -2.351505963623462314e+00 2.127940546022702994e-01 1.093476977993253872e-11 1.376605954807603172e-01 3.169752350466822355e-01 1.384590076246036416e-01 9.583321218805610657e+09 6.576878878119438934e+10 1.932975109766315258e+00
1.412537544622761154e+10 1.540707128347094335e+00 -4.322414852886610204e-01 -2.346529688066314456e+00 2.120346643996726954e-01 8.721213059437973166e-12 1.231904088111047402e-01 2.836563989282921416e-01 1.234432167752293474e-01 9.383390345913511276e+09 6.596871965408648682e+10 2.008372455858602912e+00
1.584893192461123848e+10 1.521435280253143008e+00 -4.196541526464552252e-01 -2.341474016061691366e+00 2.112152206596098758e-01 6.954121826761433153e-12 1.102154034277951083e-01 2.537803449511658593e-01 1.100072981782429515e-01 9.182667832325450897e+09 6.616944216767454529e+10 2.087017867600344356e+00
1.778279410038937378e+10 1.502258549071971538e+00 -4.069696750607543212e-01 -2.336369787180621493e+00 2.103330957221705155e-01 5.543421873420765690e-12 9.857752978663619770e-02 2.269831505908850300e-01 9.798821078969172094e-02 8.981204281271682739e+09 6.637090571872831726e+10 2.169079104928948176e+00
1.995262314968899155e+10 1.483177418408041293e+00 -3.941866907998812231e-01 -2.331230172041795168e+00 2.093855770622311541e-01 4.417408902361004121e-12 8.813889512689040973e-02 2.029473060321434208e-01 8.723994937411605477e-02 8.779061137578699112e+09 6.657304886242130280e+10 2.254731670282575262e+00
2.238721138568365097e+10 1.464192481499354992e+00 -3.813038833308365905e-01 -2.326009928735548904e+00 2.083698821401030465e-01 3.519108138410548212e-12 7.878301778367662045e-02 1.814046023297785915e-01 7.763115166506805165e-02 8.576299280198785782e+09 6.677581071980121613e+10 2.344163990586205060e+00
2.511886431509613037e+10 1.445304697108956704e+00 -3.683201623870882013e-01 -2.320692310577221917e+00 2.072831786090524320e-01 2.802688024715496839e-12 7.040034021037334944e-02 1.621027739101149889e-01 6.904346725907074822e-02 8.372974761157748222e+09 6.697913523884225464e+10 2.437581446994928402e+00
2.818382931264495468e+10 1.426514841998076211e+00 -3.552342961024481660e-01 -2.315317312196524036e+00 2.061225609254718760e-01 2.231305541351447807e-12 6.288673452180805479e-02 1.448020574569892638e-01 6.137084647489317313e-02 8.169151909796836853e+09 6.718295809020316315e+10 2.535202350568598550e+00
3.162277660168431091e+10 1.407823455535310631e+00 -3.420448631806106699e-01 -2.309902960356768453e+00 2.048850477966482342e-01 1.775679567199490247e-12 5.615191826972496664e-02 1.292945699508887270e-01 5.451843078969625250e-02 7.964908665475453377e+09 6.738720133452454376e+10 2.637255566463499346e+00
3.548133892335818481e+10 1.389231049989539724e+00 -3.287503926238500851e-01 -2.304421799754767353e+00 2.035675979855565143e-01 1.412533583791497374e-12 5.011858282713188562e-02 1.154023016997412637e-01 4.840100899843052806e-02 7.760326628462655067e+09 6.759178337153734589e+10 2.743985812469066587e+00
3.981071705535050964e+10 1.370738535622440857e+00 -3.153496716868458560e-01 -2.298830311591653519e+00 2.021671495703755705e-01 1.123253779601641132e-12 4.471753840107397376e-02 1.029659373177017334e-01 4.294180302299447499e-02 7.555482229061702728e+09 6.779662777093829346e+10 2.855660503301777009e+00
4.466835921509725952e+10 1.352346813807017156e+00 -3.018414638134068739e-01 -2.293167586774802480e+00 2.006806042149035241e-01 8.928243457034610404e-13 3.988099858986637186e-02 9.182939284674287994e-02 3.807191976888338325e-02 7.350456826484788895e+09 6.800165317351521301e+10 2.972567609062092053e+00
5.011872336272837830e+10 1.334056487551076309e+00 -2.882242910879910802e-01 -2.287456520659270076e+00 1.991048113524450658e-01 7.093119758662986854e-13 3.554981069631329288e-02 8.185646416809126691e-02 3.372977334351254936e-02 7.145346581752933502e+09 6.820676341824707031e+10 3.095010967927041001e+00
5.623413251903628540e+10 1.315868043067524473e+00 -2.744965566503447252e-01 -2.281693329055031860e+00 1.974365885716488633e-01 5.632247172582316609e-13 3.167245338829614149e-02 7.292851903043945372e-02 2.986014876354929626e-02 6.940256244586273193e+09 6.841185375541372681e+10 3.223314468784809872e+00
6.309573444802097321e+10 1.297782286083272174e+00 -2.606568739233628973e-01 -2.275816282555898518e+00 1.956727746661110490e-01 4.470162663176858742e-13 2.820481963352652888e-02 6.494399723874397234e-02 2.641333585681972587e-02 6.735287214402684212e+09 6.861682278559731293e+10 3.357831627738436797e+00
7.079457843841575623e+10 1.279800217339517987e+00 -2.467039855462416220e-01 -2.269846482924974485e+00 1.938102404009839352e-01 3.545970099869892671e-13 2.510354583755160587e-02 5.780305042683905881e-02 2.334465966518016466e-02 6.530541419622900963e+09 6.882156858037710571e+10 3.498947969087726317e+00
7.943282347243049622e+10 1.261922521500922878e+00 -2.326363688119615636e-01 -2.263819168787725378e+00 1.918458539156248643e-01 2.811131038763337694e-13 2.232960755599583749e-02 5.141582149084322761e-02 2.061418786723811722e-02 6.326135258133033752e+09 6.902597474186697388e+10 3.647074124027622766e+00
8.912509381337731934e+10 1.244149709791712244e+00 -2.184523325677799888e-01 -2.257748934562117782e+00 1.897765068383486520e-01 2.227088347350271060e-13 1.984894578882723595e-02 4.570388668500053458e-02 1.818619516284203375e-02 6.122198581617815018e+09 6.922991141838218689e+10 3.802647343131016378e+00
1.000000000000032654e+11 1.226482460238028205e+00 -2.041502839521279755e-01 -2.251571783921746839e+00 1.875991724789849713e-01 1.763296063856292384e-13 1.763296063856350029e-02 4.060139231170709073e-02 1.602856318792435231e-02 5.918861021127629280e+09 6.943324897887237549e+10 3.966143913916263308e+00
1.122018454302001953e+11 1.208921815206571715e+00 -1.897289005643325865e-01 -2.245277647506623175e+00 1.853109613789139243e-01 1.395187219405122244e-13 1.565425807378843445e-02 3.604526128258693507e-02 1.411239684806700825e-02 5.716248919475358963e+09 6.963586108052464294e+10 4.138088169061303390e+00
1.258925411794212494e+11 1.191468569602428751e+00 -1.751866383605814037e-01 -2.238916054641925779e+00 1.829090745153082176e-01 1.103092624032149735e-13 1.388711335956832604e-02 3.197626020646049394e-02 1.241185881084082981e-02 5.514500982232216835e+09 6.983760901776777649e+10 4.319044954889899479e+00
1.412537544622807312e+11 1.174123287646158920e+00 -1.605217309230120848e-01 -2.232509641017609514e+00 1.803908260917845285e-01 8.714280669603253245e-14 1.230924862019537255e-02 2.834309237881939281e-02 1.090387499620883854e-02 5.313772460572587013e+09 7.003833753942741394e+10 4.509617550388209217e+00
1.584893192461175842e+11 1.156886539652131951e+00 -1.457323791437485083e-01 -2.226013176835671903e+00 1.777537036260649073e-01 6.878541991635135485e-14 1.090175437660086469e-02 2.510221711504374842e-02 9.567742258862265564e-03 5.114222422729812622e+09 7.023788757727018738e+10 4.710462067194761460e+00
1.778279410038995667e+11 1.139759332098599698e+00 -1.308171279248772079e-01 -2.219379298806380962e+00 1.749954737450525599e-01 5.425141217164065924e-14 9.647416923036753605e-03 2.221399839288291586e-02 8.384836871164104075e-03 4.916004850284768105e+09 7.043610514971522522e+10 4.922304324904028583e+00
1.995262314968964539e+11 1.122742589811918990e+00 -1.157744329300124247e-01 -2.212663680638319974e+00 1.721141482864133876e-01 4.274851425551844978e-14 8.529449951494951984e-03 1.963978430975106548e-02 7.338492303598258791e-03 4.719281806624598503e+09 7.063282819337539673e+10 5.145936059812590280e+00
2.238721138568438416e+11 1.105836935174024482e+00 -1.006024556787913499e-01 -2.205892214620130964e+00 1.691079823665658233e-01 3.365020616150220699e-14 7.533342785094090596e-03 1.734616279737190292e-02 6.413843625920188744e-03 4.524232449537371635e+09 7.082787755046263123e+10 5.382208827826846509e+00
2.511886431509695129e+11 1.089042885448387787e+00 -8.529922375246080934e-02 -2.199051416742817011e+00 1.659755435012193747e-01 2.646018671731542384e-14 6.646498399043767463e-03 1.530412813424697135e-02 5.597586352629720444e-03 4.331043816702305794e+09 7.102106618329769897e+10 5.632048672036223280e+00
2.818382931264587402e+11 1.072361341892281938e+00 -6.986307851309431216e-02 -2.192064598518336904e+00 1.627158519699409556e-01 2.078503068997681292e-14 5.858017572244126302e-03 1.348858393634649704e-02 4.877768550864886900e-03 4.139898250353233337e+09 7.121221174964675903e+10 5.896481453998838163e+00
3.162277660168534546e+11 1.055793345064244937e+00 -5.429247017122715985e-02 -2.184970324783294338e+00 1.593283974435270589e-01 1.630837830141854276e-14 5.157162037615312632e-03 1.187480442996781752e-02 4.243683841707032028e-03 3.950979691601018429e+09 7.140113030839898682e+10 6.176640521868606015e+00
3.548133892335934448e+11 1.039339587752075245e+00 -3.858549967105750350e-02 -2.177808719088067058e+00 1.558130928756877032e-01 1.277970952728536597e-14 4.534412050796965410e-03 1.044086959365765274e-02 3.685791991116398048e-03 3.764487111504834175e+09 7.158762288849516296e+10 6.473756985618481785e+00
3.981071705535180664e+11 1.023000593017540982e+00 -2.274006665411222594e-02 -2.170594329757697949e+00 1.521703552656503700e-01 1.000094921988693205e-14 3.981449596778600247e-03 9.167626490049559859e-03 3.195579589023720031e-03 3.580630657261916161e+09 7.177147934273808289e+10 6.789171620464586887e+00
4.466835921509872437e+11 1.006777116840266606e+00 -6.754255415507199635e-03 -2.163238674851545085e+00 1.484012515133716903e-01 7.815978031284240320e-15 3.491269143187245884e-03 8.038944284733047160e-03 2.765415319654156677e-03 3.399616598440633774e+09 7.195249340155937195e+10 7.124371295890481015e+00
5.011872336273001709e+11 9.906702588283583522e-01 9.373535814771565000e-03 -2.155743601142432020e+00 1.445075969285953554e-01 6.099710277662955213e-15 3.057096919989907638e-03 7.039225795806772559e-03 2.388461067640662745e-03 3.221645733098521233e+09 7.213046426690147400e+10 7.481016474468052735e+00
5.623413251903812256e+11 9.746808097985617536e-01 2.564523614861882045e-02 -2.148169567832409310e+00 1.404918660982761858e-01 4.752788626007060539e-15 2.672689454298581620e-03 6.154094895670304995e-03 2.058628050353737086e-03 3.046928933537098885e+09 7.230518106646290588e+10 7.860931972753869346e+00
6.309573444802304688e+11 9.588093335756706637e-01 4.206304182632852190e-02 -2.140545856440082328e+00 1.363572621025448406e-01 3.696963388576622185e-15 2.332626202296940020e-03 5.371070320936247554e-03 1.770498919938574660e-03 2.875688479894771576e+09 7.247642152010522461e+10 8.266115030940634156e+00
7.079457843841807861e+11 9.430564450919649566e-01 5.862914120263806872e-02 -2.132800666107843135e+00 1.321078439498280521e-01 2.870725769771931616e-15 2.032318206833071475e-03 4.679585607274220488e-03 1.519232521733314021e-03 2.708143250643542767e+09 7.264396674935646057e+10 8.698784737137019718e+00
7.943282347243309326e+11 9.274232212337982784e-01 7.534526826794669951e-02 -2.124885408527031228e+00 1.277487057426886508e-01 2.225182324968697187e-15 1.767525148132167816e-03 4.069877057581222299e-03 1.300495955111928819e-03 2.544500471592837811e+09 7.280760952840716553e+10 9.161438377277702827e+00
8.912509381338023682e+11 9.119105778733028744e-01 9.221334429259656074e-02 -2.116876485201855118e+00 1.232858727041962477e-01 1.721388629994601236e-15 1.534189231375549184e-03 3.532601253997332512e-03 1.110433997322465794e-03 2.384969160583555698e+09 7.296714083941644287e+10 9.656855881748461101e+00
1.000000000000065430e+12 8.965191276941874010e-01 1.092356501978124506e-01 -2.108806190309739037e+00 1.187263039521979507e-01 1.328811190234166826e-15 1.328811190234253752e-03 3.059700838037067959e-03 9.456264450216064548e-04 2.229765785090680599e+09 7.312234421490931702e+10 1.018810620691648872e+01
1.122018454302038818e+12 8.812493937514460640e-01 1.264146127975167011e-01 -2.100643271054760675e+00 1.140779927585825054e-01 1.023476857244889869e-15 1.148359921379819718e-03 2.644196436360987407e-03 8.030290131616557104e-04 2.079102334179831743e+09 7.327300766582017517e+10 1.075861222707173326e+01
1.258925411794253662e+12 8.661023454996740201e-01 1.437521955323357026e-01 -2.092293200259695674e+00 1.093501723551263544e-01 7.865190178059846383e-16 9.901687783754110385e-04 2.279947868635346861e-03 6.799254055367479066e-04 1.933174296485134840e+09 7.341893570351486206e+10 1.137224594939621625e+01
1.412537544622853760e+12 8.510790219229190656e-01 1.612502969960152854e-01 -2.083820321445344792e+00 1.045532403107268526e-01 6.029236492884663734e-16 8.516522911609809019e-04 1.961001870041499326e-03 5.739016620698271639e-04 1.792167469587624788e+09 7.355994253041236877e+10 1.203337652002291058e+01
1.584893192461227539e+12 8.361800880124143909e-01 1.789112728133989416e-01 -2.075271323865898410e+00 9.969863058961261904e-02 4.609434903405937670e-16 7.305461999501247031e-04 1.682144789748604837e-03 4.828229955750749014e-04 1.656267254774727106e+09 7.369584274522526550e+10 1.274688353911361816e+01
1.778279410039053711e+12 8.214060395227813505e-01 1.967377247684467534e-01 -2.066657218336124480e+00 9.479887196599828814e-02 3.513892816295741386e-16 6.248683244302860162e-04 1.438812488917343710e-03 4.047990636084265346e-04 1.525651493525841475e+09 7.382645850647415161e+10 1.351824044761323229e+01
1.995262314969029785e+12 8.067576801143909737e-01 2.147319282758673731e-01 -2.057856871990215719e+00 8.986773131837777484e-02 2.670944294534648966e-16 5.329234496266525671e-04 1.227101590817293499e-03 3.381512116150608917e-04 1.400476488907215834e+09 7.395163351109278870e+10 1.435367198545226231e+01
2.238721138568511719e+12 7.922361202756449394e-01 2.328957999389560385e-01 -2.048891927815502889e+00 8.492018605887566296e-02 2.023880994523679703e-16 4.530905164387224212e-04 1.043279468928776056e-03 2.813916851214093968e-04 1.280876454874174595e+09 7.407123354512582397e+10 1.526029444151558856e+01
2.511886431509777344e+12 7.778421018930380404e-01 2.512317292666577107e-01 -2.039837226284765492e+00 7.997213691691328064e-02 1.528367282902347382e-16 3.839085040285871754e-04 8.839819984498694869e-04 2.332101484369434805e-04 1.166974600170912504e+09 7.418513539982908630e+10 1.624616469400901053e+01
2.818382931264679688e+12 7.635761378428576052e-01 2.697424371698203815e-01 -2.030730595398965388e+00 7.504036689468898680e-02 1.149962346911126946e-16 3.241034250131392220e-04 7.462757150235679350e-04 1.924537056001077292e-04 1.058880772049790621e+09 7.429322922795021057e+10 1.732039960094051878e+01
3.162277660168638184e+12 7.494388493224126702e-01 2.884305533972205682e-01 -2.021460078550125772e+00 7.014254763665880854e-02 8.619940171392994618e-17 2.725864423598628873e-04 6.276534787301010689e-04 1.581054757562661613e-04 9.566781392659136057e+08 7.439543186073408508e+10 1.849343972731828956e+01
3.548133892336050781e+12 7.354313328363057956e-01 3.072981045005608314e-01 -2.011980445376550186e+00 6.529722885756154838e-02 6.435828435727388902e-17 2.283518099806445775e-04 5.257994736196411984e-04 1.292691519475227320e-04 8.604176015899732113e+08 7.449169239841003418e+10 1.977736217944861252e+01
3.981071705535311035e+12 7.215544369624470322e-01 3.263474539089961102e-01 -2.002395340471074370e+00 6.052341597358024822e-02 4.784384429096579944e-17 1.904697747908010652e-04 4.385728640992316496e-04 1.051598435045510111e-04 7.701276777648900747e+08 7.458198232223510742e+10 2.118605146612444301e+01
4.466835921510018555e+12 7.078087042012329855e-01 3.455814136029677908e-01 -1.992749667171835659e+00 5.584034896885867183e-02 3.540215594239939293e-17 1.581356218624089822e-04 3.641207255717262398e-04 8.509250376277714386e-05 6.858162388441126347e+08 7.466629376115588379e+10 2.273541568923574019e+01
5.011872336273166016e+12 6.941946095666674532e-01 3.650029405418623862e-01 -1.982980207159383390e+00 5.126735622790225960e-02 2.606840710976216215e-17 1.306515284441237120e-04 3.008362617723268147e-04 6.846857907917588255e-05 6.074607269722471237e+08 7.474464927302775574e+10 2.444384727768127519e+01
5.623413251903997070e+12 6.807131350973228967e-01 3.846143022588114913e-01 -1.972970433196489015e+00 4.682378514334038788e-02 1.909825256286587743e-17 1.073973665502294479e-04 2.472915752453757081e-04 5.476538315373337233e-05 5.350013354861569405e+08 7.481710866451383972e+10 2.633285553242590638e+01
6.309573444802510742e+12 6.673652468944911709e-01 4.044177863993235200e-01 -1.962824348795574769e+00 4.252852969256070564e-02 1.391479615843361446e-17 8.779642833109271936e-05 2.021587470932942093e-04 4.352912509526666776e-05 4.683473808958207965e+08 7.488376261910417175e+10 2.842758852283286330e+01
7.079457843842039062e+12 6.541515124357643041e-01 4.244162839653025099e-01 -1.952598848538808385e+00 3.839959872286290848e-02 1.007822153286239257e-17 7.134834448280040747e-05 1.642856344159002017e-04 3.436801555753684679e-05 4.073826637585558891e+08 7.494472733624143982e+10 3.075732166388090505e+01
7.943282347243568359e+12 6.410723273852125814e-01 4.446129931925422163e-01 -1.942294091980417914e+00 3.445387485928336213e-02 7.253492555646863552e-18 5.761653937313236510e-05 1.326669846704790854e-04 2.694420008037739782e-05 3.519610502437746525e+08 7.500014894975622559e+10 3.335632795193055955e+01
8.912509381338316406e+12 6.281284789108078082e-01 4.650105491855641149e-01 -1.931743109399048919e+00 3.070695070611879560e-02 5.186287190576370994e-18 4.622283324032664992e-05 1.064320067751258164e-04 2.096672529423729967e-05 3.019013608374493122e+08 7.505020863916255188e+10 3.626517673496145733e+01
1.000000000000098242e+13 6.153210077585653526e-01 4.856111835162922885e-01 -1.921001459352838392e+00 2.717273225103253309e-02 3.682123359297811299e-18 3.682123359298172794e-05 8.478402357685132064e-05 1.618632453543789157e-05 2.569909484717853069e+08 7.509511905152821350e+10 3.953216373095572322e+01
1.122018454302075391e+13 6.026505236319431580e-01 5.064178130658203436e-01 -1.910164244027256819e+00 2.386292032892937259e-02 2.594351466029119161e-18 2.910910221830315638e-05 6.702618483830475552e-05 1.239106932505900627e-05 2.169937885000605881e+08 7.513511621149993896e+10 4.321459074062529027e+01
1.258925411794294922e+13 5.901173976592700710e-01 5.274337827925754674e-01 -1.899279923609984211e+00 2.078678722382083094e-02 1.813044342032829856e-18 2.282487594894996798e-05 5.255621910949052336e-05 9.401509226364136831e-06 1.816515444763591290e+08 7.517045845552363586e+10 4.738062746362175659e+01
1.412537544622899805e+13 5.777221809917897355e-01 5.486621815852976702e-01 -1.888173228701517825e+00 1.795102688305508232e-02 1.256234140131493860e-18 1.774477887772800137e-05 4.085886332233211482e-05 7.066132165568580703e-06 1.506817849118152261e+08 7.520142821508818054e+10 5.211220079072374034e+01
1.584893192461279492e+13 5.654659010511619011e-01 5.701052840041079817e-01 -1.876812091197138654e+00 1.535958889935533714e-02 8.625339118125329716e-19 1.367024125098681152e-05 3.147689372215451152e-05 5.257738239456422837e-06 1.237812366484454423e+08 7.522832876335154724e+10 5.750871713892495762e+01
1.778279410039111719e+13 5.533492409750897512e-01 5.917659379627330241e-01 -1.865338096154870229e+00 1.301333658524904922e-02 5.864072135159910999e-19 1.042795873693895992e-05 2.401126233803266958e-05 3.870534337951749069e-06 1.006346746472353041e+08 7.525147532535276794e+10 6.369074932748316797e+01
1.995262314969094922e+13 5.413725678352228066e-01 6.136475720268717016e-01 -1.853819009838097998e+00 1.091001081661452550e-02 3.944777840440544361e-19 7.870866565956186745e-06 1.812334002371595269e-05 2.817169278908038002e-06 8.091978694836972654e+07 7.527119021305163574e+10 7.080474321294644824e+01
2.238721138568585156e+13 5.295362138318668865e-01 6.357537237734502966e-01 -1.842133765290813630e+00 9.044316522613862069e-03 2.624087483587628594e-19 5.874600118960869358e-06 1.352676666122034705e-05 2.025916611784633896e-06 6.430891799045721442e+07 7.528780108200953674e+10 7.903015095730573591e+01
2.511886431509859375e+13 5.178410778502541278e-01 6.580868833121379380e-01 -1.830139079012676806e+00 7.408114015241359755e-03 1.724987923452755626e-19 4.332973759439345036e-06 9.977040786819405143e-06 1.438321425583642506e-06 5.047295503045954555e+07 7.530163704496954346e+10 8.858931631557535979e+01
2.818382931264771875e+13 5.062879385155194534e-01 6.806497230917012420e-01 -1.818001864463417938e+00 5.990497396583868185e-03 1.119499342260865696e-19 3.155177837790162575e-06 7.265065455040814132e-06 1.007268769537138930e-06 3.908872256744947284e+07 7.531302127743255615e+10 9.975887519557360861e+01
3.162277660168741406e+13 4.948771499425049236e-01 7.034457291500129106e-01 -1.805796945060493597e+00 4.778077224587225051e-03 7.165978651166057642e-20 2.266081420182855503e-06 5.217845297623820000e-06 6.951960007205243681e-07 2.984471954447434098e+07 7.532226528045552063e+10 1.128836157202577510e+02
3.548133892336166406e+13 4.836088898754609677e-01 7.264787777068593133e-01 -1.793498771606791165e+00 3.755422633143640394e-03 4.519920074369633623e-20 1.603728160652150224e-06 3.692720555932401530e-06 4.724318543816196875e-07 2.244408389989373833e+07 7.532966591610011292e+10 1.283966252719341412e+02
3.981071705535441406e+13 4.724838219153882357e-01 7.497517719670305780e-01 -1.780871468003964342e+00 2.905577680519687376e-03 2.806894914770960438e-20 1.117444992560598415e-06 2.573012182110876305e-06 3.157885359305384086e-07 1.660768066098630801e+07 7.533550231933901978e+10 1.468479472729180202e+02
4.466835921510164844e+13 4.615027907282520103e-01 7.732671779757109842e-01 -1.768032062653559056e+00 2.210522434663790559e-03 1.714109254352977450e-20 7.656644790736884089e-07 1.763007615750126541e-06 2.073880409840137822e-07 1.207807772495426051e+07 7.534003192227503967e+10 1.689424404976191738e+02
5.011872336273329688e+13 4.506661427500387451e-01 7.970284735849094693e-01 -1.755105281829405950e+00 1.651675901935949773e-03 1.028020142919276442e-20 5.152305715428876576e-07 1.186362233489455332e-06 1.336537947530245530e-07 8.622837273265801370e+06 7.534348716272673035e+10 1.955868123589944503e+02
5.623413251904180469e+13 4.399739675977430986e-01 8.210397183707051072e-01 -1.742152188283396130e+00 1.210477694407237174e-03 6.046848073251704999e-21 3.400392558737489656e-07 7.829693216076824545e-07 8.442050587559631742e-08 6.035623243818734773e+06 7.534607437675617981e+10 2.279558192020092520e+02
6.309573444802717188e+13 4.294266255459808224e-01 8.453043890648483938e-01 -1.728892908765664371e+00 8.689282951198587122e-04 3.484257540081290532e-21 2.198417884975055057e-07 5.062044250115060732e-07 5.219116221011673922e-08 4.136399729654419236e+06 7.534797360027033997e+10 2.675886431140613126e+02
7.079457843842270312e+13 4.190249397786749430e-01 8.698248386865630177e-01 -1.715328633315662765e+00 6.100402843487577088e-04 1.963788564916061435e-21 1.390255835954276730e-07 3.201182363316293244e-07 3.153309567653843898e-08 2.771350340442141518e+06 7.534933864965956116e+10 3.165272688647088444e+02
7.943282347243828125e+13 4.087692807758488422e-01 8.946043877893279372e-01 -1.701658795623586906e+00 4.181917812930875124e-04 1.080708335131297113e-21 8.584371440967699331e-08 1.976624571269604220e-07 1.858857834007374892e-08 1.812262274051062530e+06 7.535029773772595215e+10 3.775008564874172521e+02
8.912509381338607812e+13 3.986596828239216128e-01 9.196471512933083181e-01 -1.687989943553975358e+00 2.794265374640206539e-04 5.796274979952364579e-22 5.165935513564370089e-08 1.189500610490185901e-07 1.067326538567430803e-08 1.154704213696164545e+06 7.535095529578630066e+10 4.541865097284828039e+02
1.000000000000130938e+14 3.886961942045845664e-01 9.449572322586314854e-01 -1.674094231055354154e+00 1.816373234895089523e-04 3.024558030206274089e-22 3.024558030206670269e-08 6.964302233249314585e-08 5.958438301136534817e-09 7.155607741123661399e+05 7.535139443922589111e+10 5.515977903790773098e+02
1.122018454302112188e+14 3.788794889568367630e-01 9.705370955533769717e-01 -1.659798262454547757e+00 1.146311723488136001e-04 1.532558560015908772e-22 1.719558986636520896e-08 3.959430889153201103e-08 3.227505020535917806e-09 4.303893551270188764e+05 7.535167961064486694e+10 6.766711975417608755e+02
1.258925411794336094e+14 3.692099941143693886e-01 9.963897070709284431e-01 -1.645370286367844326e+00 7.008090747278087305e-05 7.522539587658502265e-23 9.470316248132175379e-09 2.180620901888844823e-08 1.692492072775412983e-09 2.506945153009830683e+05 7.535185930548469543e+10 8.391207339309989948e+02
1.412537544622946250e+14 3.596876832433477666e-01 1.022519170614533568e+00 -1.630922551206853921e+00 4.140436809526868767e-05 3.567946595580632423e-23 5.039858523467266535e-09 1.160470310693471003e-08 8.572192696298375217e-10 1.410833415471701883e+05 7.535196891665844727e+10 1.052695318679402362e+03
1.584893192461331250e+14 3.503123510703746724e-01 1.048930090849379937e+00 -1.616369095321699367e+00 2.357757623950503418e-05 1.631036121406292621e-23 2.585018045475366750e-09 5.952224016632183835e-09 4.182960915406670568e-10 7.651904615538789949e+04 7.535203348095384216e+10 1.337125171294795564e+03
1.778279410039170000e+14 3.410843894736278470e-01 1.075625355853617071e+00 -1.601365176112144129e+00 1.290433382935607577e-05 7.167770546933758554e-24 1.274629877949750397e-09 2.934943756051915326e-09 1.961168972235655187e-10 3.988707271794971894e+04 7.535207011292727661e+10 1.721188076246506171e+03
1.995262314969160312e+14 3.320042749624415590e-01 1.102607433755652400e+00 -1.586144212245938157e+00 6.767593723174944073e-06 3.018447040569986575e-24 6.022593629779482150e-10 1.386753431309113792e-09 8.807446753954025090e-11 1.992185543631132168e+04 7.535209007814456177e+10 2.247587757760700242e+03
2.238721138568658125e+14 3.230719126257160512e-01 1.129880340831923125e+00 -1.570877599994942475e+00 3.389578094032647260e-06 1.213833832467931163e-24 2.717435459455764805e-10 6.257126380116270457e-10 3.776281580652194839e-11 9.502523008732772723e+03 7.535210049747698975e+10 2.980656136890879679e+03
2.511886431509941875e+14 3.142869237291441853e-01 1.157448940469352427e+00 -1.555635171569603958e+00 1.615417110067056469e-06 4.644144781362962446e-25 1.166556426227333008e-10 2.686095437167465383e-10 1.540476126331270314e-11 4.313741064676893075e+03 7.535210568625894165e+10 4.018972266320486142e+03
2.818382931264864375e+14 3.056493187789802168e-01 1.185316851271606575e+00 -1.539957622931715120e+00 7.296971630490236812e-07 1.684427357816223161e-25 4.747361314224817898e-11 1.093120339319068859e-10 5.956721822096406956e-12 1.856741467547642969e+03 7.535210814325852966e+10 5.516507677909964514e+03
3.162277660168845000e+14 2.971595425772434740e-01 1.213486104014417144e+00 -1.523921678387713641e+00 3.110879240302848706e-07 5.766824333115685543e-26 1.823629975872982953e-11 4.199063197582221985e-11 2.174155174403195791e-12 7.545684474250321045e+02 7.535210924543154907e+10 7.719156052887155056e+03
3.548133892336283125e+14 2.888174640070428345e-01 1.241960402853245382e+00 -1.507821944126108704e+00 1.245912499577130322e-07 1.854608984314195470e-26 6.580400994276567183e-12 1.515193323534442134e-11 7.455910441240357384e-13 2.882006342243934114e+02 7.535210971179936218e+10 1.102807655964356491e+04
3.981071705535571875e+14 2.806225851907131474e-01 1.270744625633686953e+00 -1.491831202919642774e+00 4.663804485610920101e-08 5.573582765226557431e-27 2.218883264510415826e-12 5.109167527955647912e-12 2.390635250415360974e-13 1.029480088965756153e+02 7.535210989705198669e+10 1.611247390529699805e+04
4.466835921510310625e+14 2.725744980715760768e-01 1.299843314823741158e+00 -1.475514748585351033e+00 1.622671732917416839e-08 1.557033890053195961e-27 6.955014911098551343e-13 1.601451365584683314e-12 7.129805270302854123e-14 3.421455196974901014e+01 7.535210996578544617e+10 2.411612042236882189e+04
5.011872336273493750e+14 2.646734828951250451e-01 1.329258352722932468e+00 -1.458672034742397816e+00 5.216440108517110529e-09 4.019883353068142475e-28 2.014714217228855664e-13 4.639050923234331120e-13 1.966414125532585462e-14 1.051841800670506188e+01 7.535210998948158264e+10 3.704887328330723540e+04
5.623413251904365000e+14 2.569194189965720021e-01 1.358992788012773234e+00 -1.441743193259520606e+00 1.539344082035475344e-09 9.526182701503154361e-29 5.356966204369496460e-14 1.233487052585409693e-13 4.982796315776563652e-15 2.971733400134241698e+00 7.535210999702825928e+10 5.854758086530319997e+04
6.309573444802923750e+14 2.493116969454139686e-01 1.389051370398003193e+00 -1.424922392729871312e+00 4.139895107022662312e-10 2.057005544063128610e-29 1.297882755663310691e-14 2.988485485644372784e-14 1.151957312901961686e-15 7.662298242339210530e-01 7.535210999923376465e+10 9.539403182871706667e+04
7.079457843842502500e+14 2.418495372104155772e-01 1.419439493254708751e+00 -1.407977629636269601e+00 1.006710547626677504e-10 4.016039283928348006e-30 2.843138080978616898e-15 6.546567362585061569e-15 2.411717574262458059e-16 1.789627385606656074e-01 7.535210999982102966e+10 1.606538671166619170e+05
7.943282347244088750e+14 2.345328964657832638e-01 1.450159417498428027e+00 -1.390383450988005309e+00 2.194805714287183292e-11 7.031737960207596612e-31 5.585508000976316228e-16 1.286110745984703880e-15 4.535480471200251651e-17 3.755751743447278274e-02 7.535210999996244812e+10 2.804091835469578509e+05
8.912509381338898750e+14 2.273616889558539023e-01 1.481213186107745328e+00 -1.372605152139057871e+00 4.250535280127031317e-12 1.093655973701011165e-31 9.747219125567590017e-17 2.244380145667839358e-16 7.591085698215480121e-18 7.016900695631001980e-03 7.535210999999298096e+10 5.088213999755549594e+05
