# [1] m:            [M_sun/h] 
# [2] sigma 
# [3] ln(1/sigma) 
# [4] n_eff 
# [5] f(sigma) 
# [6] dn/dm:        [h^4/(Mpc^3*M_sun)] 
# [7] dn/dlnm:      [h^3/Mpc^3] 
# [8] dn/dlog10m:   [h^3/Mpc^3] 
# [9] n(>m):        [h^3/Mpc^3] 
# [11] rho(>m):     [M_sun*h^2/Mpc^3] 
# [11] rho(<m):     [M_sun*h^2/Mpc^3] 
# [12] Lbox(N=1):   [Mpc/h]
1.000000000000000000e+10 2.970884886655942303e+00 -1.088859850073810698e+00 -2.371458402634175844e+00 nan nan nan nan nan nan nan nan
1.122018454301965332e+10 2.935136337033222187e+00 -1.076753904341983814e+00 -2.366694306733590381e+00 nan nan nan nan nan nan nan nan
1.258925411794171333e+10 2.899550599005923157e+00 -1.064555759123952283e+00 -2.361886028986666552e+00 nan nan nan nan nan nan nan nan
1.412537544622761154e+10 2.864129074668230857e+00 -1.052264316053619586e+00 -2.356989065709489850e+00 nan nan nan nan nan nan nan nan
1.584893192461123848e+10 2.828873458642854555e+00 -1.039878561252858491e+00 -2.352019988314719701e+00 nan nan nan nan nan nan nan nan
1.778279410038937378e+10 2.793784933200074150e+00 -1.027397283355284685e+00 -2.347004965324781089e+00 nan nan nan nan nan nan nan nan
1.995262314968899155e+10 2.758864396262781238e+00 -1.014819144430595843e+00 -2.341952940943582639e+00 nan nan nan nan nan nan nan nan
2.238721138568365097e+10 2.724113052955215775e+00 -1.002142889979368734e+00 -2.336816267255257706e+00 nan nan nan nan nan nan nan nan
2.511886431509613037e+10 2.689532683881469932e+00 -9.893674550579413252e-01 -2.331589540998519894e+00 nan nan nan nan nan nan nan nan
2.818382931264495468e+10 2.655124657653957776e+00 -9.764916056270789291e-01 -2.326308767382093023e+00 nan nan nan nan nan nan nan nan
3.162277660168431091e+10 2.620889962430721809e+00 -9.635139404117769590e-01 -2.320990421804193904e+00 nan nan nan nan nan nan nan nan
3.548133892335818481e+10 2.586829630508896027e+00 -9.504330450279053766e-01 -2.315598896898798831e+00 nan nan nan nan nan nan nan nan
3.981071705535050964e+10 2.552945408278268324e+00 -9.372477546692891126e-01 -2.310101656161958505e+00 nan nan nan nan nan nan nan nan
4.466835921509725952e+10 2.519238887136079352e+00 -9.239568269891592633e-01 -2.304539460695914421e+00 nan nan nan nan nan nan nan nan
5.011872336272837830e+10 2.485711166074087597e+00 -9.105588021367165830e-01 -2.298931937420283678e+00 nan nan nan nan nan nan nan nan
5.623413251903628540e+10 2.452363190551523076e+00 -8.970521272323105366e-01 -2.293265965245725901e+00 nan nan nan nan nan nan nan nan
6.309573444802097321e+10 2.419196557616633214e+00 -8.834354840592044678e-01 -2.287486753463011890e+00 nan nan nan nan nan nan nan nan
7.079457843841575623e+10 2.386213065655389265e+00 -8.697076179518178352e-01 -2.281624022827474008e+00 nan nan nan nan nan nan nan nan
7.943282347243049622e+10 2.353413944823079973e+00 -8.558670164244934764e-01 -2.275706782353858593e+00 nan nan nan nan nan nan nan nan
8.912509381337731934e+10 2.320800153590785619e+00 -8.419120200051590786e-01 -2.269743134037176091e+00 nan nan nan nan nan nan nan nan
1.000000000000032654e+11 2.288373071031404749e+00 -8.278411157461638137e-01 -2.263668536460001324e+00 nan nan nan nan nan nan nan nan
1.122018454302001953e+11 2.256134619968762856e+00 -8.136530038274806254e-01 -2.257486974884570063e+00 nan nan nan nan nan nan nan nan
1.258925411794212494e+11 2.224086209266686875e+00 -7.993461387965455911e-01 -2.251241543114872012e+00 nan nan nan nan nan nan nan nan
1.412537544622807312e+11 2.192228879862226698e+00 -7.849187796303398468e-01 -2.244952466077728914e+00 nan nan nan nan nan nan nan nan
1.584893192461175842e+11 2.160563795888331917e+00 -7.703692042521320671e-01 -2.238565404974420581e+00 nan nan nan nan nan nan nan nan
1.778279410038995667e+11 2.129092876841215620e+00 -7.556960095916691600e-01 -2.232048570301442769e+00 nan nan nan nan nan nan nan nan
1.995262314968964539e+11 2.097817756300383252e+00 -7.408976407579876966e-01 -2.225456348883742663e+00 nan nan nan nan nan nan nan nan
2.238721138568438416e+11 2.066739579538182880e+00 -7.259722831822981171e-01 -2.218812251066509589e+00 nan nan nan nan nan nan nan nan
2.511886431509695129e+11 2.035859372135394363e+00 -7.109180256423730526e-01 -2.212089807297614286e+00 nan nan nan nan nan nan nan nan
2.818382931264587402e+11 2.005178912528045476e+00 -6.957332899585590980e-01 -2.205223775973290223e+00 nan nan nan nan nan nan nan nan
3.162277660168534546e+11 1.974700064290801915e+00 -6.804165206383765430e-01 -2.198261641660059329e+00 nan nan nan nan nan nan nan nan
3.548133892335934448e+11 1.944424087419620584e+00 -6.649658342113928811e-01 -2.191235878642304957e+00 nan nan nan nan nan nan nan nan
3.981071705535180664e+11 1.914351979647914259e+00 -6.493791735364093931e-01 -2.184150620432153023e+00 nan nan nan nan nan nan nan nan
4.466835921509872437e+11 1.884485282875754120e+00 -6.336547241300870548e-01 -2.176920780456253368e+00 nan nan nan nan nan nan nan nan
5.011872336273001709e+11 1.854826016840869229e+00 -6.177909002002566208e-01 -2.169564860523838679e+00 nan nan nan nan nan nan nan nan
5.623413251903812256e+11 1.825375596955538970e+00 -6.017857724101721706e-01 -2.162134098278650995e+00 nan nan nan nan nan nan nan nan
6.309573444802304688e+11 1.796135075704918371e+00 -5.856371762417593718e-01 -2.154652994860550841e+00 nan nan nan nan nan nan nan nan
7.079457843841807861e+11 1.767105728999184722e+00 -5.693430268611286982e-01 -2.147040781030781886e+00 nan nan nan nan nan nan nan nan
7.943282347243309326e+11 1.738289601179742627e+00 -5.529016419493263390e-01 -2.139270477728385522e+00 nan nan nan nan nan nan nan nan
8.912509381338023682e+11 1.709688316187077284e+00 -5.363110826655207442e-01 -2.131412647992044995e+00 nan nan nan nan nan nan nan nan
1.000000000000065430e+12 1.681303014597577805e+00 -5.195690967170053520e-01 -2.123498289565939778e+00 nan nan nan nan nan nan nan nan
1.122018454302038818e+12 1.653134765020095154e+00 -5.026733430535657021e-01 -2.115478505426001021e+00 nan nan nan nan nan nan nan nan
1.258925411794253662e+12 1.625185479234086516e+00 -4.856219503352350864e-01 -2.107276963456183871e+00 nan nan nan nan nan nan nan nan
1.412537544622853760e+12 1.597457015264536428e+00 -4.684129994049018308e-01 -2.098966164466860462e+00 nan nan nan nan nan nan nan nan
1.584893192461227539e+12 1.569950601675382584e+00 -4.510441549641875936e-01 -2.090583993471502033e+00 2.383179846566217952e-01 1.264383786063621313e-15 2.003913255190586506e-03 4.614180789055018217e-03 1.922236849813112368e-03 1.191567960395502663e+10 7.600899239604495239e+10 8.042622795760527410e+00
1.778279410039053711e+12 1.542667212663735965e+00 -4.335128745939422212e-01 -2.082125070034048342e+00 2.367181408407515453e-01 1.006872677104294986e-15 1.790500950225468397e-03 4.122780796980837596e-03 1.703812810162210183e-03 1.154956860583666420e+10 7.637510339416331482e+10 8.372581305021791209e+00
1.995262314969029785e+12 1.515608499049219793e+00 -4.158170078591876262e-01 -2.073477875148227234e+00 2.349847912591058463e-01 8.014105506369009920e-16 1.599024270504387875e-03 3.681889448599082182e-03 1.508696054022707006e-03 1.118262381913547325e+10 7.674204818086451721e+10 8.718988038314353872e+00
2.238721138568511719e+12 1.488776495726528815e+00 -3.979546388264193491e-01 -2.064683802393287859e+00 2.331110221245428216e-01 6.375008535015797624e-16 1.427186636589454537e-03 3.286218674331188583e-03 1.334493350949445684e-03 1.081504225721407127e+10 7.710962974278591919e+10 9.082969626499295401e+00
2.511886431509777344e+12 1.462172548474289790e+00 -3.799233765757498715e-01 -2.055804696078439520e+00 2.310896665210287193e-01 5.067594643640906183e-16 1.272922222575321788e-03 2.931011734242784921e-03 1.179062590735092172e-03 1.044705986176345634e+10 7.747761213823652649e+10 9.465735827814686587e+00
2.818382931264679688e+12 1.435797635874416667e+00 -3.617205386025566516e-01 -2.046869316272752037e+00 2.289133333964928629e-01 4.025159060306384687e-16 1.134443959119289152e-03 2.612153749105222168e-03 1.040483453651388189e-03 1.007894940810950661e+10 7.784572259189047241e+10 9.868586237666038485e+00
3.162277660168638184e+12 1.409653082124112888e+00 -3.433436330702844819e-01 -2.037758355652921516e+00 2.265744893345719435e-01 3.194880840361476485e-16 1.010310030837590235e-03 2.326324816308990295e-03 9.170214895160296682e-04 9.710986044678821564e+09 7.821368595532116699e+10 1.029295709118822977e+01
3.548133892336050781e+12 1.383740966382360327e+00 -3.247906766597685180e-01 -2.028456588683785533e+00 2.240655475163153276e-01 2.533942767857413556e-16 8.990768215874710796e-04 2.070200886843778440e-03 8.071083469372075441e-04 9.343440171492202759e+09 7.858123182850778198e+10 1.074045600343798768e+01
3.981071705535311035e+12 1.358062805742415557e+00 -3.060592767728211316e-01 -2.019055266848989394e+00 2.213787997930331541e-01 2.007890730556341038e-16 7.993556975224474278e-04 1.840584513115044955e-03 7.093387119382343897e-04 8.976618950058109283e+09 7.894805304994187927e+10 1.121283537621714643e+01
4.466835921510018555e+12 1.332619629248566362e+00 -2.871466510757594293e-01 -2.009597999001301538e+00 2.185064599326467516e-01 1.589407641244614354e-16 7.099623145833952121e-04 1.634748642147275128e-03 6.224553830566741108e-04 8.610877627953300476e+09 7.931379437204669189e+10 1.171198725087722181e+01
5.011872336273166016e+12 1.307412460725685843e+00 -2.680499630717446680e-01 -1.999998610191882520e+00 2.154407699917089136e-01 1.256863177003016688e-16 6.299237787301823410e-04 1.450453102626597744e-03 5.453253394373251857e-04 8.246586634515814781e+09 7.967808536548417664e+10 1.224000064079707428e+01
5.623413251903997070e+12 1.282443246611348453e+00 -2.487670449287381069e-01 -1.990169586849146910e+00 2.121742036496633566e-01 9.928886211305954983e-17 5.583423029730477747e-04 1.285630663613705066e-03 4.769232452813157940e-04 7.884108677242423058e+09 8.004056332275756836e+10 1.279922979856206844e+01
6.309573444802510742e+12 1.257713716211201094e+00 -2.292955618008039320e-01 -1.980219511840802582e+00 2.086994380393152049e-01 7.834070659086108086e-17 4.942964419527621188e-04 1.138159618760426709e-03 4.163284882219608950e-04 7.523835321809993744e+09 8.040083667818998718e+10 1.339228316750624082e+01
7.079457843842039062e+12 1.233224945104852699e+00 -2.096326447727726028e-01 -1.970196077495397047e+00 2.050093863295543994e-01 6.172879423103690490e-17 4.370063965098254445e-04 1.006244414146569358e-03 3.627183873992845730e-04 7.166211156384246826e+09 8.075846084361573792e+10 1.402200580845640943e+01
7.943282347243568359e+12 1.208977762493724351e+00 -1.897751781580578334e-01 -1.960074434948867905e+00 2.010973579725170157e-01 4.857000253849659008e-17 3.858052437696152487e-04 8.883494031028501192e-04 3.153535419680478474e-04 6.811709280324152946e+09 8.111296271967582703e+10 1.469154362059038554e+01
8.912509381338316406e+12 1.184973815458193247e+00 -1.697206776832071440e-01 -1.949706721607640914e+00 1.969573773722041732e-01 3.816298576053905985e-17 3.401279686106849502e-04 7.831735902333098907e-04 2.735654671346427359e-04 6.460797977773592949e+09 8.146387402222639465e+10 1.540445159509483375e+01
1.000000000000098242e+13 1.161215011043704060e+00 -1.494668802667529217e-01 -1.939172179422830045e+00 1.925842875159894385e-01 2.993817057085528280e-17 2.993817057085822143e-04 6.893518526797118252e-04 2.367523310618161847e-04 6.113958965349369049e+09 8.181071303465061951e+10 1.616473460695621611e+01
1.122018454302075391e+13 1.137702481672685728e+00 -1.290108618679014496e-01 -1.928547236934561981e+00 1.879737418420611705e-01 2.344389255373018862e-17 2.630448008596027935e-04 6.056830372489087995e-04 2.043764588135998071e-04 5.771724115866662979e+09 8.215294788413331604e+10 1.697682127798889695e+01
1.258925411794294922e+13 1.114436976305025695e+00 -1.083493233933600780e-01 -1.917863630339426750e+00 1.831224459923808390e-01 1.832243040086590095e-17 2.306657323748241312e-04 5.311274768308241190e-04 1.759561959616057279e-04 5.434664760182774544e+09 8.249000723981721497e+10 1.784562702280358337e+01
1.412537544622899805e+13 1.091419735249621992e+00 -8.747935811486599877e-02 -1.906944005985496071e+00 1.780285560973292325e-01 1.429195322381808790e-17 2.018792051463733821e-04 4.648440483555262449e-04 1.510569078319463074e-04 5.103349873137467384e+09 8.282132212686251831e+10 1.877672316181969592e+01
1.584893192461279492e+13 1.068652712578035846e+00 -6.639870795867679198e-02 -1.895796996464364614e+00 1.726920072622336322e-01 1.112450429694231395e-17 1.763115112973012504e-04 4.059722576364171867e-04 1.292865001821471335e-04 4.778341788599264145e+09 8.314633021140072632e+10 1.977647753522478880e+01
1.778279410039111719e+13 1.046137148266256922e+00 -4.510447393701009361e-02 -1.884543370029166276e+00 1.671144598817284055e-01 8.638259079013620677e-18 1.536123825879334129e-04 3.537055822462736041e-04 1.102945541850793487e-04 4.460239283204120636e+09 8.346443271679586792e+10 2.085204451880001386e+01
1.995262314969094922e+13 1.023873774618292209e+00 -2.359325204499415976e-02 -1.873246027793415536e+00 1.612995839882723215e-01 6.689934282490900352e-18 1.334817376347390613e-04 3.073530592646925015e-04 9.376808814730476374e-05 4.149679950537675858e+09 8.377499204946231079e+10 2.201143278663884928e+01
2.238721138568585156e+13 1.001863409364106339e+00 -1.861675370636202203e-03 -1.861756235631718326e+00 1.552534781328344382e-01 5.166972197658142549e-18 1.156740988129346183e-04 2.663494555721835277e-04 7.942552527638248219e-05 3.847296917293421268e+09 8.407737508270655823e+10 2.326376317591877907e+01
2.511886431509859375e+13 9.801078603457056282e-01 2.009265179659985856e-02 -1.849977410852255311e+00 1.489852329147995924e-01 3.979322172154774083e-18 9.995605370841917142e-05 2.301573192235182100e-04 6.701285590648960535e-05 3.553694116366933346e+09 8.437097788363305664e+10 2.461957912887872624e+01
2.818382931264771875e+13 9.586085269183679536e-01 4.227249711739900634e-02 -1.838071095756396822e+00 1.425068537016949410e-01 3.054743951852001474e-18 8.609438213283976816e-05 1.982396408896097847e-04 5.630293190366112224e-05 3.269483049503532410e+09 8.465518895049645996e+10 2.609093621546038833e+01
3.162277660168741406e+13 9.373661251873637301e-01 6.468133113457866235e-02 -1.826105371587374959e+00 1.358334187492975798e-01 2.336658542554284067e-18 7.389163108561863300e-05 1.701417682347609178e-04 4.709339667555160938e-05 2.995295366270093441e+09 8.492937663372988892e+10 2.769151148322500333e+01
3.548133892336166406e+13 9.163811375553851946e-01 8.732291181478067654e-02 -1.814015133733728913e+00 1.289834344308422864e-01 1.780625507747204057e-18 6.317897713596149671e-05 1.454749709438766061e-04 3.920297819608546121e-05 2.731745319359341621e+09 8.519292668064064026e+10 2.943700667416031180e+01
3.981071705535441406e+13 8.956550175302847583e-01 1.101999652262005136e-01 -1.801600587059980274e+00 1.219794471875384895e-01 1.351598667336651477e-18 5.380811211773353105e-05 1.238977568444455237e-04 3.246866000137722840e-05 2.479392687098004818e+09 8.544527931290197754e+10 3.134574129026938039e+01
4.466835921510164844e+13 8.751893171738033272e-01 1.333150535431626149e-01 -1.789006055773360249e+00 1.148479420131727907e-01 1.021467833983316865e-18 4.562729213503861469e-05 1.050607227038243842e-04 2.674469801267032824e-05 2.238758971031499863e+09 8.568591302896849060e+10 3.343906307729243110e+01
5.011872336273329688e+13 8.549847232669308683e-01 1.566716777290604323e-01 -1.776330176835656527e+00 1.076190704168588363e-01 7.682684399338545701e-19 3.850463340936353653e-05 8.866019489960098312e-05 2.190167507258456632e-05 2.010348323966700315e+09 8.591432367603327942e+10 3.574161914850618160e+01
5.623413251904180469e+13 8.350415107067831189e-01 1.802738419456556829e-01 -1.763601566429398471e+00 1.003267601933609393e-01 5.748237990691924631e-19 3.232471769195602638e-05 7.443041309273885269e-05 1.782440987277596200e-05 1.794621686597614050e+09 8.613005031340237427e+10 3.828202888322908848e+01
6.309573444802717188e+13 8.153606220562362727e-01 2.041247825565496443e-01 -1.750552538663981750e+00 9.300897743324797184e-02 4.277621708571508399e-19 2.698996833931441563e-05 6.214669875848664404e-05 1.440998207649523209e-05 1.591953653722830772e+09 8.633271834627716064e+10 4.109404130560295698e+01
7.079457843842270312e+13 7.959436414795516557e-01 2.282268978057126474e-01 -1.737238635199477077e+00 8.570746757505746938e-02 3.164458870502514509e-19 2.240265317229527632e-05 5.158401523804287582e-05 1.156671422658191871e-05 1.402627148357189894e+09 8.652204485164279175e+10 4.421775252538012779e+01
7.943282347243828125e+13 7.767912698389641823e-01 2.525836006894885410e-01 -1.723825844596754697e+00 7.846675165711429478e-02 2.325707673958922127e-19 1.847375271140741198e-05 4.253738760494504384e-05 9.213679155507158714e-06 1.226858813018667698e+09 8.669781318698132324e+10 4.770043120655011393e+01
8.912509381338607812e+13 7.579036623724489941e-01 2.771989959124050995e-01 -1.710406407515578042e+00 7.133364123152430292e-02 1.697097392882982997e-19 1.512539643511487878e-05 3.482751235712080437e-05 7.279556656455461517e-06 1.064787060350724936e+09 8.685988493964926147e+10 5.159786000293752295e+01
1.000000000000130938e+14 7.392811839135712271e-01 3.020769379622708084e-01 -1.696722158613543030e+00 6.435674912086215838e-02 1.229109615186971889e-19 1.229109615187132761e-05 2.830129477585539971e-05 5.701336478131014318e-06 9.164336907581919432e+08 8.700823830924179077e+10 5.597676236900238678e+01
1.122018454302112188e+14 7.209252453381344017e-01 3.272198289891252165e-01 -1.682675333897008407e+00 5.758583516481220049e-02 8.830148352059343137e-20 9.907589405235967515e-06 2.281306767200208264e-05 4.423477416934542785e-06 7.816887465004674196e+08 8.714298325349951172e+10 6.091796614265389564e+01
1.258925411794336094e+14 7.028366225771095488e-01 3.526308144976666448e-01 -1.668509580236716694e+00 5.107002288588663452e-02 6.287291627041064392e-20 7.915231200643753229e-06 1.822549337020366877e-05 3.397513390879371132e-06 6.603356973167945147e+08 8.726433630268319702e+10 6.651908616699360266e+01
1.412537544622946250e+14 6.850153660331764760e-01 3.783140088062877937e-01 -1.654334656364185197e+00 4.485649049121239601e-02 4.433246360201475115e-20 6.262126928347605380e-06 1.441908011564979001e-05 2.581399053733012809e-06 5.520556253954913616e+08 8.737261637460449219e+10 7.289788884833835425e+01
1.584893192461331250e+14 6.674613220724597840e-01 4.042738348473119969e-01 -1.640000884503493683e+00 3.898927996634595633e-02 3.093451755891905523e-20 4.902790629120633250e-06 1.128909261668407010e-05 1.938694735424649197e-06 4.564068802466648817e+08 8.746826511975332642e+10 8.019799725739599694e+01
1.778279410039170000e+14 6.501754810595929968e-01 4.305129816671173226e-01 -1.625231703412647999e+00 3.350826880013701992e-02 2.134720425285251725e-20 3.796129378474823389e-06 8.740910917952881713e-06 1.437944647058711976e-06 3.728174103775870204e+08 8.755185458962239075e+10 8.859705320055023492e+01
1.995262314969160312e+14 6.331587246426698679e-01 4.570341384400031792e-01 -1.610288800833002743e+00 2.844723962389834881e-02 1.455205055637394737e-20 2.903515808065894064e-06 6.685592216925089282e-06 1.052282068686752536e-06 3.006091800924252272e+08 8.762406281990756226e+10 9.831563985660046967e+01
2.238721138568658125e+14 6.164109714983343480e-01 4.838413763786602040e-01 -1.595308342880825014e+00 2.383227984754266934e-02 9.788273582648886880e-21 2.191321497956923231e-06 5.045704215152994024e-06 7.589996578847925976e-07 2.390205928696492612e+08 8.768565140713034058e+10 1.096274906431944061e+02
2.511886431509941875e+14 5.999316904188347621e-01 5.109394795492564478e-01 -1.580297876003002200e+00 1.968082877721306564e-02 6.489333911895161227e-21 1.630046980282678841e-06 3.753321877678855589e-06 5.390240055639904174e-07 1.872109854120005667e+08 8.773746101458798218e+10 1.228751226458052201e+02
2.818382931264864375e+14 5.837212383630137058e-01 5.383317416830715185e-01 -1.564839318020696757e+00 1.600113153126341697e-02 4.236534325187718426e-21 1.194017602982677681e-06 2.749327133400396860e-06 3.764577802870047969e-07 1.442695480048244894e+08 8.778040245199516296e+10 1.384930269989632734e+02
3.162277660168845000e+14 5.677805061959877442e-01 5.660203676989058463e-01 -1.549085102236082090e+00 1.279154896661239584e-02 2.719722437346695507e-21 8.600517505481416196e-07 1.980342340015584746e-06 2.582160434516021122e-07 1.092419254884315133e+08 8.781543007451155090e+10 1.570383026583461401e+02
3.548133892336283125e+14 5.521093105157811598e-01 5.940092260129556934e-01 -1.533273826389176087e+00 1.004017357646067379e-02 1.714153735837547210e-21 6.082046966800057210e-07 1.400443068064346470e-06 1.736964082496015977e-07 8.116354584992003441e+07 8.784350845415007019e+10 1.792268425972950183e+02
3.981071705535571875e+14 5.367068658705256290e-01 6.223032071281980881e-01 -1.517543406454648469e+00 7.725494742588695680e-03 1.058931320550489157e-21 4.215681518348971342e-07 9.706965420960846974e-07 1.144179179955892409e-07 5.908011571870330721e+07 8.786559188428128052e+10 2.059848690359064562e+02
4.466835921510310625e+14 5.215727744144137423e-01 6.509064660233523369e-01 -1.501430987741251499e+00 5.817570884455340770e-03 6.402917971681483846e-22 2.860078399839079137e-07 6.585573888263727980e-07 7.368656972252672888e-08 4.206491487073881179e+07 8.788260708512924194e+10 2.385268210217276703e+02
5.011872336273493750e+14 5.067077310410829094e-01 6.798209089867446320e-01 -1.484863860053106777e+00 4.279519545792041628e-03 3.782737267447808192e-22 1.895859626611245766e-07 4.365378114644312524e-07 4.630918971525590103e-08 2.924106591623438895e+07 8.789543093408375549e+10 2.784694813656429346e+02
5.623413251904365000e+14 4.921115292214797710e-01 7.090499027695724710e-01 -1.468220040893306377e+00 3.069139880886217076e-03 2.178575283801336639e-22 1.225102912119974971e-07 2.820903702831049061e-07 2.834348517156701664e-08 1.980560964748268947e+07 8.790486639035250854e+10 3.279811742119945848e+02
6.309573444802923750e+14 4.777831774176601876e-01 7.385982531287179631e-01 -1.451693706407183537e+00 2.141167769772770509e-03 1.220301325746997692e-22 7.699580839591058633e-08 1.772894006354495056e-07 1.685899089860284996e-08 1.304328159553480893e+07 8.791162871840444946e+10 3.899923977515409774e+02
7.079457843842502500e+14 4.637215444496682326e-01 7.684710266203393925e-01 -1.434951357252153947e+00 1.449609831131185717e-03 6.633434916291298623e-23 4.696112284975716928e-08 1.081319814241129195e-07 9.723456347113597423e-09 8.332940849640617147e+06 8.791633905915034485e+10 4.685181758693136089e+02
7.943282347244088750e+14 4.499268481829814537e-01 7.986702690253889569e-01 -1.417601146813956436e+00 9.499336946570162898e-04 3.491152006296701357e-23 2.773120610316237086e-08 6.385346178388718446e-08 5.423820266913480343e-09 5.151136149986672215e+06 8.791952086384999084e+10 5.691563297752013568e+02
8.912509381338898750e+14 4.363989336218477288e-01 8.291984686058408993e-01 -1.400124649379250075e+00 6.008240814808977863e-04 1.773343979863287773e-23 1.580494485687240979e-08 3.639223042302732509e-08 2.917677961740550768e-09 3.072255722857981920e+06 8.792159974427713013e+10 6.998219310962687132e+02
