# [1] m:            [M_sun/h] 
# [2] sigma 
# [3] ln(1/sigma) 
# [4] n_eff 
# [5] f(sigma) 
# [6] dn/dm:        [h^4/(Mpc^3*M_sun)] 
# [7] dn/dlnm:      [h^3/Mpc^3] 
# [8] dn/dlog10m:   [h^3/Mpc^3] 
# [9] n(>m):        [h^3/Mpc^3] 
# [11] rho(>m):     [M_sun*h^2/Mpc^3] 
# [11] rho(<m):     [M_sun*h^2/Mpc^3] 
# [12] Lbox(N=1):   [Mpc/h]
1.000000000000000000e+10 2.311262736526989325e+00 -8.377940143700990383e-01 -2.361242218390441128e+00 2.395736852112139437e-01 1.921849985695383363e-11 1.921849985695383289e-01 4.425223128033010100e-01 2.038301544418848199e-01 1.640831657618689537e+10 5.894379342381310272e+10 1.699197480649489611e+00
1.122018454301965332e+10 2.283002055131755359e+00 -8.254912677363708262e-01 -2.356394020342361451e+00 2.395873576623163970e-01 1.538254292853558287e-11 1.725949703990912187e-01 3.974146059666960329e-01 1.828317314726349840e-01 1.618620936751012611e+10 5.916590063248987579e+10 1.761906303294560772e+00
1.258925411794171333e+10 2.254875518914738475e+00 -8.130947691758362295e-01 -2.351505963623462314e+00 2.395811534270059773e-01 1.231126857012787741e-11 1.549896885435687599e-01 3.568769464082114928e-01 1.639744426632623875e-01 1.596241237285498238e+10 5.938969762714501953e+10 1.827011490972960672e+00
1.412537544622761154e+10 2.226884145498817080e+00 -8.006033642452269339e-01 -2.346529688066314456e+00 2.395536750951558769e-01 9.853099471217687761e-12 1.391787293399766035e-01 3.204708674400831847e-01 1.470407473170551038e-01 1.573692272562154770e+10 5.961518727437844849e+10 1.894614105098951562e+00
1.584893192461123848e+10 2.199029290941920678e+00 -7.880160316030211387e-01 -2.341474016061691366e+00 2.395034463089850407e-01 7.885492997903034818e-12 1.249766417157637949e-01 2.877693521871755311e-01 1.318347418263736970e-01 1.550973252074721336e+10 5.984237747925278473e+10 1.964822739217795933e+00
1.778279410038937378e+10 2.171311915040857965e+00 -7.753315540173203457e-01 -2.336369787180621493e+00 2.394289071142097769e-01 6.310254866306508349e-12 1.122139630085087075e-01 2.583821984491774248e-01 1.181809530604649300e-01 1.528084266307142258e+10 6.007126733692857361e+10 2.037749697487875711e+00
1.995262314968899155e+10 2.143732716780586856e+00 -7.625485697564472476e-01 -2.331230172041795168e+00 2.393284087983837682e-01 5.049113021283514474e-12 1.007430493538575833e-01 2.319694436649559210e-01 1.059221620076116477e-01 1.505026375492348480e+10 6.030184624507651520e+10 2.113510392967608009e+00
2.238721138568365097e+10 2.116292553606547777e+00 -7.496657622874024485e-01 -2.326009928735548904e+00 2.392002105522320621e-01 4.039794038458441416e-12 9.043972309359375739e-02 2.082451582098183429e-01 9.491679696074233064e-02 1.481800307320903015e+10 6.053410692679096985e+10 2.192227603775046330e+00
2.511886431509613037e+10 2.088992811281281003e+00 -7.366820413436542259e-01 -2.320692310577221917e+00 2.390424782879779497e-01 3.232107379825617554e-12 8.118686672566055584e-02 1.869396690694003216e-01 8.503717627876190843e-02 1.458405955922524261e+10 6.076805044077475739e+10 2.274034537879530582e+00
2.818382931264495468e+10 2.061834612508273157e+00 -7.235961750590139685e-01 -2.315317312196524036e+00 2.388532774685527549e-01 2.585620124224238391e-12 7.287267624847577896e-02 1.677955380163216048e-01 7.616879610161890468e-02 1.434843873459177589e+10 6.100367126540822601e+10 2.359070770164870101e+00
3.162277660168431091e+10 2.034818736872013645e+00 -7.104067421371764723e-01 -2.309902960356768453e+00 2.386305666345348020e-01 2.068142237996499602e-12 6.540039997267073357e-02 1.505899860529198442e-01 6.820915799988790107e-02 1.411115887733483505e+10 6.124095112266516113e+10 2.447479730995859359e+00
3.548133892335818481e+10 2.007945924788006931e+00 -6.971122715804161096e-01 -2.304421799754767353e+00 2.383721938332226120e-01 1.654038916622543436e-12 5.868751539310865240e-02 1.351329980890305926e-01 6.106608339633916999e-02 1.387223954752661896e+10 6.147987045247338104e+10 2.539412839971191271e+00
3.981071705535050964e+10 1.981217491916614115e+00 -6.837115506434118251e-01 -2.298830311591653519e+00 2.380758989705538953e-01 1.322765117473463654e-12 5.266022782242354289e-02 1.212546555775827622e-01 5.465639205467386075e-02 1.363169118528238106e+10 6.172041881471762085e+10 2.635034748615572298e+00
4.466835921509725952e+10 1.954634741070818471e+00 -6.702033427699727319e-01 -2.293167586774802480e+00 2.377393058758202060e-01 1.057697833066474071e-12 4.724562674844323684e-02 1.087870758601261478e-01 4.890534876873116332e-02 1.338952681109930038e+10 6.196258318890069580e+10 2.734520686839956749e+00
5.011872336272837830e+10 1.928198543816995514e+00 -6.565861700445571048e-01 -2.287456520659270076e+00 2.373599117913688383e-01 8.455959797282850966e-13 4.238019098463719631e-02 9.758399599946626646e-02 4.374607197224137517e-02 1.314577367403412628e+10 6.220633632596587372e+10 2.838051763215104994e+00
5.623413251903628540e+10 1.901909602910257124e+00 -6.428584356069105832e-01 -2.281693329055031860e+00 2.369350839134981845e-01 6.759015469785015417e-13 3.800873716261068264e-02 8.751835159415616294e-02 3.911851328240083248e-02 1.290046607699612236e+10 6.245164392300387573e+10 2.945817829357614492e+00
6.309573444802097321e+10 1.875769082920073272e+00 -6.290187528799286998e-01 -2.275816282555898518e+00 2.364620654490743601e-01 5.401997789584178225e-13 3.408430180203995963e-02 7.848200523448731203e-02 3.496850436168476295e-02 1.265363111843070412e+10 6.269847888156929779e+10 3.058024642975432972e+00
7.079457843841575623e+10 1.849778430282737807e+00 -6.150658645028076466e-01 -2.269846482924974485e+00 2.359379723576674193e-01 4.316742983617755880e-13 3.056019997522080658e-02 7.036746090186044023e-02 3.124726770827608233e-02 1.240529325614189720e+10 6.294681674385810089e+10 3.174894637175590173e+00
7.943282347243049622e+10 1.823938634588582408e+00 -6.009982477685273938e-01 -2.263819168787725378e+00 2.353597756858213097e-01 3.448743651232501022e-13 2.739434456500166454e-02 6.307780942771529231e-02 2.791113595003670220e-02 1.215549117535119247e+10 6.319661882464880371e+10 3.296660030368530503e+00
8.912509381337731934e+10 1.798250434743205783e+00 -5.868142115243460966e-01 -2.257748934562117782e+00 2.347242986226185102e-01 2.754565140919566737e-13 2.455008765995152914e-02 5.652866587750147304e-02 2.492097406740629434e-02 1.190427689658177567e+10 6.344783310341822815e+10 3.423563037842715318e+00
1.000000000000032654e+11 1.772714810741856217e+00 -5.725121629086938890e-01 -2.251571783921746839e+00 2.340282242919310973e-01 2.199695453195382658e-13 2.199695453195454550e-02 5.064985959654635939e-02 2.224151093055511119e-02 1.165169918135347176e+10 6.370041081864653015e+10 3.555864781436300692e+00
1.122018454302001953e+11 1.747333269184872417e+00 -5.580907795208984723e-01 -2.245277647506623175e+00 2.332681051088835167e-01 1.756251635203040002e-13 1.970546745095878502e-02 4.537351560305707965e-02 1.984092655056503632e-02 1.139779972775412750e+10 6.395431027224587250e+10 3.693850804504585916e+00
1.258925411794212494e+11 1.722106959000236914e+00 -5.435485173171472617e-01 -2.238916054641925779e+00 2.324403382722423639e-01 1.401807009056782449e-13 1.764770466132823193e-02 4.063534167873592701e-02 1.769070511852021896e-02 1.114263276250540161e+10 6.420947723749459839e+10 3.837823096743244733e+00
1.412537544622807312e+11 1.697036695692593966e+00 -5.288836098795779428e-01 -2.232509641017609514e+00 2.315411608020003786e-01 1.118523987892676373e-13 1.579957127459631627e-02 3.637985729258241818e-02 1.576532514423726813e-02 1.088627081613016891e+10 6.446583918386982727e+10 3.988096783902918663e+00
1.584893192461175842e+11 1.672123303574367892e+00 -5.140942581003142831e-01 -2.226013176835671903e+00 2.305666579067180422e-01 8.922246940174448165e-14 1.414080843694003921e-02 3.256041470978256885e-02 1.404181834417815231e-02 1.062878908135257149e+10 6.472332091864743042e+10 4.145009687311561386e+00
1.778279410038995667e+11 1.647368237373988631e+00 -4.991790068814431214e-01 -2.219379298806380962e+00 2.295127910317509845e-01 7.115265759997507794e-14 1.265293059795903445e-02 2.913444937754871081e-02 1.249944674199487613e-02 1.037025415368215942e+10 6.498185584631784058e+10 4.308932953045697900e+00
1.995262314968964539e+11 1.622772833803095782e+00 -4.841363118865785187e-01 -2.212663680638319974e+00 2.283753752014234251e-01 5.672228622461299238e-14 1.131758401228535188e-02 2.605970023539599251e-02 1.111959300167126435e-02 1.011074133050718117e+10 6.524136866949282074e+10 4.480265003000311275e+00
2.238721138568438416e+11 1.598337992430748589e+00 -4.689643346353573605e-01 -2.205892214620130964e+00 2.271500642305576412e-01 4.519979709998568167e-14 1.011897412267423468e-02 2.329979897126219571e-02 9.885605521504815460e-03 9.850347104756099701e+09 6.550176289524389648e+10 4.659424095660284593e+00
2.511886431509695129e+11 1.574064460891460460e+00 -4.536611027090268200e-01 -2.199051416742817011e+00 2.258323631025538347e-01 3.600269273685040261e-14 9.043467538350717649e-03 2.082335354278192288e-02 8.782526708653717873e-03 9.589177975496093750e+09 6.576293202450390625e+10 4.846856631281116989e+00
2.818382931264587402e+11 1.549953541830942472e+00 -4.382249574696603367e-01 -2.192064598518336904e+00 2.244176739681475186e-01 2.866671061442035037e-14 8.079376789118368832e-03 1.860345255530605410e-02 7.796856556201523653e-03 9.327334094578323364e+09 6.602477590542167664e+10 5.043052452257914986e+00
3.162277660168534546e+11 1.526006739236076548e+00 -4.226543491277930387e-01 -2.184970324783294338e+00 2.229012941066329800e-01 2.281550989336464940e-14 7.214897724114121592e-03 1.661291594702184529e-02 6.916447343643329984e-03 9.064918329293350220e+09 6.628719167070664978e+10 5.248545603273798932e+00
3.548133892335934448e+11 1.502225054438093954e+00 -4.069473786276236460e-01 -2.177808719088067058e+00 2.212783828921611184e-01 1.814913885500887776e-14 6.439557468816799017e-03 1.482762903317603152e-02 6.130433719138386230e-03 8.802055664080549240e+09 6.655005433591944885e+10 5.463902397806816857e+00
3.981071705535180664e+11 1.478609243452161603e+00 -3.911019456106779590e-01 -2.170594329757697949e+00 2.195439829019588673e-01 1.442888281821500081e-14 5.744241713007846098e-03 1.322660533892644832e-02 5.429077859835827573e-03 8.538889470603858948e+09 6.681322052939614105e+10 5.689725441891248181e+00
4.466835921509872437e+11 1.455160398944764122e+00 -3.751161343720730845e-01 -2.163238674851545085e+00 2.176930770573869689e-01 1.146543098856475242e-14 5.121419899531348165e-03 1.179250511562394618e-02 4.803600098472070659e-03 8.275561346278513908e+09 6.707654865372148895e+10 5.926674168695784672e+00
5.011872336273001709e+11 1.431880110250962179e+00 -3.589883431417945081e-01 -2.155743601142432020e+00 2.157206316290499470e-01 9.105634456725792184e-15 4.563627743787823654e-03 1.050814121281989401e-02 4.246083940260977040e-03 8.012209727015414238e+09 6.733990027298458862e+10 6.175476520696236982e+00
5.623413251903812256e+11 1.408769520389594243e+00 -3.427166428079469473e-01 -2.148169567832409310e+00 2.136215467285018099e-01 7.226739068659269098e-15 4.063894024674954975e-03 9.357461800724128573e-03 3.749443864922378383e-03 7.748993884654020309e+09 6.760311611534597778e+10 6.436914116989622237e+00
6.309573444802304688e+11 1.385829444293279034e+00 -3.262988371302374402e-01 -2.140545856440082328e+00 2.113906826834225094e-01 5.731294413781325159e-15 3.616202303753843911e-03 8.326613517874328560e-03 3.307341981957418690e-03 7.486098249074302673e+09 6.786601175092569733e+10 6.711819967100744577e+00
7.079457843841807861e+11 1.363060770763606211e+00 -3.097327377539281223e-01 -2.132800666107843135e+00 2.090229240686259926e-01 4.542103456209402217e-15 3.215562994060263725e-03 7.404107415706464961e-03 2.914073958617900435e-03 7.223712134428598404e+09 6.812839786557140350e+10 7.001103156062444377e+00
7.943282347243309326e+11 1.340465056294410484e+00 -2.930166106886192834e-01 -2.124885408527031228e+00 2.065132863664010943e-01 3.597137928107852719e-15 2.857308220493847816e-03 6.579195314598478700e-03 2.564491390360278296e-03 6.962018453622883797e+09 6.839009154637711334e+10 7.305774304733043678e+00
8.912509381338023682e+11 1.318043624655208967e+00 -2.761485346639693250e-01 -2.116876485201855118e+00 2.038568724294571310e-01 2.846367508694962750e-15 2.536827712397959379e-03 5.841261674061727811e-03 2.253979965643774716e-03 6.701216689946781158e+09 6.865089331005322266e+10 7.626933905249839718e+00
1.000000000000065430e+12 1.295797361397585057e+00 -2.591262287587534074e-01 -2.108806190309739037e+00 2.010488856459510254e-01 2.250183827317764368e-15 2.250183827317911445e-03 5.181239737278511490e-03 1.978417430360270100e-03 6.441534947842497826e+09 6.891057505215750122e+10 7.965762556159535990e+00
1.122018454302038818e+12 1.273727022526915942e+00 -2.419472661590491291e-01 -2.100643271054760675e+00 1.980847089447501097e-01 1.777162364769861109e-15 1.994008969562835638e-03 4.591375328611803537e-03 1.734102053713013373e-03 6.183213758177289009e+09 6.916889624182270813e+10 8.323547248465439807e+00
1.258925411794253662e+12 1.251834009258934621e+00 -2.246096834242304885e-01 -2.092293200259695674e+00 1.949600723878874287e-01 1.402282240103998068e-15 1.765368746574694225e-03 4.064911759500474710e-03 1.517694876510207284e-03 5.926488044175641060e+09 6.942562195582435608e+10 8.701721456146229272e+00
1.412537544622853760e+12 1.230119823304809845e+00 -2.071115819605506836e-01 -2.083820321445344792e+00 1.916710624602913637e-01 1.105303059934910767e-15 1.561282070344585833e-03 3.594984821134324885e-03 1.326197461994338064e-03 5.671601250602193832e+09 6.968050874939781189e+10 9.101869460024062164e+00
1.584893192461227539e+12 1.208585425819590276e+00 -1.894506061431669997e-01 -2.075271323865898410e+00 1.882140953652150506e-01 8.701830861253425313e-16 1.379147249394957432e-03 3.175603897500570757e-03 1.156932744028466280e-03 5.418825149819607735e+09 6.993328485018038940e+10 9.525708683323871995e+00
1.778279410039053711e+12 1.187231533349649704e+00 -1.716241541881190769e-01 -2.066657218336124480e+00 1.845860249075494397e-01 6.842017140708858792e-16 1.216701820445684201e-03 2.801559474376950822e-03 1.007503659731528826e-03 5.168451436609950066e+09 7.018365856339004517e+10 9.975112197217804066e+00
1.995262314969029785e+12 1.166059307477553819e+00 -1.536299506806984294e-01 -2.057856871990215719e+00 1.807843452052089739e-01 5.373062258090969007e-16 1.072066863955130952e-03 2.468525179635960246e-03 8.757515433812065918e-04 4.920768666765847206e+09 7.043134133323414612e+10 1.045216754885216126e+01
2.238721138568511719e+12 1.145070353264361795e+00 -1.354660790176098750e-01 -2.048891927815502889e+00 1.768073067841903767e-01 4.213803154474368255e-16 9.433530195688444482e-04 2.172150600290141675e-03 7.597346488830545750e-04 4.676063798528258324e+09 7.067604620147174072e+10 1.095921268853624042e+01
2.511886431509777344e+12 1.124265743006840568e+00 -1.171301496899080780e-01 -2.039837226284765492e+00 1.726538415823754558e-01 3.299630257674156121e-16 8.288296473250823197e-04 1.908450790562246863e-03 6.577196141117452573e-04 4.434647520752228737e+09 7.091746247924777222e+10 1.149881452502075163e+01
2.818382931264679688e+12 1.103646217998421442e+00 -9.861944178674571237e-02 -2.030730595398965388e+00 1.683236879841723543e-01 2.579490363455496004e-16 7.269991611724694507e-04 1.673977431134903923e-03 5.681589085693168183e-04 4.196854494120971203e+09 7.115525550587902832e+10 1.207378375112465108e+01
3.162277660168638184e+12 1.083212676095947069e+00 -7.993132555934562289e-02 -2.021460078550125772e+00 1.638175974764139176e-01 2.013183063413595047e-16 6.366243827262674758e-04 1.465881813502039645e-03 4.896624274533935110e-04 3.963018625858024597e+09 7.138909137414196777e+10 1.268725706814451826e+01
3.548133892336050781e+12 1.062966702148783193e+00 -6.106377445600516540e-02 -2.011980445376550186e+00 1.591375870362651823e-01 1.568492607971426232e-16 5.565221782221980084e-04 1.281439671495008788e-03 4.209793903284676092e-04 3.733462504840515614e+09 7.161864749515948486e+10 1.334278193841595872e+01
3.981071705535311035e+12 1.042909522661733757e+00 -4.201442504756975477e-02 -2.002395340471074370e+00 1.542868399506231447e-01 1.219639610223757541e-16 4.855472743211916489e-04 1.118013915795866607e-03 3.609930506461959954e-04 3.508522177440889835e+09 7.184358782255911255e+10 1.404430932337560556e+01
4.466835921510018555e+12 1.023041921745880156e+00 -2.278046535359825459e-02 -1.992749667171835659e+00 1.492697892613844279e-01 9.463537485891602596e-17 4.227206918653721949e-04 9.733503635893355019e-04 3.087089436615661920e-04 3.288554929069257259e+09 7.206355507093074036e+10 1.479620237588592779e+01
5.011872336273166016e+12 1.003364585969833245e+00 -3.358938414703407146e-03 -1.982980207159383390e+00 1.440923104961518708e-01 7.326800693021887725e-17 3.672098970674346182e-04 8.455320349873529347e-04 2.632368836971491735e-04 3.073917554472219467e+09 7.227819244552778625e+10 1.560334650656809075e+01
5.623413251903997070e+12 9.838789347377666639e-01 1.625242330224560203e-02 -1.972970433196489015e+00 1.387620690630183840e-01 5.659758246794110114e-17 3.182715952759493177e-04 7.328474308058351367e-04 2.237773970523196344e-04 2.864947490232140541e+09 7.248716250976785278e+10 1.647130189959888114e+01
6.309573444802510742e+12 9.645863644186655206e-01 3.605590744275759263e-02 -1.962824348795574769e+00 1.332884542013208773e-01 4.361029369911473464e-17 2.751623510439726102e-04 6.335847276670459466e-04 1.896165930904977564e-04 2.661978657063697338e+09 7.269013134293630981e+10 1.740635701563607540e+01
7.079457843842039062e+12 9.454876952247749378e-01 5.605440500873658249e-02 -1.952598848538808385e+00 1.276825160589107888e-01 3.351109713416879436e-17 2.372403994622437450e-04 5.462662072577151176e-04 1.601203197173788517e-04 2.465355708100775719e+09 7.288675429189923096e+10 1.841554249802155141e+01
7.943282347243568359e+12 9.265834990350905187e-01 7.625111423597628890e-02 -1.942294091980417914e+00 1.219571283945156820e-01 2.567534498022751767e-17 2.039465145408300164e-04 4.696042041498086424e-04 1.347235594321908702e-04 2.275419023830501080e+09 7.307669097616949463e+10 1.950677541276392901e+01
8.912509381338316406e+12 9.078749135946411197e-01 9.664867022899821525e-02 -1.931743109399048919e+00 1.161273067858058922e-01 1.961346046448522290e-17 1.748051503902327286e-04 4.025037334671322095e-04 1.129208609917674479e-04 2.092481096691400528e+09 7.325962890330859375e+10 2.068911624236253388e+01
1.000000000000098242e+13 8.893634431612824631e-01 1.172493045597264444e-01 -1.921001459352838392e+00 1.102102148920236502e-01 1.493436887163717381e-17 1.493436887163864077e-04 3.438765513710944645e-04 9.426135387081185555e-05 1.916829001334881306e+09 7.343528099866511536e+10 2.197297064902338093e+01
1.122018454302075391e+13 8.710499689790478506e-01 1.380559341092544579e-01 -1.910164244027256819e+00 1.042248644413827918e-01 1.133121705696610154e-17 1.271383464761841704e-04 2.927468613439737719e-04 7.834576855293522418e-05 1.748743018275362492e+09 7.360336698172463989e+10 2.337014919417212866e+01
1.258925411794294922e+13 8.529350274638310969e-01 1.590719038360094983e-01 -1.899279923609984211e+00 9.819216400399143063e-02 8.564418611808600930e-18 1.078196422764986608e-04 2.482639010378164392e-04 6.482049949339052989e-05 1.588489739596703053e+09 7.376362026040328979e+10 2.489406823198524421e+01
1.412537544622899805e+13 8.350194152303449524e-01 1.803003026287317290e-01 -1.888173228701517825e+00 9.213505252641819576e-02 6.447720191191460783e-18 9.107646847281080315e-05 2.097113186280363480e-04 5.337111900174425764e-05 1.436297028361161709e+09 7.391581297163883972e+10 2.656019324369816914e+01
1.584893192461279492e+13 8.173046172778876128e-01 2.017434050475420126e-01 -1.876812091197138654e+00 8.607854057519752355e-02 4.833831218526631767e-18 7.661106191749669900e-05 1.764034891296717411e-04 4.371824880780159539e-05 1.292345578325534582e+09 7.405976442167446899e+10 2.838653699764392258e+01
1.778279410039111719e+13 7.997916209897801831e-01 2.234040590061669995e-01 -1.865338096154870229e+00 8.004913817000425258e-02 3.607175742448560662e-18 6.414566351188821748e-05 1.477008485826859026e-04 3.561564036499268479e-05 1.156787061593552828e+09 7.419532293840644836e+10 3.039389887889045383e+01
1.995262314969094922e+13 7.824809569185336988e-01 2.452856930703057325e-01 -1.853819009838097998e+00 7.407462785234113223e-02 2.678347028270591614e-18 5.344004891917776686e-05 1.230502600101713077e-04 2.884686265017128503e-05 1.029744330462218761e+09 7.432236566953778076e+10 3.260622124694085500e+01
2.238721138568585156e+13 7.653731052148408098e-01 2.673918448168842721e-01 -1.842133765290813630e+00 6.818390860806988751e-02 1.978264921546662320e-18 4.428783497555236804e-05 1.019765086156872061e-04 2.322119343452484726e-05 9.112907024320182800e+08 7.444081929756797791e+10 3.505138269997598144e+01
2.511886431509859375e+13 7.484693650959470812e-01 2.897250043555718579e-01 -1.830139079012676806e+00 6.240693274569995147e-02 1.453152652680297852e-18 3.650154431180199256e-05 8.404791180361687985e-05 1.857058292404226442e-05 8.014367587491179705e+08 7.455067324125088501e+10 3.776227534301690270e+01
2.818382931264771875e+13 7.317708619593643604e-01 3.122878441351351619e-01 -1.818001864463417938e+00 5.677392546622646308e-02 1.060986559367384706e-18 2.990266409222374692e-05 6.885342857956273487e-05 1.474804941446279167e-05 7.001432244681333303e+08 7.465196677553186035e+10 4.077761350966369491e+01
3.162277660168741406e+13 7.152781076302880958e-01 3.350838501934471081e-01 -1.805796945060493597e+00 5.131473982118708171e-02 7.695989678788302456e-19 2.433685623412145535e-05 5.603768237502727763e-05 1.162577164059805372e-05 6.073277147256642580e+08 7.474478228527433777e+10 4.414275189876863692e+01
3.548133892336166406e+13 6.989913590140354183e-01 3.581168987502933998e-01 -1.793498771606791165e+00 4.605843514622528362e-02 5.543462506035146670e-19 1.966894719855808476e-05 4.528942461428684616e-05 9.092593965865211132e-06 5.228528013405307531e+08 7.482925719865946960e+10 4.791123885709723851e+01
3.981071705535441406e+13 6.829115752562611164e-01 3.813898930104644980e-01 -1.780871468003964342e+00 4.103298363486366368e-02 3.963937150080901517e-19 1.578071803070787044e-05 3.633644609425029702e-05 7.051947198151791361e-06 4.465150663745589256e+08 7.490559493362544250e+10 5.214711855944985786e+01
4.466835921510164844e+13 6.670399772075806810e-01 4.049052990191450152e-01 -1.768032062653559056e+00 3.626446392480722758e-02 2.812061630449645074e-19 1.256101790439291766e-05 2.892281257948644031e-05 5.420465731308379619e-06 3.780522024728868008e+08 7.497405779752711487e+10 5.692737158416465348e+01
5.011872336273329688e+13 6.513770655944408627e-01 4.286665946283435003e-01 -1.755105281829405950e+00 3.177610801555004472e-02 1.977777787111583624e-19 9.912369778520428493e-06 2.282407488826582954e-05 4.126793544614578633e-06 3.171560005442154408e+08 7.503495399945578003e+10 6.234415636636636293e+01
5.623413251904180469e+13 6.359229699461084184e-01 4.526778394141392492e-01 -1.742152188283396130e+00 2.758779686834251371e-02 1.378127140296348794e-19 7.749778423551299949e-06 1.784452427207612111e-05 3.110078565606034441e-06 2.634713795944533944e+08 7.508863862040554810e+10 6.850825095734627723e+01
6.309573444802717188e+13 6.206782109909003697e-01 4.769425101082824248e-01 -1.728892908765664371e+00 2.371567383032341728e-02 9.509589666430970502e-20 6.000145443028318155e-06 1.381584545291316087e-05 2.318569322481305737e-06 2.165915731312741041e+08 7.513551842686872864e+10 7.555443662002548422e+01
7.079457843842270312e+13 6.056439785300404832e-01 5.014629597299968822e-01 -1.715328633315662765e+00 2.017163601273000775e-02 6.493477423337129835e-20 4.597029967845673628e-06 1.058505267600834704e-05 1.708546869258270623e-06 1.760644416858117282e+08 7.517604555831419373e+10 8.364841207267434697e+01
7.943282347243828125e+13 5.908208080423845709e-01 5.262425088327620237e-01 -1.701658795623586906e+00 1.696255537505450550e-02 4.383533058030140061e-20 3.481964075841056803e-06 8.017518575372406547e-06 1.243482587973753817e-06 1.414089796950353682e+08 7.521070102030496216e+10 9.299367921482814836e+01
8.912509381338607812e+13 5.762087490843226245e-01 5.512852723367422936e-01 -1.687989943553975358e+00 1.409006573371423751e-02 2.922768045562885221e-20 2.604919762555592354e-06 5.998049413706096399e-06 8.930933882467925982e-07 1.121232083355746865e+08 7.523998679166442871e+10 1.038407242715233565e+02
1.000000000000130938e+14 5.618078714405209118e-01 5.765953533020656829e-01 -1.674094231055354154e+00 1.155055467931925470e-02 1.923355962173132967e-20 1.923355962173384893e-06 4.428690767021655790e-06 6.324248837285998734e-07 8.768706350067217648e+07 7.526442293649932861e+10 1.165011869578893169e+02
1.122018454302112188e+14 5.476191493433516522e-01 6.021752165968111692e-01 -1.659798262454547757e+00 9.335336192176326570e-03 1.248085411567739476e-20 1.400374864324250619e-06 3.224482287196578999e-06 4.410955573731447766e-07 6.757051500360456109e+07 7.528453948499639893e+10 1.313678540072142198e+02
1.258925411794336094e+14 5.336432000123622066e-01 6.280278281143626407e-01 -1.645370286367844326e+00 7.430648480364783308e-03 7.976116373382987359e-21 1.004133558988072425e-06 2.312102964300993174e-06 3.026809260857060546e-07 5.124878048298368603e+07 7.530086121951701355e+10 1.489378162903723251e+02
1.412537544622946250e+14 5.198799852410135314e-01 6.541572916579674324e-01 -1.630922551206853921e+00 5.818113671735301688e-03 5.013654312995352726e-21 7.081974952866700103e-07 1.630684995542807514e-06 2.041112270896114768e-07 3.821335809273111820e+07 7.531389664190727234e+10 1.698417158835102043e+02
1.584893192461331250e+14 5.063292083343232663e-01 6.805682118928141344e-01 -1.616369095321699367e+00 4.475486141388811991e-03 3.096026276537942110e-21 4.906870969366387720e-07 1.129848794730828856e-06 1.350978823327708481e-07 2.797812448538854346e+07 7.532413187551461792e+10 1.948874259367904926e+02
1.778279410039170000e+14 4.929914356992907143e-01 7.072634768970509356e-01 -1.601365176112144129e+00 3.377575435143450634e-03 1.876089540476205920e-21 3.336211401218685048e-07 7.681910639522922393e-07 8.764688586569302717e-08 2.008625444718363881e+07 7.533202374555281067e+10 2.251236751373564005e+02
1.995262314969160312e+14 4.798673560658257564e-01 7.342455547990862641e-01 -1.586144212245938157e+00 2.497083501030580507e-03 1.113736227683278486e-21 2.222195923912357995e-07 5.116795208112726381e-07 5.565012124660403494e-08 1.411877140413702466e+07 7.533799122859585571e+10 2.619256086074649374e+02
2.238721138568658125e+14 4.669568322527473114e-01 7.615184618753571000e-01 -1.570877599994942475e+00 1.805586206611502079e-03 6.465942262492578848e-22 1.447544162380659161e-07 3.333093609748258330e-07 3.452539920195165786e-08 9.700967460853632540e+06 7.534240903253913879e+10 3.071051483377028148e+02
2.511886431509941875e+14 4.542593168507468859e-01 7.890870615127866250e-01 -1.555635171569603958e+00 1.274643171132915781e-03 3.664457553672402792e-22 9.204701207913822952e-08 2.119460778680665741e-07 2.089401323087940592e-08 6.504539487589395605e+06 7.534560546051240540e+10 3.630719615362471586e+02
2.818382931264864375e+14 4.417748250451966618e-01 8.169549723150404397e-01 -1.539957622931715120e+00 8.768225076879063379e-04 2.024050379649494483e-22 5.704549042024303834e-08 1.313520958641862621e-07 1.231155888757312306e-08 4.248077032144318335e+06 7.534786192296784973e+10 4.330742059435090141e+02
3.162277660168845000e+14 4.295039997373633067e-01 8.451242250578512305e-01 -1.523921678387713641e+00 5.865326554902911297e-04 1.087290932424328210e-22 3.438315825709606076e-08 7.917014765284453362e-08 7.048502799647375669e-09 2.696680796533455141e+06 7.534941331920346069e+10 5.215561143671294531e+02
3.548133892336283125e+14 4.174466514154827612e-01 8.735985238966794686e-01 -1.507821944126108704e+00 3.806679894774693670e-04 5.666451484878379141e-23 2.010532856277623309e-08 4.629422983839595845e-08 3.911893362366376271e-09 1.660140508573265513e+06 7.535044985949142456e+10 6.346549390245228324e+02
3.981071705535571875e+14 4.056020604646077277e-01 9.023827466771209282e-01 -1.491831202919642774e+00 2.391082568776145589e-04 2.857516140884849954e-23 1.137597665658787527e-08 2.619415426770748833e-08 2.099683759713798125e-09 9.887931777862121817e+05 7.535112120682221985e+10 7.809358681238840063e+02
4.466835921510310625e+14 3.939696370939007042e-01 9.314814358671751338e-01 -1.475514748585351033e+00 1.449645591812178530e-04 1.391006738596251536e-23 6.213398867024638988e-09 1.430687960803702745e-08 1.087157912820189573e-09 5.683249523774458794e+05 7.535154167504762268e+10 9.725287666179475536e+02
5.011872336273493750e+14 3.825497863603870008e-01 9.608964737663665545e-01 -1.458672034742397816e+00 8.458394242494359872e-05 6.518192004845284197e-24 3.266834619160314363e-09 7.522164695355421242e-09 5.414318052353806924e-10 3.143084201188266743e+05 7.535179569157987976e+10 1.226927061133461621e+03
5.623413251904365000e+14 3.713423338594062928e-01 9.906309090562072095e-01 -1.441743193259520606e+00 4.734677272897762400e-05 2.930040220418981795e-24 1.647682700411688901e-09 3.793929623952129495e-09 2.585294472526931648e-10 1.667210119446525350e+05 7.535194327898805237e+10 1.569748201388896632e+03
6.309573444802923750e+14 3.603463987414446401e-01 1.020689491441437502e+00 -1.424922392729871312e+00 2.533642940117363459e-05 1.258900875448990390e-24 7.943127533372103106e-10 1.828972705009317049e-09 1.179568890286576268e-10 8.453383260735010845e+04 7.535202546616738892e+10 2.039039144900533984e+03
7.079457843842502500e+14 3.495608542993448586e-01 1.051077614298142615e+00 -1.407977629636269601e+00 1.291161826115527494e-05 5.150791980687112428e-25 3.646481468967643687e-10 8.396333872323926677e-10 5.124173672261516302e-11 4.082336565737386263e+04 7.535206917663433838e+10 2.692311996916598673e+03
7.943282347244088750e+14 3.389856379115215868e-01 1.081797538541862114e+00 -1.390383450988005309e+00 6.240203337809456576e-06 1.999241864747004937e-25 1.588054261211623933e-10 3.656630068731557737e-10 2.110932686997657929e-11 1.870158146554859559e+04 7.535209129841853333e+10 3.618333044383483411e+03
8.912509381338898750e+14 3.286206256297414807e-01 1.112851307151179414e+00 -1.372605152139057871e+00 2.847336756576988854e-06 7.326152231997991895e-26 6.529440049679901018e-11 1.503459132399124300e-10 8.209103867149928803e-12 8.090271791217603095e+03 7.535210190972821045e+10 4.957180695431690765e+03
