5.000000000000000104e-04 6.536393999999999815e-01
1.500000000000000031e-03 6.787849000000000244e-01
2.500000000000000052e-03 7.046809000000000545e-01
3.500000000000000073e-03 7.313397999999999843e-01
4.499999999999999660e-03 7.587739999999999485e-01
5.499999999999999681e-03 7.869952000000000059e-01
6.499999999999999702e-03 8.160152000000000516e-01
7.499999999999999722e-03 8.458455000000000279e-01
8.500000000000000611e-03 8.764969000000000232e-01
9.499999999999999764e-03 9.079802999999999624e-01
1.050000000000000065e-02 9.403059000000000278e-01
1.149999999999999981e-02 9.734834999999999461e-01
1.250000000000000069e-02 1.007522699999999993e+00
1.349999999999999985e-02 1.042432299999999978e+00
1.450000000000000074e-02 1.078221000000000096e+00
1.549999999999999989e-02 1.114896600000000015e+00
1.650000000000000078e-02 1.152466599999999897e+00
1.750000000000000167e-02 1.190937799999999935e+00
1.849999999999999908e-02 1.230316500000000035e+00
1.949999999999999997e-02 1.270608299999999913e+00
2.050000000000000086e-02 1.311818200000000045e+00
2.149999999999999828e-02 1.353950399999999998e+00
2.249999999999999917e-02 1.397008599999999934e+00
2.350000000000000006e-02 1.440995500000000096e+00
2.450000000000000094e-02 1.485913299999999992e+00
2.549999999999999836e-02 1.531763200000000102e+00
2.649999999999999925e-02 1.578545700000000052e+00
2.750000000000000014e-02 1.626260400000000050e+00
2.850000000000000103e-02 1.674906199999999901e+00
2.949999999999999845e-02 1.724480900000000094e+00
3.049999999999999933e-02 1.774981600000000048e+00
3.150000000000000022e-02 1.826404099999999975e+00
3.250000000000000111e-02 1.878743700000000016e+00
3.350000000000000200e-02 1.931994400000000001e+00
3.450000000000000289e-02 1.986149399999999954e+00
3.549999999999999684e-02 2.041200799999999926e+00
3.649999999999999772e-02 2.097139600000000215e+00
3.749999999999999861e-02 2.153955900000000145e+00
3.849999999999999950e-02 2.211638600000000121e+00
3.950000000000000039e-02 2.270175599999999960e+00
4.050000000000000128e-02 2.329553699999999949e+00
4.150000000000000216e-02 2.389758500000000119e+00
4.250000000000000305e-02 2.450774599999999914e+00
4.349999999999999700e-02 2.512585500000000138e+00
4.449999999999999789e-02 2.575173299999999887e+00
4.549999999999999878e-02 2.638519399999999848e+00
4.649999999999999967e-02 2.702603700000000053e+00
4.750000000000000056e-02 2.767405000000000115e+00
4.850000000000000144e-02 2.832901099999999950e+00
4.950000000000000233e-02 2.899068499999999826e+00
5.050000000000000322e-02 2.965882699999999872e+00
5.149999999999999717e-02 3.033317799999999842e+00
5.249999999999999806e-02 3.101347099999999912e+00
5.349999999999999895e-02 3.169942600000000166e+00
5.449999999999999983e-02 3.239075099999999985e+00
5.550000000000000072e-02 3.308714300000000108e+00
5.650000000000000161e-02 3.378829000000000082e+00
5.750000000000000250e-02 3.449386800000000086e+00
5.850000000000000339e-02 3.520354100000000042e+00
5.949999999999999734e-02 3.591696499999999848e+00
6.049999999999999822e-02 3.663378300000000198e+00
6.149999999999999911e-02 3.735363099999999825e+00
6.250000000000000000e-02 3.807613200000000031e+00
6.350000000000000089e-02 3.880090299999999992e+00
6.450000000000000178e-02 3.952754899999999960e+00
6.550000000000000266e-02 4.025566699999999720e+00
6.650000000000000355e-02 4.098484499999999642e+00
6.750000000000000444e-02 4.171466299999999627e+00
6.850000000000000533e-02 4.244469500000000117e+00
6.950000000000000622e-02 4.317450400000000243e+00
7.049999999999999323e-02 4.390364700000000120e+00
7.149999999999999412e-02 4.463167699999999627e+00
7.249999999999999500e-02 4.535813700000000281e+00
7.349999999999999589e-02 4.608256700000000095e+00
7.449999999999999678e-02 4.680449900000000163e+00
7.549999999999999767e-02 4.752346199999999854e+00
7.649999999999999856e-02 4.823897999999999797e+00
7.749999999999999944e-02 4.895057399999999781e+00
7.850000000000000033e-02 4.965775999999999968e+00
7.950000000000000122e-02 5.036005300000000240e+00
8.050000000000000211e-02 5.105696299999999965e+00
8.150000000000000300e-02 5.174800099999999681e+00
8.250000000000000389e-02 5.243267600000000250e+00
8.350000000000000477e-02 5.311049599999999593e+00
8.450000000000000566e-02 5.378096799999999789e+00
8.550000000000000655e-02 5.444360200000000205e+00
8.649999999999999356e-02 5.509790800000000210e+00
8.749999999999999445e-02 5.574339600000000061e+00
8.849999999999999534e-02 5.637958199999999920e+00
8.949999999999999623e-02 5.700598099999999668e+00
9.049999999999999711e-02 5.762211399999999983e+00
9.149999999999999800e-02 5.822750700000000279e+00
9.249999999999999889e-02 5.882168799999999642e+00
9.349999999999999978e-02 5.940419099999999730e+00
9.450000000000000067e-02 5.997455900000000284e+00
9.550000000000000155e-02 6.053233800000000109e+00
9.650000000000000244e-02 6.107708299999999646e+00
9.750000000000000333e-02 6.160835600000000412e+00
9.850000000000000422e-02 6.212572899999999620e+00
9.950000000000000511e-02 6.262877999999999723e+00
1.005000000000000060e-01 6.311709999999999710e+00
1.015000000000000069e-01 6.359028699999999645e+00
1.024999999999999939e-01 6.404795100000000296e+00
1.034999999999999948e-01 6.448971399999999576e+00
1.044999999999999957e-01 6.491520799999999980e+00
1.054999999999999966e-01 6.532407899999999934e+00
1.064999999999999974e-01 6.571598400000000062e+00
1.074999999999999983e-01 6.609059399999999584e+00
1.084999999999999992e-01 6.644759399999999872e+00
1.095000000000000001e-01 6.678668100000000329e+00
1.105000000000000010e-01 6.710757000000000083e+00
1.115000000000000019e-01 6.740998799999999846e+00
1.125000000000000028e-01 6.769367899999999771e+00
1.135000000000000037e-01 6.795840100000000383e+00
1.145000000000000046e-01 6.820393000000000150e+00
1.155000000000000054e-01 6.843005500000000296e+00
1.165000000000000063e-01 6.863658700000000223e+00
1.174999999999999933e-01 6.882334799999999753e+00
1.184999999999999942e-01 6.899018100000000153e+00
1.194999999999999951e-01 6.913694500000000076e+00
1.204999999999999960e-01 6.926351699999999667e+00
1.214999999999999969e-01 6.936979100000000287e+00
1.224999999999999978e-01 6.945567999999999742e+00
1.234999999999999987e-01 6.952111300000000327e+00
1.244999999999999996e-01 6.956603900000000174e+00
1.255000000000000004e-01 6.959042400000000406e+00
1.265000000000000013e-01 6.959425399999999762e+00
1.275000000000000022e-01 6.957753000000000299e+00
1.285000000000000031e-01 6.954027400000000192e+00
1.295000000000000040e-01 6.948252499999999721e+00
1.305000000000000049e-01 6.940433999999999770e+00
1.315000000000000058e-01 6.930579500000000337e+00
1.325000000000000067e-01 6.918698199999999687e+00
1.335000000000000075e-01 6.904801199999999639e+00
1.345000000000000084e-01 6.888901299999999672e+00
1.355000000000000093e-01 6.871013099999999874e+00
1.365000000000000102e-01 6.851152899999999768e+00
1.375000000000000111e-01 6.829338599999999815e+00
1.385000000000000120e-01 6.805589900000000192e+00
1.395000000000000129e-01 6.779927899999999674e+00
1.405000000000000138e-01 6.752375699999999981e+00
1.414999999999999869e-01 6.722957400000000305e+00
1.424999999999999878e-01 6.691699200000000403e+00
1.434999999999999887e-01 6.658628499999999839e+00
1.444999999999999896e-01 6.623774000000000051e+00
1.454999999999999905e-01 6.587166200000000416e+00
1.464999999999999913e-01 6.548836699999999844e+00
1.474999999999999922e-01 6.508818500000000284e+00
1.484999999999999931e-01 6.467145900000000225e+00
1.494999999999999940e-01 6.423854200000000070e+00
1.504999999999999949e-01 6.378980199999999989e+00
1.514999999999999958e-01 6.332561700000000293e+00
1.524999999999999967e-01 6.284637599999999935e+00
1.534999999999999976e-01 6.235247600000000112e+00
1.544999999999999984e-01 6.184432600000000058e+00
1.554999999999999993e-01 6.132234300000000360e+00
1.565000000000000002e-01 6.078695399999999971e+00
1.575000000000000011e-01 6.023859200000000413e+00
1.585000000000000020e-01 5.967769900000000405e+00
1.595000000000000029e-01 5.910472200000000065e+00
1.605000000000000038e-01 5.852011400000000307e+00
1.615000000000000047e-01 5.792433700000000130e+00
1.625000000000000056e-01 5.731785399999999697e+00
1.635000000000000064e-01 5.670113500000000251e+00
1.645000000000000073e-01 5.607465200000000038e+00
1.655000000000000082e-01 5.543888100000000208e+00
1.665000000000000091e-01 5.479430100000000081e+00
1.675000000000000100e-01 5.414139200000000152e+00
1.685000000000000109e-01 5.348063599999999695e+00
1.695000000000000118e-01 5.281251700000000326e+00
1.705000000000000127e-01 5.213751799999999825e+00
1.715000000000000135e-01 5.145612100000000133e+00
1.724999999999999867e-01 5.076880799999999638e+00
1.734999999999999876e-01 5.007606100000000282e+00
1.744999999999999885e-01 4.937835800000000219e+00
1.754999999999999893e-01 4.867617400000000316e+00
1.764999999999999902e-01 4.796998399999999663e+00
1.774999999999999911e-01 4.726025800000000388e+00
1.784999999999999920e-01 4.654746099999999664e+00
1.794999999999999929e-01 4.583205399999999763e+00
1.804999999999999938e-01 4.511449400000000054e+00
1.814999999999999947e-01 4.439523300000000283e+00
1.824999999999999956e-01 4.367471499999999729e+00
1.834999999999999964e-01 4.295338000000000100e+00
1.844999999999999973e-01 4.223165999999999976e+00
1.854999999999999982e-01 4.150998000000000410e+00
1.864999999999999991e-01 4.078875899999999888e+00
1.875000000000000000e-01 4.006840699999999700e+00
1.885000000000000009e-01 3.934932499999999944e+00
1.895000000000000018e-01 3.863190900000000205e+00
1.905000000000000027e-01 3.791654299999999811e+00
1.915000000000000036e-01 3.720360299999999842e+00
1.925000000000000044e-01 3.649345600000000189e+00
1.935000000000000053e-01 3.578645900000000157e+00
1.945000000000000062e-01 3.508296000000000081e+00
1.955000000000000071e-01 3.438329799999999992e+00
1.965000000000000080e-01 3.368779899999999827e+00
1.975000000000000089e-01 3.299678000000000111e+00
1.985000000000000098e-01 3.231054900000000174e+00
1.995000000000000107e-01 3.162940299999999816e+00
2.005000000000000115e-01 3.095362499999999795e+00
2.015000000000000124e-01 3.028349200000000074e+00
2.025000000000000133e-01 2.961926800000000082e+00
2.034999999999999865e-01 2.896120499999999875e+00
2.044999999999999873e-01 2.830954399999999982e+00
2.054999999999999882e-01 2.766451899999999853e+00
2.064999999999999891e-01 2.702634699999999945e+00
2.074999999999999900e-01 2.639523800000000087e+00
2.084999999999999909e-01 2.577138999999999847e+00
2.094999999999999918e-01 2.515499000000000152e+00
2.104999999999999927e-01 2.454621400000000175e+00
2.114999999999999936e-01 2.394522700000000004e+00
2.124999999999999944e-01 2.335218300000000191e+00
2.134999999999999953e-01 2.276722499999999982e+00
2.144999999999999962e-01 2.219048799999999932e+00
2.154999999999999971e-01 2.162209299999999779e+00
2.164999999999999980e-01 2.106215199999999843e+00
2.174999999999999989e-01 2.051076800000000144e+00
2.184999999999999998e-01 1.996803200000000000e+00
2.195000000000000007e-01 1.943402700000000038e+00
2.205000000000000016e-01 1.890882399999999963e+00
2.215000000000000024e-01 1.839248699999999959e+00
2.225000000000000033e-01 1.788506900000000011e+00
2.235000000000000042e-01 1.738661400000000024e+00
2.245000000000000051e-01 1.689715700000000043e+00
2.255000000000000060e-01 1.641672500000000090e+00
2.265000000000000069e-01 1.594533600000000106e+00
2.275000000000000078e-01 1.548299899999999951e+00
2.285000000000000087e-01 1.502971700000000022e+00
2.295000000000000095e-01 1.458548200000000072e+00
2.305000000000000104e-01 1.415028200000000069e+00
2.315000000000000113e-01 1.372409500000000060e+00
2.325000000000000122e-01 1.330689199999999905e+00
2.335000000000000131e-01 1.289863900000000063e+00
2.344999999999999862e-01 1.249929400000000079e+00
2.354999999999999871e-01 1.210880900000000038e+00
2.364999999999999880e-01 1.172712900000000058e+00
2.374999999999999889e-01 1.135419500000000026e+00
2.384999999999999898e-01 1.098994100000000085e+00
2.394999999999999907e-01 1.063429600000000086e+00
2.404999999999999916e-01 1.028718400000000033e+00
2.414999999999999925e-01 9.948523999999999701e-01
2.424999999999999933e-01 9.618231000000000419e-01
2.434999999999999942e-01 9.296214000000000421e-01
2.444999999999999951e-01 8.982379999999999809e-01
2.454999999999999960e-01 8.676631999999999678e-01
2.464999999999999969e-01 8.378866999999999843e-01
2.474999999999999978e-01 8.088980999999999533e-01
2.484999999999999987e-01 7.806866999999999557e-01
2.494999999999999996e-01 7.532413999999999499e-01
2.505000000000000004e-01 7.265508000000000521e-01
2.515000000000000013e-01 7.006033000000000399e-01
2.525000000000000022e-01 6.753871999999999653e-01
2.535000000000000031e-01 6.508903999999999801e-01
2.545000000000000040e-01 6.271008999999999611e-01
2.555000000000000049e-01 6.040060999999999902e-01
2.565000000000000058e-01 5.815936999999999912e-01
2.575000000000000067e-01 5.598511000000000459e-01
2.585000000000000075e-01 5.387655000000000083e-01
2.595000000000000084e-01 5.183240999999999543e-01
2.605000000000000093e-01 4.985142000000000184e-01
2.615000000000000102e-01 4.793227999999999933e-01
2.625000000000000111e-01 4.607370000000000076e-01
2.635000000000000120e-01 4.427438000000000207e-01
2.645000000000000129e-01 4.253302999999999945e-01
2.655000000000000138e-01 4.084836000000000023e-01
2.665000000000000147e-01 3.921907000000000032e-01
2.675000000000000155e-01 3.764389000000000207e-01
2.685000000000000164e-01 3.612152000000000140e-01
2.695000000000000173e-01 3.465070000000000094e-01
2.705000000000000182e-01 3.323015999999999748e-01
2.715000000000000191e-01 3.185863999999999918e-01
2.725000000000000200e-01 3.053489999999999815e-01
2.735000000000000209e-01 2.925769999999999760e-01
2.745000000000000218e-01 2.802582000000000129e-01
2.755000000000000226e-01 2.683804000000000189e-01
2.765000000000000235e-01 2.569316999999999851e-01
2.775000000000000244e-01 2.459002999999999883e-01
2.785000000000000253e-01 2.352743999999999946e-01
2.795000000000000262e-01 2.250426000000000093e-01
2.805000000000000271e-01 2.151936000000000127e-01
2.814999999999999725e-01 2.057160000000000100e-01
2.824999999999999734e-01 1.965989999999999960e-01
2.834999999999999742e-01 1.878317999999999932e-01
2.844999999999999751e-01 1.794034999999999935e-01
2.854999999999999760e-01 1.713039000000000089e-01
2.864999999999999769e-01 1.635226999999999931e-01
2.874999999999999778e-01 1.560497000000000134e-01
2.884999999999999787e-01 1.488752000000000131e-01
2.894999999999999796e-01 1.419894999999999907e-01
2.904999999999999805e-01 1.353830000000000033e-01
2.914999999999999813e-01 1.290466000000000113e-01
2.924999999999999822e-01 1.229710999999999999e-01
2.934999999999999831e-01 1.171477999999999964e-01
2.944999999999999840e-01 1.115678999999999976e-01
2.954999999999999849e-01 1.062231000000000009e-01
2.964999999999999858e-01 1.011050000000000004e-01
2.974999999999999867e-01 9.620570000000000510e-02
2.984999999999999876e-01 9.151729999999999587e-02
2.994999999999999885e-01 8.703220000000000400e-02
3.004999999999999893e-01 8.274289999999999423e-02
3.014999999999999902e-01 7.864219999999999544e-02
3.024999999999999911e-01 7.472320000000000351e-02
3.034999999999999920e-01 7.097879999999999467e-02
3.044999999999999929e-01 6.740259999999999307e-02
3.054999999999999938e-01 6.398800000000000321e-02
3.064999999999999947e-01 6.072879999999999945e-02
3.074999999999999956e-01 5.761890000000000067e-02
3.084999999999999964e-01 5.465239999999999682e-02
3.094999999999999973e-01 5.182370000000000032e-02
3.104999999999999982e-01 4.912709999999999994e-02
3.114999999999999991e-01 4.655730000000000285e-02
3.125000000000000000e-01 4.410920000000000119e-02
3.135000000000000009e-01 4.177770000000000095e-02
3.145000000000000018e-01 3.955790000000000001e-02
3.155000000000000027e-01 3.744530000000000081e-02
3.165000000000000036e-01 3.543520000000000003e-02
3.175000000000000044e-01 3.352320000000000300e-02
3.185000000000000053e-01 3.170529999999999876e-02
3.195000000000000062e-01 2.997719999999999899e-02
3.205000000000000071e-01 2.833509999999999848e-02
3.215000000000000080e-01 2.677519999999999900e-02
3.225000000000000089e-01 2.529380000000000170e-02
3.235000000000000098e-01 2.388749999999999901e-02
3.245000000000000107e-01 2.255280000000000132e-02
3.255000000000000115e-01 2.128649999999999987e-02
3.265000000000000124e-01 2.008539999999999978e-02
3.275000000000000133e-01 1.894670000000000035e-02
3.285000000000000142e-01 1.786729999999999915e-02
3.295000000000000151e-01 1.684449999999999836e-02
3.305000000000000160e-01 1.587560000000000013e-02
3.315000000000000169e-01 1.495819999999999962e-02
3.325000000000000178e-01 1.408960000000000073e-02
3.335000000000000187e-01 1.326770000000000033e-02
3.345000000000000195e-01 1.248999999999999937e-02
3.355000000000000204e-01 1.175460000000000046e-02
3.365000000000000213e-01 1.105919999999999993e-02
3.375000000000000222e-01 1.040190000000000038e-02
3.385000000000000231e-01 9.780900000000000358e-03
3.395000000000000240e-01 9.194199999999999595e-03
3.405000000000000249e-01 8.640300000000000064e-03
3.415000000000000258e-01 8.117299999999999169e-03
3.425000000000000266e-01 7.623800000000000021e-03
3.435000000000000275e-01 7.158199999999999980e-03
3.444999999999999729e-01 6.719100000000000419e-03
3.454999999999999738e-01 6.305100000000000114e-03
3.464999999999999747e-01 5.914899999999999845e-03
3.474999999999999756e-01 5.547200000000000394e-03
3.484999999999999765e-01 5.200899999999999621e-03
3.494999999999999774e-01 4.874700000000000040e-03
3.504999999999999782e-01 4.567700000000000059e-03
3.514999999999999791e-01 4.278800000000000138e-03
3.524999999999999800e-01 4.007000000000000145e-03
3.534999999999999809e-01 3.751299999999999947e-03
3.544999999999999818e-01 3.510999999999999798e-03
3.554999999999999827e-01 3.285099999999999999e-03
3.564999999999999836e-01 3.072800000000000097e-03
3.574999999999999845e-01 2.873399999999999913e-03
3.584999999999999853e-01 2.686200000000000133e-03
3.594999999999999862e-01 2.510399999999999871e-03
3.604999999999999871e-01 2.345499999999999929e-03
3.614999999999999880e-01 2.190699999999999852e-03
3.624999999999999889e-01 2.045599999999999849e-03
3.634999999999999898e-01 1.909499999999999956e-03
3.644999999999999907e-01 1.781999999999999947e-03
3.654999999999999916e-01 1.662499999999999915e-03
3.664999999999999925e-01 1.550500000000000012e-03
3.674999999999999933e-01 1.445700000000000067e-03
3.684999999999999942e-01 1.347600000000000013e-03
3.694999999999999951e-01 1.255700000000000002e-03
3.704999999999999960e-01 1.169799999999999920e-03
3.714999999999999969e-01 1.089399999999999917e-03
3.724999999999999978e-01 1.014300000000000097e-03
3.734999999999999987e-01 9.441000000000000173e-04
3.744999999999999996e-01 8.783999999999999924e-04
3.755000000000000004e-01 8.170999999999999661e-04
3.765000000000000013e-01 7.598999999999999852e-04
3.775000000000000022e-01 7.064999999999999883e-04
3.785000000000000031e-01 6.566000000000000222e-04
3.795000000000000040e-01 6.101000000000000303e-04
3.805000000000000049e-01 5.666999999999999512e-04
3.815000000000000058e-01 5.261999999999999967e-04
3.825000000000000067e-01 4.885000000000000019e-04
3.835000000000000075e-01 4.533000000000000137e-04
3.845000000000000084e-01 4.205999999999999778e-04
3.855000000000000093e-01 3.900999999999999954e-04
3.865000000000000102e-01 3.617000000000000098e-04
3.875000000000000111e-01 3.353000000000000186e-04
3.885000000000000120e-01 3.107000000000000170e-04
3.895000000000000129e-01 2.878000000000000024e-04
3.905000000000000138e-01 2.665999999999999750e-04
3.915000000000000147e-01 2.467999999999999816e-04
3.925000000000000155e-01 2.284999999999999976e-04
3.935000000000000164e-01 2.113999999999999885e-04
3.945000000000000173e-01 1.956000000000000111e-04
3.955000000000000182e-01 1.809000000000000061e-04
3.965000000000000191e-01 1.671999999999999984e-04
3.975000000000000200e-01 1.544999999999999878e-04
3.985000000000000209e-01 1.428000000000000016e-04
3.995000000000000218e-01 1.319000000000000077e-04
4.005000000000000226e-01 1.218000000000000061e-04
4.015000000000000235e-01 1.123999999999999945e-04
4.025000000000000244e-01 1.038000000000000023e-04
4.035000000000000253e-01 9.579999999999999757e-05
4.045000000000000262e-01 8.830000000000000500e-05
4.055000000000000271e-01 8.139999999999999992e-05
4.064999999999999725e-01 7.509999999999999586e-05
4.074999999999999734e-01 6.920000000000000153e-05
4.084999999999999742e-01 6.370000000000000336e-05
4.094999999999999751e-01 5.869999999999999703e-05
4.104999999999999760e-01 5.399999999999999798e-05
4.114999999999999769e-01 4.970000000000000188e-05
4.124999999999999778e-01 4.580000000000000195e-05
4.134999999999999787e-01 4.210000000000000011e-05
4.144999999999999796e-01 3.869999999999999878e-05
4.154999999999999805e-01 3.559999999999999797e-05
4.164999999999999813e-01 3.270000000000000201e-05
4.174999999999999822e-01 3.009999999999999980e-05
4.184999999999999831e-01 2.760000000000000002e-05
4.194999999999999840e-01 2.540000000000000076e-05
4.204999999999999849e-01 2.330000000000000053e-05
4.214999999999999858e-01 2.139999999999999840e-05
4.224999999999999867e-01 1.959999999999999869e-05
4.234999999999999876e-01 1.800000000000000046e-05
4.244999999999999885e-01 1.650000000000000127e-05
4.254999999999999893e-01 1.509999999999999942e-05
4.264999999999999902e-01 1.390000000000000075e-05
4.274999999999999911e-01 1.270000000000000038e-05
4.284999999999999920e-01 1.160000000000000075e-05
4.294999999999999929e-01 1.060000000000000016e-05
4.304999999999999938e-01 9.700000000000000302e-06
4.314999999999999947e-01 8.899999999999999491e-06
4.324999999999999956e-01 8.199999999999999417e-06
4.334999999999999964e-01 7.500000000000000190e-06
4.344999999999999973e-01 6.800000000000000116e-06
4.354999999999999982e-01 6.199999999999999931e-06
4.364999999999999991e-01 5.699999999999999636e-06
4.375000000000000000e-01 5.200000000000000188e-06
4.385000000000000009e-01 4.799999999999999783e-06
4.395000000000000018e-01 4.300000000000000335e-06
4.405000000000000027e-01 3.999999999999999819e-06
4.415000000000000036e-01 3.599999999999999837e-06
4.425000000000000044e-01 3.300000000000000168e-06
4.435000000000000053e-01 3.000000000000000076e-06
4.445000000000000062e-01 2.699999999999999984e-06
4.455000000000000071e-01 2.500000000000000205e-06
4.465000000000000080e-01 2.300000000000000002e-06
4.475000000000000089e-01 2.099999999999999799e-06
4.485000000000000098e-01 1.900000000000000020e-06
4.495000000000000107e-01 1.700000000000000029e-06
4.505000000000000115e-01 1.599999999999999928e-06
4.515000000000000124e-01 1.399999999999999937e-06
4.525000000000000133e-01 1.300000000000000047e-06
4.535000000000000142e-01 1.199999999999999946e-06
4.545000000000000151e-01 1.100000000000000056e-06
4.555000000000000160e-01 9.999999999999999547e-07
4.565000000000000169e-01 8.999999999999999593e-07
4.575000000000000178e-01 7.999999999999999638e-07
4.585000000000000187e-01 6.999999999999999683e-07
4.595000000000000195e-01 6.999999999999999683e-07
4.605000000000000204e-01 5.999999999999999728e-07
4.615000000000000213e-01 4.999999999999999774e-07
4.625000000000000222e-01 4.999999999999999774e-07
4.635000000000000231e-01 3.999999999999999819e-07
4.645000000000000240e-01 3.999999999999999819e-07
4.655000000000000249e-01 3.999999999999999819e-07
4.665000000000000258e-01 2.999999999999999864e-07
4.675000000000000266e-01 2.999999999999999864e-07
4.685000000000000275e-01 2.999999999999999864e-07
4.694999999999999729e-01 1.999999999999999909e-07
4.704999999999999738e-01 1.999999999999999909e-07
4.714999999999999747e-01 1.999999999999999909e-07
4.724999999999999756e-01 1.999999999999999909e-07
4.734999999999999765e-01 1.999999999999999909e-07
4.744999999999999774e-01 9.999999999999999547e-08
4.754999999999999782e-01 9.999999999999999547e-08
4.764999999999999791e-01 9.999999999999999547e-08
4.774999999999999800e-01 9.999999999999999547e-08
4.784999999999999809e-01 9.999999999999999547e-08
4.794999999999999818e-01 9.999999999999999547e-08
4.804999999999999827e-01 9.999999999999999547e-08
4.814999999999999836e-01 9.999999999999999547e-08
4.824999999999999845e-01 9.999999999999999547e-08
4.834999999999999853e-01 9.999999999999999547e-08
4.844999999999999862e-01 9.999999999999999547e-08
4.854999999999999871e-01 0.000000000000000000e+00
4.864999999999999880e-01 0.000000000000000000e+00
4.874999999999999889e-01 0.000000000000000000e+00
4.884999999999999898e-01 0.000000000000000000e+00
4.894999999999999907e-01 0.000000000000000000e+00
4.904999999999999916e-01 0.000000000000000000e+00
4.914999999999999925e-01 0.000000000000000000e+00
4.924999999999999933e-01 0.000000000000000000e+00
4.934999999999999942e-01 0.000000000000000000e+00
4.944999999999999951e-01 0.000000000000000000e+00
4.954999999999999960e-01 0.000000000000000000e+00
4.964999999999999969e-01 0.000000000000000000e+00
4.974999999999999978e-01 0.000000000000000000e+00
4.984999999999999987e-01 0.000000000000000000e+00
4.994999999999999996e-01 0.000000000000000000e+00
5.004999999999999449e-01 0.000000000000000000e+00
5.014999999999999458e-01 0.000000000000000000e+00
5.024999999999999467e-01 0.000000000000000000e+00
5.034999999999999476e-01 0.000000000000000000e+00
5.044999999999999485e-01 0.000000000000000000e+00
5.054999999999999494e-01 0.000000000000000000e+00
5.064999999999999503e-01 0.000000000000000000e+00
5.074999999999999512e-01 0.000000000000000000e+00
5.084999999999999520e-01 0.000000000000000000e+00
5.094999999999999529e-01 0.000000000000000000e+00
5.104999999999999538e-01 0.000000000000000000e+00
5.114999999999999547e-01 0.000000000000000000e+00
5.124999999999999556e-01 0.000000000000000000e+00
5.134999999999999565e-01 0.000000000000000000e+00
5.144999999999999574e-01 0.000000000000000000e+00
5.154999999999999583e-01 0.000000000000000000e+00
5.164999999999999591e-01 0.000000000000000000e+00
5.174999999999999600e-01 0.000000000000000000e+00
5.184999999999999609e-01 0.000000000000000000e+00
5.194999999999999618e-01 0.000000000000000000e+00
5.204999999999999627e-01 0.000000000000000000e+00
5.214999999999999636e-01 0.000000000000000000e+00
5.224999999999999645e-01 0.000000000000000000e+00
5.234999999999999654e-01 0.000000000000000000e+00
5.244999999999999662e-01 0.000000000000000000e+00
5.254999999999999671e-01 0.000000000000000000e+00
5.264999999999999680e-01 0.000000000000000000e+00
5.274999999999999689e-01 0.000000000000000000e+00
5.284999999999999698e-01 0.000000000000000000e+00
5.294999999999999707e-01 0.000000000000000000e+00
5.304999999999999716e-01 0.000000000000000000e+00
5.314999999999999725e-01 0.000000000000000000e+00
5.324999999999999734e-01 0.000000000000000000e+00
5.334999999999999742e-01 0.000000000000000000e+00
5.344999999999999751e-01 0.000000000000000000e+00
5.354999999999999760e-01 0.000000000000000000e+00
5.364999999999999769e-01 0.000000000000000000e+00
5.374999999999999778e-01 0.000000000000000000e+00
5.384999999999999787e-01 0.000000000000000000e+00
5.394999999999999796e-01 0.000000000000000000e+00
5.404999999999999805e-01 0.000000000000000000e+00
5.414999999999999813e-01 0.000000000000000000e+00
5.424999999999999822e-01 0.000000000000000000e+00
5.434999999999999831e-01 0.000000000000000000e+00
5.444999999999999840e-01 0.000000000000000000e+00
5.454999999999999849e-01 0.000000000000000000e+00
5.464999999999999858e-01 0.000000000000000000e+00
5.474999999999999867e-01 0.000000000000000000e+00
5.484999999999999876e-01 0.000000000000000000e+00
5.494999999999999885e-01 0.000000000000000000e+00
5.504999999999999893e-01 0.000000000000000000e+00
5.514999999999999902e-01 0.000000000000000000e+00
5.524999999999999911e-01 0.000000000000000000e+00
5.534999999999999920e-01 0.000000000000000000e+00
5.544999999999999929e-01 0.000000000000000000e+00
5.554999999999999938e-01 0.000000000000000000e+00
5.564999999999999947e-01 0.000000000000000000e+00
5.574999999999999956e-01 0.000000000000000000e+00
5.584999999999999964e-01 0.000000000000000000e+00
5.594999999999999973e-01 0.000000000000000000e+00
5.604999999999999982e-01 0.000000000000000000e+00
5.614999999999999991e-01 0.000000000000000000e+00
5.625000000000000000e-01 0.000000000000000000e+00
5.635000000000000009e-01 0.000000000000000000e+00
5.645000000000000018e-01 0.000000000000000000e+00
5.655000000000000027e-01 0.000000000000000000e+00
5.665000000000000036e-01 0.000000000000000000e+00
5.675000000000000044e-01 0.000000000000000000e+00
5.685000000000000053e-01 0.000000000000000000e+00
5.695000000000000062e-01 0.000000000000000000e+00
5.705000000000000071e-01 0.000000000000000000e+00
5.715000000000000080e-01 0.000000000000000000e+00
5.725000000000000089e-01 0.000000000000000000e+00
5.735000000000000098e-01 0.000000000000000000e+00
5.745000000000000107e-01 0.000000000000000000e+00
5.755000000000000115e-01 0.000000000000000000e+00
5.765000000000000124e-01 0.000000000000000000e+00
5.775000000000000133e-01 0.000000000000000000e+00
5.785000000000000142e-01 0.000000000000000000e+00
5.795000000000000151e-01 0.000000000000000000e+00
5.805000000000000160e-01 0.000000000000000000e+00
5.815000000000000169e-01 0.000000000000000000e+00
5.825000000000000178e-01 0.000000000000000000e+00
5.835000000000000187e-01 0.000000000000000000e+00
5.845000000000000195e-01 0.000000000000000000e+00
5.855000000000000204e-01 0.000000000000000000e+00
5.865000000000000213e-01 0.000000000000000000e+00
5.875000000000000222e-01 0.000000000000000000e+00
5.885000000000000231e-01 0.000000000000000000e+00
5.895000000000000240e-01 0.000000000000000000e+00
5.905000000000000249e-01 0.000000000000000000e+00
5.915000000000000258e-01 0.000000000000000000e+00
5.925000000000000266e-01 0.000000000000000000e+00
5.935000000000000275e-01 0.000000000000000000e+00
5.945000000000000284e-01 0.000000000000000000e+00
5.955000000000000293e-01 0.000000000000000000e+00
5.965000000000000302e-01 0.000000000000000000e+00
5.975000000000000311e-01 0.000000000000000000e+00
5.985000000000000320e-01 0.000000000000000000e+00
5.995000000000000329e-01 0.000000000000000000e+00
6.005000000000000338e-01 0.000000000000000000e+00
6.015000000000000346e-01 0.000000000000000000e+00
6.025000000000000355e-01 0.000000000000000000e+00
6.035000000000000364e-01 0.000000000000000000e+00
6.045000000000000373e-01 0.000000000000000000e+00
6.055000000000000382e-01 0.000000000000000000e+00
6.065000000000000391e-01 0.000000000000000000e+00
6.075000000000000400e-01 0.000000000000000000e+00
6.085000000000000409e-01 0.000000000000000000e+00
6.095000000000000417e-01 0.000000000000000000e+00
6.105000000000000426e-01 0.000000000000000000e+00
6.115000000000000435e-01 0.000000000000000000e+00
6.125000000000000444e-01 0.000000000000000000e+00
6.135000000000000453e-01 0.000000000000000000e+00
6.145000000000000462e-01 0.000000000000000000e+00
6.155000000000000471e-01 0.000000000000000000e+00
6.165000000000000480e-01 0.000000000000000000e+00
6.175000000000000488e-01 0.000000000000000000e+00
6.185000000000000497e-01 0.000000000000000000e+00
6.195000000000000506e-01 0.000000000000000000e+00
6.205000000000000515e-01 0.000000000000000000e+00
6.215000000000000524e-01 0.000000000000000000e+00
6.225000000000000533e-01 0.000000000000000000e+00
6.235000000000000542e-01 0.000000000000000000e+00
6.245000000000000551e-01 0.000000000000000000e+00
6.254999999999999449e-01 0.000000000000000000e+00
6.264999999999999458e-01 0.000000000000000000e+00
6.274999999999999467e-01 0.000000000000000000e+00
6.284999999999999476e-01 0.000000000000000000e+00
6.294999999999999485e-01 0.000000000000000000e+00
6.304999999999999494e-01 0.000000000000000000e+00
6.314999999999999503e-01 0.000000000000000000e+00
6.324999999999999512e-01 0.000000000000000000e+00
6.334999999999999520e-01 0.000000000000000000e+00
6.344999999999999529e-01 0.000000000000000000e+00
6.354999999999999538e-01 0.000000000000000000e+00
6.364999999999999547e-01 0.000000000000000000e+00
6.374999999999999556e-01 0.000000000000000000e+00
6.384999999999999565e-01 0.000000000000000000e+00
6.394999999999999574e-01 0.000000000000000000e+00
6.404999999999999583e-01 0.000000000000000000e+00
6.414999999999999591e-01 0.000000000000000000e+00
6.424999999999999600e-01 0.000000000000000000e+00
6.434999999999999609e-01 0.000000000000000000e+00
6.444999999999999618e-01 0.000000000000000000e+00
6.454999999999999627e-01 0.000000000000000000e+00
6.464999999999999636e-01 0.000000000000000000e+00
6.474999999999999645e-01 0.000000000000000000e+00
6.484999999999999654e-01 0.000000000000000000e+00
6.494999999999999662e-01 0.000000000000000000e+00
6.504999999999999671e-01 0.000000000000000000e+00
6.514999999999999680e-01 0.000000000000000000e+00
6.524999999999999689e-01 0.000000000000000000e+00
6.534999999999999698e-01 0.000000000000000000e+00
6.544999999999999707e-01 0.000000000000000000e+00
6.554999999999999716e-01 0.000000000000000000e+00
6.564999999999999725e-01 0.000000000000000000e+00
6.574999999999999734e-01 0.000000000000000000e+00
6.584999999999999742e-01 0.000000000000000000e+00
6.594999999999999751e-01 0.000000000000000000e+00
6.604999999999999760e-01 0.000000000000000000e+00
6.614999999999999769e-01 0.000000000000000000e+00
6.624999999999999778e-01 0.000000000000000000e+00
6.634999999999999787e-01 0.000000000000000000e+00
6.644999999999999796e-01 0.000000000000000000e+00
6.654999999999999805e-01 0.000000000000000000e+00
6.664999999999999813e-01 0.000000000000000000e+00
6.674999999999999822e-01 0.000000000000000000e+00
6.684999999999999831e-01 0.000000000000000000e+00
6.694999999999999840e-01 0.000000000000000000e+00
6.704999999999999849e-01 0.000000000000000000e+00
6.714999999999999858e-01 0.000000000000000000e+00
6.724999999999999867e-01 0.000000000000000000e+00
6.734999999999999876e-01 0.000000000000000000e+00
6.744999999999999885e-01 0.000000000000000000e+00
6.754999999999999893e-01 0.000000000000000000e+00
6.764999999999999902e-01 0.000000000000000000e+00
6.774999999999999911e-01 0.000000000000000000e+00
6.784999999999999920e-01 0.000000000000000000e+00
6.794999999999999929e-01 0.000000000000000000e+00
6.804999999999999938e-01 0.000000000000000000e+00
6.814999999999999947e-01 0.000000000000000000e+00
6.824999999999999956e-01 0.000000000000000000e+00
6.834999999999999964e-01 0.000000000000000000e+00
6.844999999999999973e-01 0.000000000000000000e+00
6.854999999999999982e-01 0.000000000000000000e+00
6.864999999999999991e-01 0.000000000000000000e+00
6.875000000000000000e-01 0.000000000000000000e+00
6.885000000000000009e-01 0.000000000000000000e+00
6.895000000000000018e-01 0.000000000000000000e+00
6.905000000000000027e-01 0.000000000000000000e+00
6.915000000000000036e-01 0.000000000000000000e+00
6.925000000000000044e-01 0.000000000000000000e+00
6.935000000000000053e-01 0.000000000000000000e+00
6.945000000000000062e-01 0.000000000000000000e+00
6.955000000000000071e-01 0.000000000000000000e+00
6.965000000000000080e-01 0.000000000000000000e+00
6.975000000000000089e-01 0.000000000000000000e+00
6.985000000000000098e-01 0.000000000000000000e+00
6.995000000000000107e-01 0.000000000000000000e+00
7.005000000000000115e-01 0.000000000000000000e+00
7.015000000000000124e-01 0.000000000000000000e+00
7.025000000000000133e-01 0.000000000000000000e+00
7.035000000000000142e-01 0.000000000000000000e+00
7.045000000000000151e-01 0.000000000000000000e+00
7.055000000000000160e-01 0.000000000000000000e+00
7.065000000000000169e-01 0.000000000000000000e+00
7.075000000000000178e-01 0.000000000000000000e+00
7.085000000000000187e-01 0.000000000000000000e+00
7.095000000000000195e-01 0.000000000000000000e+00
7.105000000000000204e-01 0.000000000000000000e+00
7.115000000000000213e-01 0.000000000000000000e+00
7.125000000000000222e-01 0.000000000000000000e+00
7.135000000000000231e-01 0.000000000000000000e+00
7.145000000000000240e-01 0.000000000000000000e+00
7.155000000000000249e-01 0.000000000000000000e+00
7.165000000000000258e-01 0.000000000000000000e+00
7.175000000000000266e-01 0.000000000000000000e+00
7.185000000000000275e-01 0.000000000000000000e+00
7.195000000000000284e-01 0.000000000000000000e+00
7.205000000000000293e-01 0.000000000000000000e+00
7.215000000000000302e-01 0.000000000000000000e+00
7.225000000000000311e-01 0.000000000000000000e+00
7.235000000000000320e-01 0.000000000000000000e+00
7.245000000000000329e-01 0.000000000000000000e+00
7.255000000000000338e-01 0.000000000000000000e+00
7.265000000000000346e-01 0.000000000000000000e+00
7.275000000000000355e-01 0.000000000000000000e+00
7.285000000000000364e-01 0.000000000000000000e+00
7.295000000000000373e-01 0.000000000000000000e+00
7.305000000000000382e-01 0.000000000000000000e+00
7.315000000000000391e-01 0.000000000000000000e+00
7.325000000000000400e-01 0.000000000000000000e+00
7.335000000000000409e-01 0.000000000000000000e+00
7.345000000000000417e-01 0.000000000000000000e+00
7.355000000000000426e-01 0.000000000000000000e+00
7.365000000000000435e-01 0.000000000000000000e+00
7.375000000000000444e-01 0.000000000000000000e+00
7.385000000000000453e-01 0.000000000000000000e+00
7.395000000000000462e-01 0.000000000000000000e+00
7.405000000000000471e-01 0.000000000000000000e+00
7.415000000000000480e-01 0.000000000000000000e+00
7.425000000000000488e-01 0.000000000000000000e+00
7.435000000000000497e-01 0.000000000000000000e+00
7.445000000000000506e-01 0.000000000000000000e+00
7.455000000000000515e-01 0.000000000000000000e+00
7.465000000000000524e-01 0.000000000000000000e+00
7.475000000000000533e-01 0.000000000000000000e+00
7.485000000000000542e-01 0.000000000000000000e+00
7.495000000000000551e-01 0.000000000000000000e+00
7.504999999999999449e-01 0.000000000000000000e+00
7.514999999999999458e-01 0.000000000000000000e+00
7.524999999999999467e-01 0.000000000000000000e+00
7.534999999999999476e-01 0.000000000000000000e+00
7.544999999999999485e-01 0.000000000000000000e+00
7.554999999999999494e-01 0.000000000000000000e+00
7.564999999999999503e-01 0.000000000000000000e+00
7.574999999999999512e-01 0.000000000000000000e+00
7.584999999999999520e-01 0.000000000000000000e+00
7.594999999999999529e-01 0.000000000000000000e+00
7.604999999999999538e-01 0.000000000000000000e+00
7.614999999999999547e-01 0.000000000000000000e+00
7.624999999999999556e-01 0.000000000000000000e+00
7.634999999999999565e-01 0.000000000000000000e+00
7.644999999999999574e-01 0.000000000000000000e+00
7.654999999999999583e-01 0.000000000000000000e+00
7.664999999999999591e-01 0.000000000000000000e+00
7.674999999999999600e-01 0.000000000000000000e+00
7.684999999999999609e-01 0.000000000000000000e+00
7.694999999999999618e-01 0.000000000000000000e+00
7.704999999999999627e-01 0.000000000000000000e+00
7.714999999999999636e-01 0.000000000000000000e+00
7.724999999999999645e-01 0.000000000000000000e+00
7.734999999999999654e-01 0.000000000000000000e+00
7.744999999999999662e-01 0.000000000000000000e+00
7.754999999999999671e-01 0.000000000000000000e+00
7.764999999999999680e-01 0.000000000000000000e+00
7.774999999999999689e-01 0.000000000000000000e+00
7.784999999999999698e-01 0.000000000000000000e+00
7.794999999999999707e-01 0.000000000000000000e+00
7.804999999999999716e-01 0.000000000000000000e+00
7.814999999999999725e-01 0.000000000000000000e+00
7.824999999999999734e-01 0.000000000000000000e+00
7.834999999999999742e-01 0.000000000000000000e+00
7.844999999999999751e-01 0.000000000000000000e+00
7.854999999999999760e-01 0.000000000000000000e+00
7.864999999999999769e-01 0.000000000000000000e+00
7.874999999999999778e-01 0.000000000000000000e+00
7.884999999999999787e-01 0.000000000000000000e+00
7.894999999999999796e-01 0.000000000000000000e+00
7.904999999999999805e-01 0.000000000000000000e+00
7.914999999999999813e-01 0.000000000000000000e+00
7.924999999999999822e-01 0.000000000000000000e+00
7.934999999999999831e-01 0.000000000000000000e+00
7.944999999999999840e-01 0.000000000000000000e+00
7.954999999999999849e-01 0.000000000000000000e+00
7.964999999999999858e-01 0.000000000000000000e+00
7.974999999999999867e-01 0.000000000000000000e+00
7.984999999999999876e-01 0.000000000000000000e+00
7.994999999999999885e-01 0.000000000000000000e+00
8.004999999999999893e-01 0.000000000000000000e+00
8.014999999999999902e-01 0.000000000000000000e+00
8.024999999999999911e-01 0.000000000000000000e+00
8.034999999999999920e-01 0.000000000000000000e+00
8.044999999999999929e-01 0.000000000000000000e+00
8.054999999999999938e-01 0.000000000000000000e+00
8.064999999999999947e-01 0.000000000000000000e+00
8.074999999999999956e-01 0.000000000000000000e+00
8.084999999999999964e-01 0.000000000000000000e+00
8.094999999999999973e-01 0.000000000000000000e+00
8.104999999999999982e-01 0.000000000000000000e+00
8.114999999999999991e-01 0.000000000000000000e+00
8.125000000000000000e-01 0.000000000000000000e+00
8.135000000000000009e-01 0.000000000000000000e+00
8.145000000000000018e-01 0.000000000000000000e+00
8.155000000000000027e-01 0.000000000000000000e+00
8.165000000000000036e-01 0.000000000000000000e+00
8.175000000000000044e-01 0.000000000000000000e+00
8.185000000000000053e-01 0.000000000000000000e+00
8.195000000000000062e-01 0.000000000000000000e+00
8.205000000000000071e-01 0.000000000000000000e+00
8.215000000000000080e-01 0.000000000000000000e+00
8.225000000000000089e-01 0.000000000000000000e+00
8.235000000000000098e-01 0.000000000000000000e+00
8.245000000000000107e-01 0.000000000000000000e+00
8.255000000000000115e-01 0.000000000000000000e+00
8.265000000000000124e-01 0.000000000000000000e+00
8.275000000000000133e-01 0.000000000000000000e+00
8.285000000000000142e-01 0.000000000000000000e+00
8.295000000000000151e-01 0.000000000000000000e+00
8.305000000000000160e-01 0.000000000000000000e+00
8.315000000000000169e-01 0.000000000000000000e+00
8.325000000000000178e-01 0.000000000000000000e+00
8.335000000000000187e-01 0.000000000000000000e+00
8.345000000000000195e-01 0.000000000000000000e+00
8.355000000000000204e-01 0.000000000000000000e+00
8.365000000000000213e-01 0.000000000000000000e+00
8.375000000000000222e-01 0.000000000000000000e+00
8.385000000000000231e-01 0.000000000000000000e+00
8.395000000000000240e-01 0.000000000000000000e+00
8.405000000000000249e-01 0.000000000000000000e+00
8.415000000000000258e-01 0.000000000000000000e+00
8.425000000000000266e-01 0.000000000000000000e+00
8.435000000000000275e-01 0.000000000000000000e+00
8.445000000000000284e-01 0.000000000000000000e+00
8.455000000000000293e-01 0.000000000000000000e+00
8.465000000000000302e-01 0.000000000000000000e+00
8.475000000000000311e-01 0.000000000000000000e+00
8.485000000000000320e-01 0.000000000000000000e+00
8.495000000000000329e-01 0.000000000000000000e+00
8.505000000000000338e-01 0.000000000000000000e+00
8.515000000000000346e-01 0.000000000000000000e+00
8.525000000000000355e-01 0.000000000000000000e+00
8.535000000000000364e-01 0.000000000000000000e+00
8.545000000000000373e-01 0.000000000000000000e+00
8.555000000000000382e-01 0.000000000000000000e+00
8.565000000000000391e-01 0.000000000000000000e+00
8.575000000000000400e-01 0.000000000000000000e+00
8.585000000000000409e-01 0.000000000000000000e+00
8.595000000000000417e-01 0.000000000000000000e+00
8.605000000000000426e-01 0.000000000000000000e+00
8.615000000000000435e-01 0.000000000000000000e+00
8.625000000000000444e-01 0.000000000000000000e+00
8.635000000000000453e-01 0.000000000000000000e+00
8.645000000000000462e-01 0.000000000000000000e+00
8.655000000000000471e-01 0.000000000000000000e+00
8.665000000000000480e-01 0.000000000000000000e+00
8.675000000000000488e-01 0.000000000000000000e+00
8.685000000000000497e-01 0.000000000000000000e+00
8.695000000000000506e-01 0.000000000000000000e+00
8.705000000000000515e-01 0.000000000000000000e+00
8.715000000000000524e-01 0.000000000000000000e+00
8.725000000000000533e-01 0.000000000000000000e+00
8.735000000000000542e-01 0.000000000000000000e+00
8.745000000000000551e-01 0.000000000000000000e+00
8.754999999999999449e-01 0.000000000000000000e+00
8.764999999999999458e-01 0.000000000000000000e+00
8.774999999999999467e-01 0.000000000000000000e+00
8.784999999999999476e-01 0.000000000000000000e+00
8.794999999999999485e-01 0.000000000000000000e+00
8.804999999999999494e-01 0.000000000000000000e+00
8.814999999999999503e-01 0.000000000000000000e+00
8.824999999999999512e-01 0.000000000000000000e+00
8.834999999999999520e-01 0.000000000000000000e+00
8.844999999999999529e-01 0.000000000000000000e+00
8.854999999999999538e-01 0.000000000000000000e+00
8.864999999999999547e-01 0.000000000000000000e+00
8.874999999999999556e-01 0.000000000000000000e+00
8.884999999999999565e-01 0.000000000000000000e+00
8.894999999999999574e-01 0.000000000000000000e+00
8.904999999999999583e-01 0.000000000000000000e+00
8.914999999999999591e-01 0.000000000000000000e+00
8.924999999999999600e-01 0.000000000000000000e+00
8.934999999999999609e-01 0.000000000000000000e+00
8.944999999999999618e-01 0.000000000000000000e+00
8.954999999999999627e-01 0.000000000000000000e+00
8.964999999999999636e-01 0.000000000000000000e+00
8.974999999999999645e-01 0.000000000000000000e+00
8.984999999999999654e-01 0.000000000000000000e+00
8.994999999999999662e-01 0.000000000000000000e+00
9.004999999999999671e-01 0.000000000000000000e+00
9.014999999999999680e-01 0.000000000000000000e+00
9.024999999999999689e-01 0.000000000000000000e+00
9.034999999999999698e-01 0.000000000000000000e+00
9.044999999999999707e-01 0.000000000000000000e+00
9.054999999999999716e-01 0.000000000000000000e+00
9.064999999999999725e-01 0.000000000000000000e+00
9.074999999999999734e-01 0.000000000000000000e+00
9.084999999999999742e-01 0.000000000000000000e+00
9.094999999999999751e-01 0.000000000000000000e+00
9.104999999999999760e-01 0.000000000000000000e+00
9.114999999999999769e-01 0.000000000000000000e+00
9.124999999999999778e-01 0.000000000000000000e+00
9.134999999999999787e-01 0.000000000000000000e+00
9.144999999999999796e-01 0.000000000000000000e+00
9.154999999999999805e-01 0.000000000000000000e+00
9.164999999999999813e-01 0.000000000000000000e+00
9.174999999999999822e-01 0.000000000000000000e+00
9.184999999999999831e-01 0.000000000000000000e+00
9.194999999999999840e-01 0.000000000000000000e+00
9.204999999999999849e-01 0.000000000000000000e+00
9.214999999999999858e-01 0.000000000000000000e+00
9.224999999999999867e-01 0.000000000000000000e+00
9.234999999999999876e-01 0.000000000000000000e+00
9.244999999999999885e-01 0.000000000000000000e+00
9.254999999999999893e-01 0.000000000000000000e+00
9.264999999999999902e-01 0.000000000000000000e+00
9.274999999999999911e-01 0.000000000000000000e+00
9.284999999999999920e-01 0.000000000000000000e+00
9.294999999999999929e-01 0.000000000000000000e+00
9.304999999999999938e-01 0.000000000000000000e+00
9.314999999999999947e-01 0.000000000000000000e+00
9.324999999999999956e-01 0.000000000000000000e+00
9.334999999999999964e-01 0.000000000000000000e+00
9.344999999999999973e-01 0.000000000000000000e+00
9.354999999999999982e-01 0.000000000000000000e+00
9.364999999999999991e-01 0.000000000000000000e+00
9.375000000000000000e-01 0.000000000000000000e+00
9.385000000000000009e-01 0.000000000000000000e+00
9.395000000000000018e-01 0.000000000000000000e+00
9.405000000000000027e-01 0.000000000000000000e+00
9.415000000000000036e-01 0.000000000000000000e+00
9.425000000000000044e-01 0.000000000000000000e+00
9.435000000000000053e-01 0.000000000000000000e+00
9.445000000000000062e-01 0.000000000000000000e+00
9.455000000000000071e-01 0.000000000000000000e+00
9.465000000000000080e-01 0.000000000000000000e+00
9.475000000000000089e-01 0.000000000000000000e+00
9.485000000000000098e-01 0.000000000000000000e+00
9.495000000000000107e-01 0.000000000000000000e+00
9.505000000000000115e-01 0.000000000000000000e+00
9.515000000000000124e-01 0.000000000000000000e+00
9.525000000000000133e-01 0.000000000000000000e+00
9.535000000000000142e-01 0.000000000000000000e+00
9.545000000000000151e-01 0.000000000000000000e+00
9.555000000000000160e-01 0.000000000000000000e+00
9.565000000000000169e-01 0.000000000000000000e+00
9.575000000000000178e-01 0.000000000000000000e+00
9.585000000000000187e-01 0.000000000000000000e+00
9.595000000000000195e-01 0.000000000000000000e+00
9.605000000000000204e-01 0.000000000000000000e+00
9.615000000000000213e-01 0.000000000000000000e+00
9.625000000000000222e-01 0.000000000000000000e+00
9.635000000000000231e-01 0.000000000000000000e+00
9.645000000000000240e-01 0.000000000000000000e+00
9.655000000000000249e-01 0.000000000000000000e+00
9.665000000000000258e-01 0.000000000000000000e+00
9.675000000000000266e-01 0.000000000000000000e+00
9.685000000000000275e-01 0.000000000000000000e+00
9.695000000000000284e-01 0.000000000000000000e+00
9.705000000000000293e-01 0.000000000000000000e+00
9.715000000000000302e-01 0.000000000000000000e+00
9.725000000000000311e-01 0.000000000000000000e+00
9.735000000000000320e-01 0.000000000000000000e+00
9.745000000000000329e-01 0.000000000000000000e+00
9.755000000000000338e-01 0.000000000000000000e+00
9.765000000000000346e-01 0.000000000000000000e+00
9.775000000000000355e-01 0.000000000000000000e+00
9.785000000000000364e-01 0.000000000000000000e+00
9.795000000000000373e-01 0.000000000000000000e+00
9.805000000000000382e-01 0.000000000000000000e+00
9.815000000000000391e-01 0.000000000000000000e+00
9.825000000000000400e-01 0.000000000000000000e+00
9.835000000000000409e-01 0.000000000000000000e+00
9.845000000000000417e-01 0.000000000000000000e+00
9.855000000000000426e-01 0.000000000000000000e+00
9.865000000000000435e-01 0.000000000000000000e+00
9.875000000000000444e-01 0.000000000000000000e+00
9.885000000000000453e-01 0.000000000000000000e+00
9.895000000000000462e-01 0.000000000000000000e+00
9.905000000000000471e-01 0.000000000000000000e+00
9.915000000000000480e-01 0.000000000000000000e+00
9.925000000000000488e-01 0.000000000000000000e+00
9.935000000000000497e-01 0.000000000000000000e+00
9.945000000000000506e-01 0.000000000000000000e+00
9.955000000000000515e-01 0.000000000000000000e+00
9.965000000000000524e-01 0.000000000000000000e+00
9.975000000000000533e-01 0.000000000000000000e+00
9.985000000000000542e-01 0.000000000000000000e+00
9.995000000000000551e-01 0.000000000000000000e+00
