5.000000000000000104e-04 0.000000000000000000e+00
1.500000000000000031e-03 0.000000000000000000e+00
2.500000000000000052e-03 0.000000000000000000e+00
3.500000000000000073e-03 0.000000000000000000e+00
4.499999999999999660e-03 0.000000000000000000e+00
5.499999999999999681e-03 0.000000000000000000e+00
6.499999999999999702e-03 0.000000000000000000e+00
7.499999999999999722e-03 0.000000000000000000e+00
8.500000000000000611e-03 0.000000000000000000e+00
9.499999999999999764e-03 0.000000000000000000e+00
1.050000000000000065e-02 0.000000000000000000e+00
1.149999999999999981e-02 0.000000000000000000e+00
1.250000000000000069e-02 0.000000000000000000e+00
1.349999999999999985e-02 0.000000000000000000e+00
1.450000000000000074e-02 0.000000000000000000e+00
1.549999999999999989e-02 0.000000000000000000e+00
1.650000000000000078e-02 0.000000000000000000e+00
1.750000000000000167e-02 0.000000000000000000e+00
1.849999999999999908e-02 0.000000000000000000e+00
1.949999999999999997e-02 0.000000000000000000e+00
2.050000000000000086e-02 0.000000000000000000e+00
2.149999999999999828e-02 0.000000000000000000e+00
2.249999999999999917e-02 0.000000000000000000e+00
2.350000000000000006e-02 0.000000000000000000e+00
2.450000000000000094e-02 0.000000000000000000e+00
2.549999999999999836e-02 0.000000000000000000e+00
2.649999999999999925e-02 0.000000000000000000e+00
2.750000000000000014e-02 0.000000000000000000e+00
2.850000000000000103e-02 0.000000000000000000e+00
2.949999999999999845e-02 0.000000000000000000e+00
3.049999999999999933e-02 0.000000000000000000e+00
3.150000000000000022e-02 0.000000000000000000e+00
3.250000000000000111e-02 0.000000000000000000e+00
3.350000000000000200e-02 0.000000000000000000e+00
3.450000000000000289e-02 0.000000000000000000e+00
3.549999999999999684e-02 0.000000000000000000e+00
3.649999999999999772e-02 0.000000000000000000e+00
3.749999999999999861e-02 0.000000000000000000e+00
3.849999999999999950e-02 0.000000000000000000e+00
3.950000000000000039e-02 0.000000000000000000e+00
4.050000000000000128e-02 0.000000000000000000e+00
4.150000000000000216e-02 0.000000000000000000e+00
4.250000000000000305e-02 0.000000000000000000e+00
4.349999999999999700e-02 0.000000000000000000e+00
4.449999999999999789e-02 0.000000000000000000e+00
4.549999999999999878e-02 0.000000000000000000e+00
4.649999999999999967e-02 0.000000000000000000e+00
4.750000000000000056e-02 0.000000000000000000e+00
4.850000000000000144e-02 0.000000000000000000e+00
4.950000000000000233e-02 0.000000000000000000e+00
5.050000000000000322e-02 0.000000000000000000e+00
5.149999999999999717e-02 0.000000000000000000e+00
5.249999999999999806e-02 0.000000000000000000e+00
5.349999999999999895e-02 0.000000000000000000e+00
5.449999999999999983e-02 0.000000000000000000e+00
5.550000000000000072e-02 0.000000000000000000e+00
5.650000000000000161e-02 0.000000000000000000e+00
5.750000000000000250e-02 0.000000000000000000e+00
5.850000000000000339e-02 0.000000000000000000e+00
5.949999999999999734e-02 0.000000000000000000e+00
6.049999999999999822e-02 0.000000000000000000e+00
6.149999999999999911e-02 0.000000000000000000e+00
6.250000000000000000e-02 0.000000000000000000e+00
6.350000000000000089e-02 0.000000000000000000e+00
6.450000000000000178e-02 0.000000000000000000e+00
6.550000000000000266e-02 0.000000000000000000e+00
6.650000000000000355e-02 0.000000000000000000e+00
6.750000000000000444e-02 0.000000000000000000e+00
6.850000000000000533e-02 0.000000000000000000e+00
6.950000000000000622e-02 0.000000000000000000e+00
7.049999999999999323e-02 0.000000000000000000e+00
7.149999999999999412e-02 0.000000000000000000e+00
7.249999999999999500e-02 0.000000000000000000e+00
7.349999999999999589e-02 0.000000000000000000e+00
7.449999999999999678e-02 0.000000000000000000e+00
7.549999999999999767e-02 0.000000000000000000e+00
7.649999999999999856e-02 0.000000000000000000e+00
7.749999999999999944e-02 0.000000000000000000e+00
7.850000000000000033e-02 0.000000000000000000e+00
7.950000000000000122e-02 0.000000000000000000e+00
8.050000000000000211e-02 0.000000000000000000e+00
8.150000000000000300e-02 0.000000000000000000e+00
8.250000000000000389e-02 0.000000000000000000e+00
8.350000000000000477e-02 0.000000000000000000e+00
8.450000000000000566e-02 0.000000000000000000e+00
8.550000000000000655e-02 0.000000000000000000e+00
8.649999999999999356e-02 0.000000000000000000e+00
8.749999999999999445e-02 0.000000000000000000e+00
8.849999999999999534e-02 0.000000000000000000e+00
8.949999999999999623e-02 0.000000000000000000e+00
9.049999999999999711e-02 0.000000000000000000e+00
9.149999999999999800e-02 0.000000000000000000e+00
9.249999999999999889e-02 0.000000000000000000e+00
9.349999999999999978e-02 0.000000000000000000e+00
9.450000000000000067e-02 0.000000000000000000e+00
9.550000000000000155e-02 0.000000000000000000e+00
9.650000000000000244e-02 0.000000000000000000e+00
9.750000000000000333e-02 0.000000000000000000e+00
9.850000000000000422e-02 0.000000000000000000e+00
9.950000000000000511e-02 0.000000000000000000e+00
1.005000000000000060e-01 0.000000000000000000e+00
1.015000000000000069e-01 0.000000000000000000e+00
1.024999999999999939e-01 0.000000000000000000e+00
1.034999999999999948e-01 0.000000000000000000e+00
1.044999999999999957e-01 0.000000000000000000e+00
1.054999999999999966e-01 0.000000000000000000e+00
1.064999999999999974e-01 0.000000000000000000e+00
1.074999999999999983e-01 0.000000000000000000e+00
1.084999999999999992e-01 0.000000000000000000e+00
1.095000000000000001e-01 0.000000000000000000e+00
1.105000000000000010e-01 0.000000000000000000e+00
1.115000000000000019e-01 0.000000000000000000e+00
1.125000000000000028e-01 0.000000000000000000e+00
1.135000000000000037e-01 0.000000000000000000e+00
1.145000000000000046e-01 0.000000000000000000e+00
1.155000000000000054e-01 0.000000000000000000e+00
1.165000000000000063e-01 0.000000000000000000e+00
1.174999999999999933e-01 0.000000000000000000e+00
1.184999999999999942e-01 0.000000000000000000e+00
1.194999999999999951e-01 0.000000000000000000e+00
1.204999999999999960e-01 0.000000000000000000e+00
1.214999999999999969e-01 0.000000000000000000e+00
1.224999999999999978e-01 0.000000000000000000e+00
1.234999999999999987e-01 0.000000000000000000e+00
1.244999999999999996e-01 0.000000000000000000e+00
1.255000000000000004e-01 0.000000000000000000e+00
1.265000000000000013e-01 0.000000000000000000e+00
1.275000000000000022e-01 0.000000000000000000e+00
1.285000000000000031e-01 0.000000000000000000e+00
1.295000000000000040e-01 0.000000000000000000e+00
1.305000000000000049e-01 0.000000000000000000e+00
1.315000000000000058e-01 0.000000000000000000e+00
1.325000000000000067e-01 0.000000000000000000e+00
1.335000000000000075e-01 0.000000000000000000e+00
1.345000000000000084e-01 0.000000000000000000e+00
1.355000000000000093e-01 0.000000000000000000e+00
1.365000000000000102e-01 0.000000000000000000e+00
1.375000000000000111e-01 0.000000000000000000e+00
1.385000000000000120e-01 0.000000000000000000e+00
1.395000000000000129e-01 0.000000000000000000e+00
1.405000000000000138e-01 0.000000000000000000e+00
1.414999999999999869e-01 0.000000000000000000e+00
1.424999999999999878e-01 0.000000000000000000e+00
1.434999999999999887e-01 0.000000000000000000e+00
1.444999999999999896e-01 0.000000000000000000e+00
1.454999999999999905e-01 0.000000000000000000e+00
1.464999999999999913e-01 0.000000000000000000e+00
1.474999999999999922e-01 0.000000000000000000e+00
1.484999999999999931e-01 0.000000000000000000e+00
1.494999999999999940e-01 0.000000000000000000e+00
1.504999999999999949e-01 0.000000000000000000e+00
1.514999999999999958e-01 0.000000000000000000e+00
1.524999999999999967e-01 0.000000000000000000e+00
1.534999999999999976e-01 0.000000000000000000e+00
1.544999999999999984e-01 0.000000000000000000e+00
1.554999999999999993e-01 0.000000000000000000e+00
1.565000000000000002e-01 0.000000000000000000e+00
1.575000000000000011e-01 0.000000000000000000e+00
1.585000000000000020e-01 0.000000000000000000e+00
1.595000000000000029e-01 0.000000000000000000e+00
1.605000000000000038e-01 0.000000000000000000e+00
1.615000000000000047e-01 0.000000000000000000e+00
1.625000000000000056e-01 0.000000000000000000e+00
1.635000000000000064e-01 0.000000000000000000e+00
1.645000000000000073e-01 0.000000000000000000e+00
1.655000000000000082e-01 0.000000000000000000e+00
1.665000000000000091e-01 0.000000000000000000e+00
1.675000000000000100e-01 0.000000000000000000e+00
1.685000000000000109e-01 0.000000000000000000e+00
1.695000000000000118e-01 0.000000000000000000e+00
1.705000000000000127e-01 0.000000000000000000e+00
1.715000000000000135e-01 0.000000000000000000e+00
1.724999999999999867e-01 0.000000000000000000e+00
1.734999999999999876e-01 0.000000000000000000e+00
1.744999999999999885e-01 0.000000000000000000e+00
1.754999999999999893e-01 0.000000000000000000e+00
1.764999999999999902e-01 0.000000000000000000e+00
1.774999999999999911e-01 0.000000000000000000e+00
1.784999999999999920e-01 0.000000000000000000e+00
1.794999999999999929e-01 0.000000000000000000e+00
1.804999999999999938e-01 0.000000000000000000e+00
1.814999999999999947e-01 0.000000000000000000e+00
1.824999999999999956e-01 0.000000000000000000e+00
1.834999999999999964e-01 0.000000000000000000e+00
1.844999999999999973e-01 0.000000000000000000e+00
1.854999999999999982e-01 0.000000000000000000e+00
1.864999999999999991e-01 0.000000000000000000e+00
1.875000000000000000e-01 0.000000000000000000e+00
1.885000000000000009e-01 9.999999999999999547e-08
1.895000000000000018e-01 9.999999999999999547e-08
1.905000000000000027e-01 9.999999999999999547e-08
1.915000000000000036e-01 9.999999999999999547e-08
1.925000000000000044e-01 9.999999999999999547e-08
1.935000000000000053e-01 1.999999999999999909e-07
1.945000000000000062e-01 1.999999999999999909e-07
1.955000000000000071e-01 1.999999999999999909e-07
1.965000000000000080e-01 2.999999999999999864e-07
1.975000000000000089e-01 3.999999999999999819e-07
1.985000000000000098e-01 3.999999999999999819e-07
1.995000000000000107e-01 4.999999999999999774e-07
2.005000000000000115e-01 6.999999999999999683e-07
2.015000000000000124e-01 7.999999999999999638e-07
2.025000000000000133e-01 9.999999999999999547e-07
2.034999999999999865e-01 1.199999999999999946e-06
2.044999999999999873e-01 1.399999999999999937e-06
2.054999999999999882e-01 1.799999999999999919e-06
2.064999999999999891e-01 2.099999999999999799e-06
2.074999999999999900e-01 2.600000000000000094e-06
2.084999999999999909e-01 3.099999999999999966e-06
2.094999999999999918e-01 3.800000000000000040e-06
2.104999999999999927e-01 4.600000000000000004e-06
2.114999999999999936e-01 5.499999999999999857e-06
2.124999999999999944e-01 6.600000000000000337e-06
2.134999999999999953e-01 7.999999999999999638e-06
2.144999999999999962e-01 9.599999999999999566e-06
2.154999999999999971e-01 1.150000000000000001e-05
2.164999999999999980e-01 1.380000000000000001e-05
2.174999999999999989e-01 1.660000000000000031e-05
2.184999999999999998e-01 1.980000000000000016e-05
2.195000000000000007e-01 2.360000000000000105e-05
2.205000000000000016e-01 2.820000000000000105e-05
2.215000000000000024e-01 3.359999999999999679e-05
2.225000000000000033e-01 4.000000000000000327e-05
2.235000000000000042e-01 4.750000000000000262e-05
2.245000000000000051e-01 5.640000000000000211e-05
2.255000000000000060e-01 6.689999999999999983e-05
2.265000000000000069e-01 7.920000000000000065e-05
2.275000000000000078e-01 9.359999999999999831e-05
2.285000000000000087e-01 1.106000000000000049e-04
2.295000000000000095e-01 1.303999999999999983e-04
2.305000000000000104e-01 1.535999999999999930e-04
2.315000000000000113e-01 1.808000000000000037e-04
2.325000000000000122e-01 2.124000000000000128e-04
2.335000000000000131e-01 2.492999999999999882e-04
2.344999999999999862e-01 2.923000000000000034e-04
2.354999999999999871e-01 3.422000000000000237e-04
2.364999999999999880e-01 4.001000000000000216e-04
2.374999999999999889e-01 4.672000000000000263e-04
2.384999999999999898e-01 5.450000000000000200e-04
2.394999999999999907e-01 6.348999999999999826e-04
2.404999999999999916e-01 7.387000000000000120e-04
2.414999999999999925e-01 8.584000000000000484e-04
2.424999999999999933e-01 9.963000000000000935e-04
2.434999999999999942e-01 1.154899999999999937e-03
2.444999999999999951e-01 1.337099999999999921e-03
2.454999999999999960e-01 1.546099999999999905e-03
2.464999999999999969e-01 1.785600000000000034e-03
2.474999999999999978e-01 2.059699999999999812e-03
2.484999999999999987e-01 2.372899999999999836e-03
2.494999999999999996e-01 2.730400000000000015e-03
2.505000000000000004e-01 3.137800000000000051e-03
2.515000000000000013e-01 3.601599999999999940e-03
2.525000000000000022e-01 4.128999999999999858e-03
2.535000000000000031e-01 4.727699999999999611e-03
2.545000000000000040e-01 5.406600000000000121e-03
2.555000000000000049e-01 6.175400000000000160e-03
2.565000000000000058e-01 7.045000000000000047e-03
2.575000000000000067e-01 8.027100000000000554e-03
2.585000000000000075e-01 9.135000000000000758e-03
2.595000000000000084e-01 1.038320000000000042e-02
2.605000000000000093e-01 1.178749999999999937e-02
2.615000000000000102e-01 1.336550000000000064e-02
2.625000000000000111e-01 1.513630000000000010e-02
2.635000000000000120e-01 1.712090000000000140e-02
2.645000000000000129e-01 1.934220000000000036e-02
2.655000000000000138e-01 2.182519999999999946e-02
2.665000000000000147e-01 2.459719999999999962e-02
2.675000000000000155e-01 2.768779999999999852e-02
2.685000000000000164e-01 3.112900000000000042e-02
2.695000000000000173e-01 3.495580000000000215e-02
2.705000000000000182e-01 3.920570000000000305e-02
2.715000000000000191e-01 4.391939999999999733e-02
2.725000000000000200e-01 4.914070000000000243e-02
2.735000000000000209e-01 5.491669999999999885e-02
2.745000000000000218e-01 6.129819999999999713e-02
2.755000000000000226e-01 6.833930000000000560e-02
2.765000000000000235e-01 7.609810000000000185e-02
2.775000000000000244e-01 8.463660000000000627e-02
2.785000000000000253e-01 9.402099999999999347e-02
2.795000000000000262e-01 1.043217000000000033e-01
2.805000000000000271e-01 1.156133000000000022e-01
2.814999999999999725e-01 1.279750000000000054e-01
2.824999999999999734e-01 1.414905999999999942e-01
2.834999999999999742e-01 1.562485999999999875e-01
2.844999999999999751e-01 1.723419999999999952e-01
2.854999999999999760e-01 1.898688000000000042e-01
2.864999999999999769e-01 2.089318000000000008e-01
2.874999999999999778e-01 2.296383999999999925e-01
2.884999999999999787e-01 2.521010000000000195e-01
2.894999999999999796e-01 2.764364999999999739e-01
2.904999999999999805e-01 3.027665999999999968e-01
2.914999999999999813e-01 3.312173999999999952e-01
2.924999999999999822e-01 3.619194000000000022e-01
2.934999999999999831e-01 3.950072000000000028e-01
2.944999999999999840e-01 4.306193999999999855e-01
2.954999999999999849e-01 4.688979999999999815e-01
2.964999999999999858e-01 5.099886999999999615e-01
2.974999999999999867e-01 5.540397000000000238e-01
2.984999999999999876e-01 6.012020000000000142e-01
2.994999999999999885e-01 6.516286999999999496e-01
3.004999999999999893e-01 7.054742999999999986e-01
3.014999999999999902e-01 7.628943999999999726e-01
3.024999999999999911e-01 8.240450000000000275e-01
3.034999999999999920e-01 8.890818999999999805e-01
3.044999999999999929e-01 9.581598999999999533e-01
3.054999999999999938e-01 1.031432200000000021e+00
3.064999999999999947e-01 1.109049399999999963e+00
3.074999999999999956e-01 1.191159000000000079e+00
3.084999999999999964e-01 1.277904200000000046e+00
3.094999999999999973e-01 1.369423499999999905e+00
3.104999999999999982e-01 1.465848999999999958e+00
3.114999999999999991e-01 1.567306099999999924e+00
3.125000000000000000e-01 1.673912400000000078e+00
3.135000000000000009e-01 1.785776400000000042e+00
3.145000000000000018e-01 1.902996899999999991e+00
3.155000000000000027e-01 2.025661599999999840e+00
3.165000000000000036e-01 2.153846500000000219e+00
3.175000000000000044e-01 2.287614399999999826e+00
3.185000000000000053e-01 2.427014400000000016e+00
3.195000000000000062e-01 2.572080300000000097e+00
3.205000000000000071e-01 2.722830500000000153e+00
3.215000000000000080e-01 2.879266199999999998e+00
3.225000000000000089e-01 3.041371100000000105e+00
3.235000000000000098e-01 3.209110200000000024e+00
3.245000000000000107e-01 3.382429300000000083e+00
3.255000000000000115e-01 3.561254200000000036e+00
3.265000000000000124e-01 3.745490000000000208e+00
3.275000000000000133e-01 3.935020399999999974e+00
3.285000000000000142e-01 4.129707400000000028e+00
3.295000000000000151e-01 4.329391000000000211e+00
3.305000000000000160e-01 4.533888499999999766e+00
3.315000000000000169e-01 4.742994799999999955e+00
3.325000000000000178e-01 4.956481899999999996e+00
3.335000000000000187e-01 5.174098899999999723e+00
3.345000000000000195e-01 5.395572500000000105e+00
3.355000000000000204e-01 5.620606900000000294e+00
3.365000000000000213e-01 5.848884400000000205e+00
3.375000000000000222e-01 6.080065699999999573e+00
3.385000000000000231e-01 6.313790400000000247e+00
3.395000000000000240e-01 6.549678100000000391e+00
3.405000000000000249e-01 6.787328999999999724e+00
3.415000000000000258e-01 7.026324800000000259e+00
3.425000000000000266e-01 7.266230199999999861e+00
3.435000000000000275e-01 7.506593399999999860e+00
3.444999999999999729e-01 7.746948100000000004e+00
3.454999999999999738e-01 7.986814400000000091e+00
3.464999999999999747e-01 8.225700899999999649e+00
3.474999999999999756e-01 8.463105499999999282e+00
3.484999999999999765e-01 8.698517999999999972e+00
3.494999999999999774e-01 8.931420900000000884e+00
3.504999999999999782e-01 9.161292200000000108e+00
3.514999999999999791e-01 9.387606699999999194e+00
3.524999999999999800e-01 9.609837999999999880e+00
3.534999999999999809e-01 9.827460699999999605e+00
3.544999999999999818e-01 1.003995240000000067e+01
3.554999999999999827e-01 1.024679560000000045e+01
3.564999999999999836e-01 1.044747959999999942e+01
3.574999999999999845e-01 1.064150309999999955e+01
3.584999999999999853e-01 1.082837579999999988e+01
3.594999999999999862e-01 1.100762029999999925e+01
3.604999999999999871e-01 1.117877460000000056e+01
3.614999999999999880e-01 1.134139330000000001e+01
3.624999999999999889e-01 1.149505040000000022e+01
3.634999999999999898e-01 1.163934000000000069e+01
3.644999999999999907e-01 1.177387910000000026e+01
3.654999999999999916e-01 1.189830830000000006e+01
3.664999999999999925e-01 1.201229400000000069e+01
3.674999999999999933e-01 1.211552960000000034e+01
3.684999999999999942e-01 1.220773679999999928e+01
3.694999999999999951e-01 1.228866660000000088e+01
3.704999999999999960e-01 1.235810069999999961e+01
3.714999999999999969e-01 1.241585249999999974e+01
3.724999999999999978e-01 1.246176729999999999e+01
3.734999999999999987e-01 1.249572359999999982e+01
3.744999999999999996e-01 1.251763329999999996e+01
3.755000000000000004e-01 1.252744200000000063e+01
3.765000000000000013e-01 1.252512950000000025e+01
3.775000000000000022e-01 1.251070930000000025e+01
3.785000000000000031e-01 1.248422919999999969e+01
3.795000000000000040e-01 1.244577050000000007e+01
3.805000000000000049e-01 1.239544779999999946e+01
3.815000000000000058e-01 1.233340860000000028e+01
3.825000000000000067e-01 1.225983219999999996e+01
3.835000000000000075e-01 1.217492930000000051e+01
3.845000000000000084e-01 1.207894070000000042e+01
3.855000000000000093e-01 1.197213660000000068e+01
3.865000000000000102e-01 1.185481489999999916e+01
3.875000000000000111e-01 1.172730020000000017e+01
3.885000000000000120e-01 1.158994239999999998e+01
3.895000000000000129e-01 1.144311489999999942e+01
3.905000000000000138e-01 1.128721329999999945e+01
3.915000000000000147e-01 1.112265320000000024e+01
3.925000000000000155e-01 1.094986920000000019e+01
3.935000000000000164e-01 1.076931219999999989e+01
3.945000000000000173e-01 1.058144829999999992e+01
3.955000000000000182e-01 1.038675630000000005e+01
3.965000000000000191e-01 1.018572600000000072e+01
3.975000000000000200e-01 9.978856300000000346e+00
3.985000000000000209e-01 9.766652900000000415e+00
3.995000000000000218e-01 9.549626699999999246e+00
4.005000000000000226e-01 9.328291699999999409e+00
4.015000000000000235e-01 9.103162899999999169e+00
4.025000000000000244e-01 8.874754599999999272e+00
4.035000000000000253e-01 8.643578400000000883e+00
4.045000000000000262e-01 8.410141599999999329e+00
4.055000000000000271e-01 8.174944899999999848e+00
4.064999999999999725e-01 7.938481600000000249e+00
4.074999999999999734e-01 7.701234900000000216e+00
4.084999999999999742e-01 7.463677500000000187e+00
4.094999999999999751e-01 7.226269199999999948e+00
4.104999999999999760e-01 6.989455999999999669e+00
4.114999999999999769e-01 6.753669000000000366e+00
4.124999999999999778e-01 6.519322700000000026e+00
4.134999999999999787e-01 6.286814699999999867e+00
4.144999999999999796e-01 6.056523900000000182e+00
4.154999999999999805e-01 5.828810599999999731e+00
4.164999999999999813e-01 5.604014900000000132e+00
4.174999999999999822e-01 5.382456900000000211e+00
4.184999999999999831e-01 5.164435700000000296e+00
4.194999999999999840e-01 4.950229099999999605e+00
4.204999999999999849e-01 4.740093599999999796e+00
4.214999999999999858e-01 4.534263900000000014e+00
4.224999999999999867e-01 4.332953100000000113e+00
4.234999999999999876e-01 4.136352800000000052e+00
4.244999999999999885e-01 3.944632799999999939e+00
4.254999999999999893e-01 3.757941999999999894e+00
4.264999999999999902e-01 3.576408400000000043e+00
4.274999999999999911e-01 3.400139300000000198e+00
4.284999999999999920e-01 3.229222299999999990e+00
4.294999999999999929e-01 3.063725499999999879e+00
4.304999999999999938e-01 2.903698100000000171e+00
4.314999999999999947e-01 2.749171599999999938e+00
4.324999999999999956e-01 2.600159800000000132e+00
4.334999999999999964e-01 2.456660199999999961e+00
4.344999999999999973e-01 2.318654599999999899e+00
4.354999999999999982e-01 2.186110000000000220e+00
4.364999999999999991e-01 2.058979299999999846e+00
4.375000000000000000e-01 1.937202700000000055e+00
4.385000000000000009e-01 1.820708100000000051e+00
4.395000000000000018e-01 1.709412300000000107e+00
4.405000000000000027e-01 1.603221999999999925e+00
4.415000000000000036e-01 1.502034599999999998e+00
4.425000000000000044e-01 1.405739099999999908e+00
4.435000000000000053e-01 1.314217100000000027e+00
4.445000000000000062e-01 1.227343800000000096e+00
4.455000000000000071e-01 1.144988700000000081e+00
4.465000000000000080e-01 1.067016600000000093e+00
4.475000000000000089e-01 9.932881000000000071e-01
4.485000000000000098e-01 9.236609000000000069e-01
4.495000000000000107e-01 8.579900999999999778e-01
4.505000000000000115e-01 7.961291999999999813e-01
4.515000000000000124e-01 7.379307000000000505e-01
4.525000000000000133e-01 6.832466000000000372e-01
4.535000000000000142e-01 6.319293000000000271e-01
4.545000000000000151e-01 5.838318999999999592e-01
4.555000000000000160e-01 5.388087999999999766e-01
4.565000000000000169e-01 4.967160999999999937e-01
4.575000000000000178e-01 4.574121999999999910e-01
4.585000000000000187e-01 4.207581000000000238e-01
4.595000000000000195e-01 3.866176000000000057e-01
4.605000000000000204e-01 3.548578000000000010e-01
4.615000000000000213e-01 3.253495000000000137e-01
4.625000000000000222e-01 2.979669999999999819e-01
4.635000000000000231e-01 2.725886000000000142e-01
4.645000000000000240e-01 2.490968000000000071e-01
4.655000000000000249e-01 2.273780999999999997e-01
4.665000000000000258e-01 2.073234999999999939e-01
4.675000000000000266e-01 1.888284000000000074e-01
4.685000000000000275e-01 1.717924999999999869e-01
4.694999999999999729e-01 1.561199000000000059e-01
4.704999999999999738e-01 1.417194999999999983e-01
4.714999999999999747e-01 1.285040000000000071e-01
4.724999999999999756e-01 1.163910999999999973e-01
4.734999999999999765e-01 1.053021999999999986e-01
4.744999999999999774e-01 9.516330000000000622e-02
4.754999999999999782e-01 8.590440000000000575e-02
4.764999999999999791e-01 7.745950000000000057e-02
4.774999999999999800e-01 6.976640000000000619e-02
4.784999999999999809e-01 6.276679999999999759e-02
4.794999999999999818e-01 5.640590000000000187e-02
4.804999999999999827e-01 5.063270000000000270e-02
4.814999999999999836e-01 4.539909999999999779e-02
4.824999999999999845e-01 4.066059999999999813e-02
4.834999999999999853e-01 3.637549999999999811e-02
4.844999999999999862e-01 3.250530000000000086e-02
4.854999999999999871e-01 2.901389999999999872e-02
4.864999999999999880e-01 2.586820000000000092e-02
4.874999999999999889e-01 2.303749999999999895e-02
4.884999999999999898e-01 2.049319999999999961e-02
4.894999999999999907e-01 1.820919999999999830e-02
4.904999999999999916e-01 1.616129999999999997e-02
4.914999999999999925e-01 1.432749999999999996e-02
4.924999999999999933e-01 1.268719999999999917e-02
4.934999999999999942e-01 1.122199999999999934e-02
4.944999999999999951e-01 9.914600000000000843e-03
4.954999999999999960e-01 8.749500000000000333e-03
4.964999999999999969e-01 7.712600000000000011e-03
4.974999999999999978e-01 6.790700000000000208e-03
4.984999999999999987e-01 5.972200000000000425e-03
4.994999999999999996e-01 5.246299999999999748e-03
5.004999999999999449e-01 4.603399999999999680e-03
5.014999999999999458e-01 4.034600000000000165e-03
5.024999999999999467e-01 3.531999999999999983e-03
5.034999999999999476e-01 3.088500000000000099e-03
5.044999999999999485e-01 2.697600000000000085e-03
5.054999999999999494e-01 2.353399999999999850e-03
5.064999999999999503e-01 2.050800000000000192e-03
5.074999999999999512e-01 1.784999999999999911e-03
5.084999999999999520e-01 1.551899999999999938e-03
5.094999999999999529e-01 1.347700000000000070e-03
5.104999999999999538e-01 1.168999999999999900e-03
5.114999999999999547e-01 1.012799999999999898e-03
5.124999999999999556e-01 8.765000000000000005e-04
5.134999999999999565e-01 7.575999999999999835e-04
5.144999999999999574e-01 6.541000000000000156e-04
5.154999999999999583e-01 5.640999999999999964e-04
5.164999999999999591e-01 4.858999999999999929e-04
5.174999999999999600e-01 4.181000000000000254e-04
5.184999999999999609e-01 3.593000000000000057e-04
5.194999999999999618e-01 3.084000000000000153e-04
5.204999999999999627e-01 2.643999999999999758e-04
5.214999999999999636e-01 2.265000000000000032e-04
5.224999999999999645e-01 1.936999999999999920e-04
5.234999999999999654e-01 1.655000000000000113e-04
5.244999999999999662e-01 1.412999999999999922e-04
5.254999999999999671e-01 1.203999999999999992e-04
5.264999999999999680e-01 1.024999999999999978e-04
5.274999999999999689e-01 8.720000000000000537e-05
5.284999999999999698e-01 7.409999999999999866e-05
5.294999999999999707e-01 6.279999999999999504e-05
5.304999999999999716e-01 5.330000000000000129e-05
5.314999999999999725e-01 4.509999999999999849e-05
5.324999999999999734e-01 3.809999999999999775e-05
5.334999999999999742e-01 3.219999999999999664e-05
5.344999999999999751e-01 2.710000000000000142e-05
5.354999999999999760e-01 2.290000000000000098e-05
5.364999999999999769e-01 1.919999999999999913e-05
5.374999999999999778e-01 1.620000000000000075e-05
5.384999999999999787e-01 1.360000000000000023e-05
5.394999999999999796e-01 1.139999999999999927e-05
5.404999999999999805e-01 9.500000000000000523e-06
5.414999999999999813e-01 7.999999999999999638e-06
5.424999999999999822e-01 6.700000000000000226e-06
5.434999999999999831e-01 5.599999999999999747e-06
5.444999999999999840e-01 4.600000000000000004e-06
5.454999999999999849e-01 3.899999999999999929e-06
5.464999999999999858e-01 3.199999999999999855e-06
5.474999999999999867e-01 2.699999999999999984e-06
5.484999999999999876e-01 2.200000000000000112e-06
5.494999999999999885e-01 1.799999999999999919e-06
5.504999999999999893e-01 1.500000000000000038e-06
5.514999999999999902e-01 1.300000000000000047e-06
5.524999999999999911e-01 9.999999999999999547e-07
5.534999999999999920e-01 8.999999999999999593e-07
5.544999999999999929e-01 6.999999999999999683e-07
5.554999999999999938e-01 5.999999999999999728e-07
5.564999999999999947e-01 4.999999999999999774e-07
5.574999999999999956e-01 3.999999999999999819e-07
5.584999999999999964e-01 2.999999999999999864e-07
5.594999999999999973e-01 2.999999999999999864e-07
5.604999999999999982e-01 1.999999999999999909e-07
5.614999999999999991e-01 1.999999999999999909e-07
5.625000000000000000e-01 9.999999999999999547e-08
5.635000000000000009e-01 9.999999999999999547e-08
5.645000000000000018e-01 9.999999999999999547e-08
5.655000000000000027e-01 9.999999999999999547e-08
5.665000000000000036e-01 9.999999999999999547e-08
5.675000000000000044e-01 9.999999999999999547e-08
5.685000000000000053e-01 0.000000000000000000e+00
5.695000000000000062e-01 0.000000000000000000e+00
5.705000000000000071e-01 0.000000000000000000e+00
5.715000000000000080e-01 0.000000000000000000e+00
5.725000000000000089e-01 0.000000000000000000e+00
5.735000000000000098e-01 0.000000000000000000e+00
5.745000000000000107e-01 0.000000000000000000e+00
5.755000000000000115e-01 0.000000000000000000e+00
5.765000000000000124e-01 0.000000000000000000e+00
5.775000000000000133e-01 0.000000000000000000e+00
5.785000000000000142e-01 0.000000000000000000e+00
5.795000000000000151e-01 0.000000000000000000e+00
5.805000000000000160e-01 0.000000000000000000e+00
5.815000000000000169e-01 0.000000000000000000e+00
5.825000000000000178e-01 0.000000000000000000e+00
5.835000000000000187e-01 0.000000000000000000e+00
5.845000000000000195e-01 0.000000000000000000e+00
5.855000000000000204e-01 0.000000000000000000e+00
5.865000000000000213e-01 0.000000000000000000e+00
5.875000000000000222e-01 0.000000000000000000e+00
5.885000000000000231e-01 0.000000000000000000e+00
5.895000000000000240e-01 0.000000000000000000e+00
5.905000000000000249e-01 0.000000000000000000e+00
5.915000000000000258e-01 0.000000000000000000e+00
5.925000000000000266e-01 0.000000000000000000e+00
5.935000000000000275e-01 0.000000000000000000e+00
5.945000000000000284e-01 0.000000000000000000e+00
5.955000000000000293e-01 0.000000000000000000e+00
5.965000000000000302e-01 0.000000000000000000e+00
5.975000000000000311e-01 0.000000000000000000e+00
5.985000000000000320e-01 0.000000000000000000e+00
5.995000000000000329e-01 0.000000000000000000e+00
6.005000000000000338e-01 0.000000000000000000e+00
6.015000000000000346e-01 0.000000000000000000e+00
6.025000000000000355e-01 0.000000000000000000e+00
6.035000000000000364e-01 0.000000000000000000e+00
6.045000000000000373e-01 0.000000000000000000e+00
6.055000000000000382e-01 0.000000000000000000e+00
6.065000000000000391e-01 0.000000000000000000e+00
6.075000000000000400e-01 0.000000000000000000e+00
6.085000000000000409e-01 0.000000000000000000e+00
6.095000000000000417e-01 0.000000000000000000e+00
6.105000000000000426e-01 0.000000000000000000e+00
6.115000000000000435e-01 0.000000000000000000e+00
6.125000000000000444e-01 0.000000000000000000e+00
6.135000000000000453e-01 0.000000000000000000e+00
6.145000000000000462e-01 0.000000000000000000e+00
6.155000000000000471e-01 0.000000000000000000e+00
6.165000000000000480e-01 0.000000000000000000e+00
6.175000000000000488e-01 0.000000000000000000e+00
6.185000000000000497e-01 0.000000000000000000e+00
6.195000000000000506e-01 0.000000000000000000e+00
6.205000000000000515e-01 0.000000000000000000e+00
6.215000000000000524e-01 0.000000000000000000e+00
6.225000000000000533e-01 0.000000000000000000e+00
6.235000000000000542e-01 0.000000000000000000e+00
6.245000000000000551e-01 0.000000000000000000e+00
6.254999999999999449e-01 0.000000000000000000e+00
6.264999999999999458e-01 0.000000000000000000e+00
6.274999999999999467e-01 0.000000000000000000e+00
6.284999999999999476e-01 0.000000000000000000e+00
6.294999999999999485e-01 0.000000000000000000e+00
6.304999999999999494e-01 0.000000000000000000e+00
6.314999999999999503e-01 0.000000000000000000e+00
6.324999999999999512e-01 0.000000000000000000e+00
6.334999999999999520e-01 0.000000000000000000e+00
6.344999999999999529e-01 0.000000000000000000e+00
6.354999999999999538e-01 0.000000000000000000e+00
6.364999999999999547e-01 0.000000000000000000e+00
6.374999999999999556e-01 0.000000000000000000e+00
6.384999999999999565e-01 0.000000000000000000e+00
6.394999999999999574e-01 0.000000000000000000e+00
6.404999999999999583e-01 0.000000000000000000e+00
6.414999999999999591e-01 0.000000000000000000e+00
6.424999999999999600e-01 0.000000000000000000e+00
6.434999999999999609e-01 0.000000000000000000e+00
6.444999999999999618e-01 0.000000000000000000e+00
6.454999999999999627e-01 0.000000000000000000e+00
6.464999999999999636e-01 0.000000000000000000e+00
6.474999999999999645e-01 0.000000000000000000e+00
6.484999999999999654e-01 0.000000000000000000e+00
6.494999999999999662e-01 0.000000000000000000e+00
6.504999999999999671e-01 0.000000000000000000e+00
6.514999999999999680e-01 0.000000000000000000e+00
6.524999999999999689e-01 0.000000000000000000e+00
6.534999999999999698e-01 0.000000000000000000e+00
6.544999999999999707e-01 0.000000000000000000e+00
6.554999999999999716e-01 0.000000000000000000e+00
6.564999999999999725e-01 0.000000000000000000e+00
6.574999999999999734e-01 0.000000000000000000e+00
6.584999999999999742e-01 0.000000000000000000e+00
6.594999999999999751e-01 0.000000000000000000e+00
6.604999999999999760e-01 0.000000000000000000e+00
6.614999999999999769e-01 0.000000000000000000e+00
6.624999999999999778e-01 0.000000000000000000e+00
6.634999999999999787e-01 0.000000000000000000e+00
6.644999999999999796e-01 0.000000000000000000e+00
6.654999999999999805e-01 0.000000000000000000e+00
6.664999999999999813e-01 0.000000000000000000e+00
6.674999999999999822e-01 0.000000000000000000e+00
6.684999999999999831e-01 0.000000000000000000e+00
6.694999999999999840e-01 0.000000000000000000e+00
6.704999999999999849e-01 0.000000000000000000e+00
6.714999999999999858e-01 0.000000000000000000e+00
6.724999999999999867e-01 0.000000000000000000e+00
6.734999999999999876e-01 0.000000000000000000e+00
6.744999999999999885e-01 0.000000000000000000e+00
6.754999999999999893e-01 0.000000000000000000e+00
6.764999999999999902e-01 0.000000000000000000e+00
6.774999999999999911e-01 0.000000000000000000e+00
6.784999999999999920e-01 0.000000000000000000e+00
6.794999999999999929e-01 0.000000000000000000e+00
6.804999999999999938e-01 0.000000000000000000e+00
6.814999999999999947e-01 0.000000000000000000e+00
6.824999999999999956e-01 0.000000000000000000e+00
6.834999999999999964e-01 0.000000000000000000e+00
6.844999999999999973e-01 0.000000000000000000e+00
6.854999999999999982e-01 0.000000000000000000e+00
6.864999999999999991e-01 0.000000000000000000e+00
6.875000000000000000e-01 0.000000000000000000e+00
6.885000000000000009e-01 0.000000000000000000e+00
6.895000000000000018e-01 0.000000000000000000e+00
6.905000000000000027e-01 0.000000000000000000e+00
6.915000000000000036e-01 0.000000000000000000e+00
6.925000000000000044e-01 0.000000000000000000e+00
6.935000000000000053e-01 0.000000000000000000e+00
6.945000000000000062e-01 0.000000000000000000e+00
6.955000000000000071e-01 0.000000000000000000e+00
6.965000000000000080e-01 0.000000000000000000e+00
6.975000000000000089e-01 0.000000000000000000e+00
6.985000000000000098e-01 0.000000000000000000e+00
6.995000000000000107e-01 0.000000000000000000e+00
7.005000000000000115e-01 0.000000000000000000e+00
7.015000000000000124e-01 0.000000000000000000e+00
7.025000000000000133e-01 0.000000000000000000e+00
7.035000000000000142e-01 0.000000000000000000e+00
7.045000000000000151e-01 0.000000000000000000e+00
7.055000000000000160e-01 0.000000000000000000e+00
7.065000000000000169e-01 0.000000000000000000e+00
7.075000000000000178e-01 0.000000000000000000e+00
7.085000000000000187e-01 0.000000000000000000e+00
7.095000000000000195e-01 0.000000000000000000e+00
7.105000000000000204e-01 0.000000000000000000e+00
7.115000000000000213e-01 0.000000000000000000e+00
7.125000000000000222e-01 0.000000000000000000e+00
7.135000000000000231e-01 0.000000000000000000e+00
7.145000000000000240e-01 0.000000000000000000e+00
7.155000000000000249e-01 0.000000000000000000e+00
7.165000000000000258e-01 0.000000000000000000e+00
7.175000000000000266e-01 0.000000000000000000e+00
7.185000000000000275e-01 0.000000000000000000e+00
7.195000000000000284e-01 0.000000000000000000e+00
7.205000000000000293e-01 0.000000000000000000e+00
7.215000000000000302e-01 0.000000000000000000e+00
7.225000000000000311e-01 0.000000000000000000e+00
7.235000000000000320e-01 0.000000000000000000e+00
7.245000000000000329e-01 0.000000000000000000e+00
7.255000000000000338e-01 0.000000000000000000e+00
7.265000000000000346e-01 0.000000000000000000e+00
7.275000000000000355e-01 0.000000000000000000e+00
7.285000000000000364e-01 0.000000000000000000e+00
7.295000000000000373e-01 0.000000000000000000e+00
7.305000000000000382e-01 0.000000000000000000e+00
7.315000000000000391e-01 0.000000000000000000e+00
7.325000000000000400e-01 0.000000000000000000e+00
7.335000000000000409e-01 0.000000000000000000e+00
7.345000000000000417e-01 0.000000000000000000e+00
7.355000000000000426e-01 0.000000000000000000e+00
7.365000000000000435e-01 0.000000000000000000e+00
7.375000000000000444e-01 0.000000000000000000e+00
7.385000000000000453e-01 0.000000000000000000e+00
7.395000000000000462e-01 0.000000000000000000e+00
7.405000000000000471e-01 0.000000000000000000e+00
7.415000000000000480e-01 0.000000000000000000e+00
7.425000000000000488e-01 0.000000000000000000e+00
7.435000000000000497e-01 0.000000000000000000e+00
7.445000000000000506e-01 0.000000000000000000e+00
7.455000000000000515e-01 0.000000000000000000e+00
7.465000000000000524e-01 0.000000000000000000e+00
7.475000000000000533e-01 0.000000000000000000e+00
7.485000000000000542e-01 0.000000000000000000e+00
7.495000000000000551e-01 0.000000000000000000e+00
7.504999999999999449e-01 0.000000000000000000e+00
7.514999999999999458e-01 0.000000000000000000e+00
7.524999999999999467e-01 0.000000000000000000e+00
7.534999999999999476e-01 0.000000000000000000e+00
7.544999999999999485e-01 0.000000000000000000e+00
7.554999999999999494e-01 0.000000000000000000e+00
7.564999999999999503e-01 0.000000000000000000e+00
7.574999999999999512e-01 0.000000000000000000e+00
7.584999999999999520e-01 0.000000000000000000e+00
7.594999999999999529e-01 0.000000000000000000e+00
7.604999999999999538e-01 0.000000000000000000e+00
7.614999999999999547e-01 0.000000000000000000e+00
7.624999999999999556e-01 0.000000000000000000e+00
7.634999999999999565e-01 0.000000000000000000e+00
7.644999999999999574e-01 0.000000000000000000e+00
7.654999999999999583e-01 0.000000000000000000e+00
7.664999999999999591e-01 0.000000000000000000e+00
7.674999999999999600e-01 0.000000000000000000e+00
7.684999999999999609e-01 0.000000000000000000e+00
7.694999999999999618e-01 0.000000000000000000e+00
7.704999999999999627e-01 0.000000000000000000e+00
7.714999999999999636e-01 0.000000000000000000e+00
7.724999999999999645e-01 0.000000000000000000e+00
7.734999999999999654e-01 0.000000000000000000e+00
7.744999999999999662e-01 0.000000000000000000e+00
7.754999999999999671e-01 0.000000000000000000e+00
7.764999999999999680e-01 0.000000000000000000e+00
7.774999999999999689e-01 0.000000000000000000e+00
7.784999999999999698e-01 0.000000000000000000e+00
7.794999999999999707e-01 0.000000000000000000e+00
7.804999999999999716e-01 0.000000000000000000e+00
7.814999999999999725e-01 0.000000000000000000e+00
7.824999999999999734e-01 0.000000000000000000e+00
7.834999999999999742e-01 0.000000000000000000e+00
7.844999999999999751e-01 0.000000000000000000e+00
7.854999999999999760e-01 0.000000000000000000e+00
7.864999999999999769e-01 0.000000000000000000e+00
7.874999999999999778e-01 0.000000000000000000e+00
7.884999999999999787e-01 0.000000000000000000e+00
7.894999999999999796e-01 0.000000000000000000e+00
7.904999999999999805e-01 0.000000000000000000e+00
7.914999999999999813e-01 0.000000000000000000e+00
7.924999999999999822e-01 0.000000000000000000e+00
7.934999999999999831e-01 0.000000000000000000e+00
7.944999999999999840e-01 0.000000000000000000e+00
7.954999999999999849e-01 0.000000000000000000e+00
7.964999999999999858e-01 0.000000000000000000e+00
7.974999999999999867e-01 0.000000000000000000e+00
7.984999999999999876e-01 0.000000000000000000e+00
7.994999999999999885e-01 0.000000000000000000e+00
8.004999999999999893e-01 0.000000000000000000e+00
8.014999999999999902e-01 0.000000000000000000e+00
8.024999999999999911e-01 0.000000000000000000e+00
8.034999999999999920e-01 0.000000000000000000e+00
8.044999999999999929e-01 0.000000000000000000e+00
8.054999999999999938e-01 0.000000000000000000e+00
8.064999999999999947e-01 0.000000000000000000e+00
8.074999999999999956e-01 0.000000000000000000e+00
8.084999999999999964e-01 0.000000000000000000e+00
8.094999999999999973e-01 0.000000000000000000e+00
8.104999999999999982e-01 0.000000000000000000e+00
8.114999999999999991e-01 0.000000000000000000e+00
8.125000000000000000e-01 0.000000000000000000e+00
8.135000000000000009e-01 0.000000000000000000e+00
8.145000000000000018e-01 0.000000000000000000e+00
8.155000000000000027e-01 0.000000000000000000e+00
8.165000000000000036e-01 0.000000000000000000e+00
8.175000000000000044e-01 0.000000000000000000e+00
8.185000000000000053e-01 0.000000000000000000e+00
8.195000000000000062e-01 0.000000000000000000e+00
8.205000000000000071e-01 0.000000000000000000e+00
8.215000000000000080e-01 0.000000000000000000e+00
8.225000000000000089e-01 0.000000000000000000e+00
8.235000000000000098e-01 0.000000000000000000e+00
8.245000000000000107e-01 0.000000000000000000e+00
8.255000000000000115e-01 0.000000000000000000e+00
8.265000000000000124e-01 0.000000000000000000e+00
8.275000000000000133e-01 0.000000000000000000e+00
8.285000000000000142e-01 0.000000000000000000e+00
8.295000000000000151e-01 0.000000000000000000e+00
8.305000000000000160e-01 0.000000000000000000e+00
8.315000000000000169e-01 0.000000000000000000e+00
8.325000000000000178e-01 0.000000000000000000e+00
8.335000000000000187e-01 0.000000000000000000e+00
8.345000000000000195e-01 0.000000000000000000e+00
8.355000000000000204e-01 0.000000000000000000e+00
8.365000000000000213e-01 0.000000000000000000e+00
8.375000000000000222e-01 0.000000000000000000e+00
8.385000000000000231e-01 0.000000000000000000e+00
8.395000000000000240e-01 0.000000000000000000e+00
8.405000000000000249e-01 0.000000000000000000e+00
8.415000000000000258e-01 0.000000000000000000e+00
8.425000000000000266e-01 0.000000000000000000e+00
8.435000000000000275e-01 0.000000000000000000e+00
8.445000000000000284e-01 0.000000000000000000e+00
8.455000000000000293e-01 0.000000000000000000e+00
8.465000000000000302e-01 0.000000000000000000e+00
8.475000000000000311e-01 0.000000000000000000e+00
8.485000000000000320e-01 0.000000000000000000e+00
8.495000000000000329e-01 0.000000000000000000e+00
8.505000000000000338e-01 0.000000000000000000e+00
8.515000000000000346e-01 0.000000000000000000e+00
8.525000000000000355e-01 0.000000000000000000e+00
8.535000000000000364e-01 0.000000000000000000e+00
8.545000000000000373e-01 0.000000000000000000e+00
8.555000000000000382e-01 0.000000000000000000e+00
8.565000000000000391e-01 0.000000000000000000e+00
8.575000000000000400e-01 0.000000000000000000e+00
8.585000000000000409e-01 0.000000000000000000e+00
8.595000000000000417e-01 0.000000000000000000e+00
8.605000000000000426e-01 0.000000000000000000e+00
8.615000000000000435e-01 0.000000000000000000e+00
8.625000000000000444e-01 0.000000000000000000e+00
8.635000000000000453e-01 0.000000000000000000e+00
8.645000000000000462e-01 0.000000000000000000e+00
8.655000000000000471e-01 0.000000000000000000e+00
8.665000000000000480e-01 0.000000000000000000e+00
8.675000000000000488e-01 0.000000000000000000e+00
8.685000000000000497e-01 0.000000000000000000e+00
8.695000000000000506e-01 0.000000000000000000e+00
8.705000000000000515e-01 0.000000000000000000e+00
8.715000000000000524e-01 0.000000000000000000e+00
8.725000000000000533e-01 0.000000000000000000e+00
8.735000000000000542e-01 0.000000000000000000e+00
8.745000000000000551e-01 0.000000000000000000e+00
8.754999999999999449e-01 0.000000000000000000e+00
8.764999999999999458e-01 0.000000000000000000e+00
8.774999999999999467e-01 0.000000000000000000e+00
8.784999999999999476e-01 0.000000000000000000e+00
8.794999999999999485e-01 0.000000000000000000e+00
8.804999999999999494e-01 0.000000000000000000e+00
8.814999999999999503e-01 0.000000000000000000e+00
8.824999999999999512e-01 0.000000000000000000e+00
8.834999999999999520e-01 0.000000000000000000e+00
8.844999999999999529e-01 0.000000000000000000e+00
8.854999999999999538e-01 0.000000000000000000e+00
8.864999999999999547e-01 0.000000000000000000e+00
8.874999999999999556e-01 0.000000000000000000e+00
8.884999999999999565e-01 0.000000000000000000e+00
8.894999999999999574e-01 0.000000000000000000e+00
8.904999999999999583e-01 0.000000000000000000e+00
8.914999999999999591e-01 0.000000000000000000e+00
8.924999999999999600e-01 0.000000000000000000e+00
8.934999999999999609e-01 0.000000000000000000e+00
8.944999999999999618e-01 0.000000000000000000e+00
8.954999999999999627e-01 0.000000000000000000e+00
8.964999999999999636e-01 0.000000000000000000e+00
8.974999999999999645e-01 0.000000000000000000e+00
8.984999999999999654e-01 0.000000000000000000e+00
8.994999999999999662e-01 0.000000000000000000e+00
9.004999999999999671e-01 0.000000000000000000e+00
9.014999999999999680e-01 0.000000000000000000e+00
9.024999999999999689e-01 0.000000000000000000e+00
9.034999999999999698e-01 0.000000000000000000e+00
9.044999999999999707e-01 0.000000000000000000e+00
9.054999999999999716e-01 0.000000000000000000e+00
9.064999999999999725e-01 0.000000000000000000e+00
9.074999999999999734e-01 0.000000000000000000e+00
9.084999999999999742e-01 0.000000000000000000e+00
9.094999999999999751e-01 0.000000000000000000e+00
9.104999999999999760e-01 0.000000000000000000e+00
9.114999999999999769e-01 0.000000000000000000e+00
9.124999999999999778e-01 0.000000000000000000e+00
9.134999999999999787e-01 0.000000000000000000e+00
9.144999999999999796e-01 0.000000000000000000e+00
9.154999999999999805e-01 0.000000000000000000e+00
9.164999999999999813e-01 0.000000000000000000e+00
9.174999999999999822e-01 0.000000000000000000e+00
9.184999999999999831e-01 0.000000000000000000e+00
9.194999999999999840e-01 0.000000000000000000e+00
9.204999999999999849e-01 0.000000000000000000e+00
9.214999999999999858e-01 0.000000000000000000e+00
9.224999999999999867e-01 0.000000000000000000e+00
9.234999999999999876e-01 0.000000000000000000e+00
9.244999999999999885e-01 0.000000000000000000e+00
9.254999999999999893e-01 0.000000000000000000e+00
9.264999999999999902e-01 0.000000000000000000e+00
9.274999999999999911e-01 0.000000000000000000e+00
9.284999999999999920e-01 0.000000000000000000e+00
9.294999999999999929e-01 0.000000000000000000e+00
9.304999999999999938e-01 0.000000000000000000e+00
9.314999999999999947e-01 0.000000000000000000e+00
9.324999999999999956e-01 0.000000000000000000e+00
9.334999999999999964e-01 0.000000000000000000e+00
9.344999999999999973e-01 0.000000000000000000e+00
9.354999999999999982e-01 0.000000000000000000e+00
9.364999999999999991e-01 0.000000000000000000e+00
9.375000000000000000e-01 0.000000000000000000e+00
9.385000000000000009e-01 0.000000000000000000e+00
9.395000000000000018e-01 0.000000000000000000e+00
9.405000000000000027e-01 0.000000000000000000e+00
9.415000000000000036e-01 0.000000000000000000e+00
9.425000000000000044e-01 0.000000000000000000e+00
9.435000000000000053e-01 0.000000000000000000e+00
9.445000000000000062e-01 0.000000000000000000e+00
9.455000000000000071e-01 0.000000000000000000e+00
9.465000000000000080e-01 0.000000000000000000e+00
9.475000000000000089e-01 0.000000000000000000e+00
9.485000000000000098e-01 0.000000000000000000e+00
9.495000000000000107e-01 0.000000000000000000e+00
9.505000000000000115e-01 0.000000000000000000e+00
9.515000000000000124e-01 0.000000000000000000e+00
9.525000000000000133e-01 0.000000000000000000e+00
9.535000000000000142e-01 0.000000000000000000e+00
9.545000000000000151e-01 0.000000000000000000e+00
9.555000000000000160e-01 0.000000000000000000e+00
9.565000000000000169e-01 0.000000000000000000e+00
9.575000000000000178e-01 0.000000000000000000e+00
9.585000000000000187e-01 0.000000000000000000e+00
9.595000000000000195e-01 0.000000000000000000e+00
9.605000000000000204e-01 0.000000000000000000e+00
9.615000000000000213e-01 0.000000000000000000e+00
9.625000000000000222e-01 0.000000000000000000e+00
9.635000000000000231e-01 0.000000000000000000e+00
9.645000000000000240e-01 0.000000000000000000e+00
9.655000000000000249e-01 0.000000000000000000e+00
9.665000000000000258e-01 0.000000000000000000e+00
9.675000000000000266e-01 0.000000000000000000e+00
9.685000000000000275e-01 0.000000000000000000e+00
9.695000000000000284e-01 0.000000000000000000e+00
9.705000000000000293e-01 0.000000000000000000e+00
9.715000000000000302e-01 0.000000000000000000e+00
9.725000000000000311e-01 0.000000000000000000e+00
9.735000000000000320e-01 0.000000000000000000e+00
9.745000000000000329e-01 0.000000000000000000e+00
9.755000000000000338e-01 0.000000000000000000e+00
9.765000000000000346e-01 0.000000000000000000e+00
9.775000000000000355e-01 0.000000000000000000e+00
9.785000000000000364e-01 0.000000000000000000e+00
9.795000000000000373e-01 0.000000000000000000e+00
9.805000000000000382e-01 0.000000000000000000e+00
9.815000000000000391e-01 0.000000000000000000e+00
9.825000000000000400e-01 0.000000000000000000e+00
9.835000000000000409e-01 0.000000000000000000e+00
9.845000000000000417e-01 0.000000000000000000e+00
9.855000000000000426e-01 0.000000000000000000e+00
9.865000000000000435e-01 0.000000000000000000e+00
9.875000000000000444e-01 0.000000000000000000e+00
9.885000000000000453e-01 0.000000000000000000e+00
9.895000000000000462e-01 0.000000000000000000e+00
9.905000000000000471e-01 0.000000000000000000e+00
9.915000000000000480e-01 0.000000000000000000e+00
9.925000000000000488e-01 0.000000000000000000e+00
9.935000000000000497e-01 0.000000000000000000e+00
9.945000000000000506e-01 0.000000000000000000e+00
9.955000000000000515e-01 0.000000000000000000e+00
9.965000000000000524e-01 0.000000000000000000e+00
9.975000000000000533e-01 0.000000000000000000e+00
9.985000000000000542e-01 0.000000000000000000e+00
9.995000000000000551e-01 0.000000000000000000e+00
