5.000000000000000104e-04 2.699999999999999984e-06
1.500000000000000031e-03 3.000000000000000076e-06
2.500000000000000052e-03 3.199999999999999855e-06
3.500000000000000073e-03 3.400000000000000058e-06
4.499999999999999660e-03 3.700000000000000150e-06
5.499999999999999681e-03 3.999999999999999819e-06
6.499999999999999702e-03 4.300000000000000335e-06
7.499999999999999722e-03 4.699999999999999893e-06
8.500000000000000611e-03 5.100000000000000299e-06
9.499999999999999764e-03 5.499999999999999857e-06
1.050000000000000065e-02 5.900000000000000262e-06
1.149999999999999981e-02 6.399999999999999710e-06
1.250000000000000069e-02 6.900000000000000005e-06
1.349999999999999985e-02 7.400000000000000300e-06
1.450000000000000074e-02 7.999999999999999638e-06
1.549999999999999989e-02 8.600000000000000670e-06
1.650000000000000078e-02 9.300000000000000744e-06
1.750000000000000167e-02 1.000000000000000082e-05
1.849999999999999908e-02 1.079999999999999993e-05
1.949999999999999997e-02 1.160000000000000075e-05
2.050000000000000086e-02 1.250000000000000060e-05
2.149999999999999828e-02 1.349999999999999949e-05
2.249999999999999917e-02 1.450000000000000009e-05
2.350000000000000006e-02 1.559999999999999972e-05
2.450000000000000094e-02 1.679999999999999839e-05
2.549999999999999836e-02 1.809999999999999950e-05
2.649999999999999925e-02 1.940000000000000060e-05
2.750000000000000014e-02 2.089999999999999980e-05
2.850000000000000103e-02 2.250000000000000142e-05
2.949999999999999845e-02 2.409999999999999965e-05
3.049999999999999933e-02 2.589999999999999936e-05
3.150000000000000022e-02 2.790000000000000054e-05
3.250000000000000111e-02 2.989999999999999833e-05
3.350000000000000200e-02 3.210000000000000098e-05
3.450000000000000289e-02 3.449999999999999833e-05
3.549999999999999684e-02 3.699999999999999811e-05
3.649999999999999772e-02 3.979999999999999841e-05
3.749999999999999861e-02 4.270000000000000114e-05
3.849999999999999950e-02 4.580000000000000195e-05
3.950000000000000039e-02 4.910000000000000085e-05
4.050000000000000128e-02 5.259999999999999783e-05
4.150000000000000216e-02 5.640000000000000211e-05
4.250000000000000305e-02 6.050000000000000012e-05
4.349999999999999700e-02 6.480000000000000300e-05
4.449999999999999789e-02 6.949999999999999527e-05
4.549999999999999878e-02 7.440000000000000595e-05
4.649999999999999967e-02 7.969999999999999925e-05
4.750000000000000056e-02 8.529999999999999985e-05
4.850000000000000144e-02 9.129999999999999661e-05
4.950000000000000233e-02 9.780000000000000553e-05
5.050000000000000322e-02 1.045999999999999946e-04
5.149999999999999717e-02 1.118999999999999959e-04
5.249999999999999806e-02 1.196999999999999957e-04
5.349999999999999895e-02 1.279999999999999942e-04
5.449999999999999983e-02 1.368999999999999937e-04
5.550000000000000072e-02 1.463000000000000053e-04
5.650000000000000161e-02 1.563000000000000045e-04
5.750000000000000250e-02 1.669999999999999935e-04
5.850000000000000339e-02 1.783999999999999996e-04
5.949999999999999734e-02 1.905999999999999979e-04
6.049999999999999822e-02 2.035000000000000133e-04
6.149999999999999911e-02 2.171999999999999940e-04
6.250000000000000000e-02 2.318999999999999989e-04
6.350000000000000089e-02 2.473999999999999962e-04
6.450000000000000178e-02 2.640000000000000202e-04
6.550000000000000266e-02 2.816000000000000144e-04
6.650000000000000355e-02 3.002999999999999810e-04
6.750000000000000444e-02 3.201999999999999768e-04
6.850000000000000533e-02 3.413000000000000018e-04
6.950000000000000622e-02 3.637000000000000042e-04
7.049999999999999323e-02 3.875999999999999888e-04
7.149999999999999412e-02 4.129000000000000075e-04
7.249999999999999500e-02 4.397000000000000084e-04
7.349999999999999589e-02 4.682999999999999988e-04
7.449999999999999678e-02 4.985000000000000282e-04
7.549999999999999767e-02 5.305999999999999953e-04
7.649999999999999856e-02 5.647000000000000110e-04
7.749999999999999944e-02 6.007999999999999669e-04
7.850000000000000033e-02 6.390999999999999763e-04
7.950000000000000122e-02 6.796000000000000391e-04
8.050000000000000211e-02 7.226999999999999483e-04
8.150000000000000300e-02 7.682000000000000243e-04
8.250000000000000389e-02 8.164999999999999515e-04
8.350000000000000477e-02 8.675999999999999468e-04
8.450000000000000566e-02 9.217000000000000149e-04
8.550000000000000655e-02 9.790000000000000525e-04
8.649999999999999356e-02 1.039599999999999899e-03
8.749999999999999445e-02 1.103699999999999994e-03
8.849999999999999534e-02 1.171600000000000072e-03
8.949999999999999623e-02 1.243399999999999974e-03
9.049999999999999711e-02 1.319199999999999973e-03
9.149999999999999800e-02 1.399400000000000080e-03
9.249999999999999889e-02 1.484199999999999972e-03
9.349999999999999978e-02 1.573799999999999982e-03
9.450000000000000067e-02 1.668400000000000005e-03
9.550000000000000155e-02 1.768299999999999993e-03
9.650000000000000244e-02 1.873899999999999958e-03
9.750000000000000333e-02 1.985300000000000172e-03
9.850000000000000422e-02 2.102899999999999995e-03
9.950000000000000511e-02 2.226999999999999813e-03
1.005000000000000060e-01 2.357900000000000013e-03
1.015000000000000069e-01 2.495900000000000115e-03
1.024999999999999939e-01 2.641500000000000185e-03
1.034999999999999948e-01 2.795100000000000015e-03
1.044999999999999957e-01 2.956900000000000153e-03
1.054999999999999966e-01 3.127399999999999798e-03
1.064999999999999974e-01 3.307000000000000044e-03
1.074999999999999983e-01 3.496200000000000089e-03
1.084999999999999992e-01 3.695500000000000000e-03
1.095000000000000001e-01 3.905300000000000004e-03
1.105000000000000010e-01 4.126099999999999733e-03
1.115000000000000019e-01 4.358500000000000395e-03
1.125000000000000028e-01 4.603099999999999727e-03
1.135000000000000037e-01 4.860299999999999690e-03
1.145000000000000046e-01 5.130799999999999597e-03
1.155000000000000054e-01 5.415200000000000222e-03
1.165000000000000063e-01 5.714200000000000008e-03
1.174999999999999933e-01 6.028399999999999731e-03
1.184999999999999942e-01 6.358599999999999842e-03
1.194999999999999951e-01 6.705400000000000249e-03
1.204999999999999960e-01 7.069699999999999943e-03
1.214999999999999969e-01 7.452099999999999697e-03
1.224999999999999978e-01 7.853600000000000511e-03
1.234999999999999987e-01 8.274999999999999370e-03
1.244999999999999996e-01 8.717199999999999602e-03
1.255000000000000004e-01 9.180999999999999925e-03
1.265000000000000013e-01 9.667500000000000746e-03
1.275000000000000022e-01 1.017760000000000019e-02
1.285000000000000031e-01 1.071240000000000039e-02
1.295000000000000040e-01 1.127290000000000063e-02
1.305000000000000049e-01 1.186030000000000070e-02
1.315000000000000058e-01 1.247559999999999988e-02
1.325000000000000067e-01 1.312010000000000086e-02
1.335000000000000075e-01 1.379499999999999997e-02
1.345000000000000084e-01 1.450150000000000050e-02
1.355000000000000093e-01 1.524099999999999934e-02
1.365000000000000102e-01 1.601479999999999917e-02
1.375000000000000111e-01 1.682439999999999977e-02
1.385000000000000120e-01 1.767120000000000149e-02
1.395000000000000129e-01 1.855669999999999889e-02
1.405000000000000138e-01 1.948249999999999982e-02
1.414999999999999869e-01 2.045020000000000171e-02
1.424999999999999878e-01 2.146139999999999853e-02
1.434999999999999887e-01 2.251790000000000042e-02
1.444999999999999896e-01 2.362150000000000014e-02
1.454999999999999905e-01 2.477390000000000148e-02
1.464999999999999913e-01 2.597700000000000009e-02
1.474999999999999922e-01 2.723290000000000086e-02
1.484999999999999931e-01 2.854349999999999943e-02
1.494999999999999940e-01 2.991090000000000068e-02
1.504999999999999949e-01 3.133720000000000255e-02
1.514999999999999958e-01 3.282460000000000239e-02
1.524999999999999967e-01 3.437540000000000040e-02
1.534999999999999976e-01 3.599190000000000028e-02
1.544999999999999984e-01 3.767650000000000166e-02
1.554999999999999993e-01 3.943170000000000008e-02
1.565000000000000002e-01 4.125990000000000213e-02
1.575000000000000011e-01 4.316389999999999810e-02
1.585000000000000020e-01 4.514630000000000032e-02
1.595000000000000029e-01 4.720980000000000315e-02
1.605000000000000038e-01 4.935719999999999691e-02
1.615000000000000047e-01 5.159149999999999847e-02
1.625000000000000056e-01 5.391569999999999696e-02
1.635000000000000064e-01 5.633269999999999944e-02
1.645000000000000073e-01 5.884570000000000078e-02
1.655000000000000082e-01 6.145790000000000280e-02
1.665000000000000091e-01 6.417269999999999919e-02
1.675000000000000100e-01 6.699330000000000562e-02
1.685000000000000109e-01 6.992329999999999379e-02
1.695000000000000118e-01 7.296600000000000308e-02
1.705000000000000127e-01 7.612530000000000685e-02
1.715000000000000135e-01 7.940469999999999473e-02
1.724999999999999867e-01 8.280800000000000660e-02
1.734999999999999876e-01 8.633910000000000196e-02
1.744999999999999885e-01 9.000189999999999579e-02
1.754999999999999893e-01 9.380049999999999499e-02
1.764999999999999902e-01 9.773890000000000355e-02
1.774999999999999911e-01 1.018213000000000035e-01
1.784999999999999920e-01 1.060520999999999964e-01
1.794999999999999929e-01 1.104355000000000059e-01
1.804999999999999938e-01 1.149760999999999977e-01
1.814999999999999947e-01 1.196783000000000013e-01
1.824999999999999956e-01 1.245466999999999963e-01
1.834999999999999964e-01 1.295861000000000096e-01
1.844999999999999973e-01 1.348012000000000099e-01
1.854999999999999982e-01 1.401969000000000132e-01
1.864999999999999991e-01 1.457779999999999909e-01
1.875000000000000000e-01 1.515497000000000094e-01
1.885000000000000009e-01 1.575168999999999875e-01
1.895000000000000018e-01 1.636847999999999914e-01
1.905000000000000027e-01 1.700588000000000100e-01
1.915000000000000036e-01 1.766439999999999955e-01
1.925000000000000044e-01 1.834458999999999951e-01
1.935000000000000053e-01 1.904698999999999975e-01
1.945000000000000062e-01 1.977215999999999974e-01
1.955000000000000071e-01 2.052064999999999861e-01
1.965000000000000080e-01 2.129302999999999890e-01
1.975000000000000089e-01 2.208987000000000034e-01
1.985000000000000098e-01 2.291175000000000017e-01
1.995000000000000107e-01 2.375925000000000120e-01
2.005000000000000115e-01 2.463295000000000068e-01
2.015000000000000124e-01 2.553346000000000227e-01
2.025000000000000133e-01 2.646137000000000072e-01
2.034999999999999865e-01 2.741726999999999914e-01
2.044999999999999873e-01 2.840178999999999898e-01
2.054999999999999882e-01 2.941553000000000084e-01
2.064999999999999891e-01 3.045910000000000006e-01
2.074999999999999900e-01 3.153310999999999753e-01
2.084999999999999909e-01 3.263820000000000054e-01
2.094999999999999918e-01 3.377496999999999860e-01
2.104999999999999927e-01 3.494405999999999901e-01
2.114999999999999936e-01 3.614608000000000265e-01
2.124999999999999944e-01 3.738167000000000018e-01
2.134999999999999953e-01 3.865143999999999802e-01
2.144999999999999962e-01 3.995601999999999765e-01
2.154999999999999971e-01 4.129604000000000052e-01
2.164999999999999980e-01 4.267211000000000198e-01
2.174999999999999989e-01 4.408485999999999794e-01
2.184999999999999998e-01 4.553491000000000066e-01
2.195000000000000007e-01 4.702286999999999995e-01
2.205000000000000016e-01 4.854935000000000223e-01
2.215000000000000024e-01 5.011495999999999729e-01
2.225000000000000033e-01 5.172029999999999683e-01
2.235000000000000042e-01 5.336596999999999591e-01
2.245000000000000051e-01 5.505255000000000010e-01
2.255000000000000060e-01 5.678064000000000444e-01
2.265000000000000069e-01 5.855080000000000284e-01
2.275000000000000078e-01 6.036359999999999504e-01
2.285000000000000087e-01 6.221959999999999713e-01
2.295000000000000095e-01 6.411934999999999718e-01
2.305000000000000104e-01 6.606338000000000488e-01
2.315000000000000113e-01 6.805221000000000187e-01
2.325000000000000122e-01 7.008636999999999784e-01
2.335000000000000131e-01 7.216635000000000133e-01
2.344999999999999862e-01 7.429263999999999868e-01
2.354999999999999871e-01 7.646570000000000311e-01
2.364999999999999880e-01 7.868600000000000039e-01
2.374999999999999889e-01 8.095396999999999732e-01
2.384999999999999898e-01 8.327004000000000072e-01
2.394999999999999907e-01 8.563460999999999990e-01
2.404999999999999916e-01 8.804807000000000050e-01
2.414999999999999925e-01 9.051078000000000179e-01
2.424999999999999933e-01 9.302308999999999717e-01
2.434999999999999942e-01 9.558531999999999584e-01
2.444999999999999951e-01 9.819776999999999534e-01
2.454999999999999960e-01 1.008607299999999984e+00
2.464999999999999969e-01 1.035744500000000068e+00
2.474999999999999978e-01 1.063391500000000045e+00
2.484999999999999987e-01 1.091550500000000090e+00
2.494999999999999996e-01 1.120223200000000086e+00
2.505000000000000004e-01 1.149410999999999961e+00
2.515000000000000013e-01 1.179115399999999925e+00
2.525000000000000022e-01 1.209337099999999943e+00
2.535000000000000031e-01 1.240076799999999979e+00
2.545000000000000040e-01 1.271334799999999987e+00
2.555000000000000049e-01 1.303111200000000025e+00
2.565000000000000058e-01 1.335405699999999918e+00
2.575000000000000067e-01 1.368217500000000086e+00
2.585000000000000075e-01 1.401545899999999900e+00
2.595000000000000084e-01 1.435389299999999979e+00
2.605000000000000093e-01 1.469746199999999892e+00
2.615000000000000102e-01 1.504614600000000024e+00
2.625000000000000111e-01 1.539992000000000028e+00
2.635000000000000120e-01 1.575875700000000101e+00
2.645000000000000129e-01 1.612262599999999990e+00
2.655000000000000138e-01 1.649149100000000034e+00
2.665000000000000147e-01 1.686531299999999955e+00
2.675000000000000155e-01 1.724404899999999907e+00
2.685000000000000164e-01 1.762765099999999974e+00
2.695000000000000173e-01 1.801606999999999958e+00
2.705000000000000182e-01 1.840924900000000086e+00
2.715000000000000191e-01 1.880712900000000021e+00
2.725000000000000200e-01 1.920964700000000080e+00
2.735000000000000209e-01 1.961673400000000012e+00
2.745000000000000218e-01 2.002831899999999887e+00
2.755000000000000226e-01 2.044432599999999933e+00
2.765000000000000235e-01 2.086467299999999803e+00
2.775000000000000244e-01 2.128927500000000084e+00
2.785000000000000253e-01 2.171804400000000079e+00
2.795000000000000262e-01 2.215088499999999794e+00
2.805000000000000271e-01 2.258770000000000167e+00
2.814999999999999725e-01 2.302838799999999964e+00
2.824999999999999734e-01 2.347284099999999984e+00
2.834999999999999742e-01 2.392094699999999907e+00
2.844999999999999751e-01 2.437259200000000181e+00
2.854999999999999760e-01 2.482765600000000017e+00
2.864999999999999769e-01 2.528601399999999888e+00
2.874999999999999778e-01 2.574753700000000034e+00
2.884999999999999787e-01 2.621209400000000134e+00
2.894999999999999796e-01 2.667954599999999843e+00
2.904999999999999805e-01 2.714975299999999869e+00
2.914999999999999813e-01 2.762256799999999846e+00
2.924999999999999822e-01 2.809784399999999849e+00
2.934999999999999831e-01 2.857542500000000096e+00
2.944999999999999840e-01 2.905515400000000081e+00
2.954999999999999849e-01 2.953686999999999951e+00
2.964999999999999858e-01 3.002040800000000065e+00
2.974999999999999867e-01 3.050559699999999985e+00
2.984999999999999876e-01 3.099226499999999884e+00
2.994999999999999885e-01 3.148023600000000144e+00
3.004999999999999893e-01 3.196932900000000188e+00
3.014999999999999902e-01 3.245935999999999932e+00
3.024999999999999911e-01 3.295014300000000063e+00
3.034999999999999920e-01 3.344148699999999863e+00
3.044999999999999929e-01 3.393319899999999834e+00
3.054999999999999938e-01 3.442508300000000077e+00
3.064999999999999947e-01 3.491693900000000017e+00
3.074999999999999956e-01 3.540856499999999851e+00
3.084999999999999964e-01 3.589975599999999822e+00
3.094999999999999973e-01 3.639030500000000057e+00
3.104999999999999982e-01 3.688000199999999840e+00
3.114999999999999991e-01 3.736863399999999835e+00
3.125000000000000000e-01 3.785598900000000100e+00
3.135000000000000009e-01 3.834185000000000176e+00
3.145000000000000018e-01 3.882599900000000215e+00
3.155000000000000027e-01 3.930821499999999968e+00
3.165000000000000036e-01 3.978827900000000195e+00
3.175000000000000044e-01 4.026596800000000087e+00
3.185000000000000053e-01 4.074105799999999888e+00
3.195000000000000062e-01 4.121332500000000287e+00
3.205000000000000071e-01 4.168254300000000079e+00
3.215000000000000080e-01 4.214848500000000442e+00
3.225000000000000089e-01 4.261092699999999844e+00
3.235000000000000098e-01 4.306963999999999793e+00
3.245000000000000107e-01 4.352439699999999689e+00
3.255000000000000115e-01 4.397497300000000386e+00
3.265000000000000124e-01 4.442113899999999838e+00
3.275000000000000133e-01 4.486266999999999783e+00
3.285000000000000142e-01 4.529934100000000186e+00
3.295000000000000151e-01 4.573092599999999841e+00
3.305000000000000160e-01 4.615720099999999881e+00
3.315000000000000169e-01 4.657794499999999616e+00
3.325000000000000178e-01 4.699293599999999849e+00
3.335000000000000187e-01 4.740195499999999562e+00
3.345000000000000195e-01 4.780478300000000402e+00
3.355000000000000204e-01 4.820120499999999808e+00
3.365000000000000213e-01 4.859100699999999939e+00
3.375000000000000222e-01 4.897397800000000245e+00
3.385000000000000231e-01 4.934991000000000128e+00
3.395000000000000240e-01 4.971859600000000157e+00
3.405000000000000249e-01 5.007983300000000249e+00
3.415000000000000258e-01 5.043342100000000272e+00
3.425000000000000266e-01 5.077916400000000330e+00
3.435000000000000275e-01 5.111686800000000197e+00
3.444999999999999729e-01 5.144634400000000163e+00
3.454999999999999738e-01 5.176740599999999581e+00
3.464999999999999747e-01 5.207987300000000097e+00
3.474999999999999756e-01 5.238356600000000363e+00
3.484999999999999765e-01 5.267831400000000386e+00
3.494999999999999774e-01 5.296394699999999567e+00
3.504999999999999782e-01 5.324030099999999877e+00
3.514999999999999791e-01 5.350721700000000247e+00
3.524999999999999800e-01 5.376454200000000405e+00
3.534999999999999809e-01 5.401212499999999750e+00
3.544999999999999818e-01 5.424982400000000204e+00
3.554999999999999827e-01 5.447749899999999812e+00
3.564999999999999836e-01 5.469501900000000028e+00
3.574999999999999845e-01 5.490225599999999595e+00
3.584999999999999853e-01 5.509908900000000109e+00
3.594999999999999862e-01 5.528540200000000127e+00
3.604999999999999871e-01 5.546108699999999558e+00
3.614999999999999880e-01 5.562603900000000046e+00
3.624999999999999889e-01 5.578016299999999816e+00
3.634999999999999898e-01 5.592336699999999716e+00
3.644999999999999907e-01 5.605556700000000170e+00
3.654999999999999916e-01 5.617668600000000012e+00
3.664999999999999925e-01 5.628665299999999760e+00
3.674999999999999933e-01 5.638540199999999558e+00
3.684999999999999942e-01 5.647287699999999688e+00
3.694999999999999951e-01 5.654902700000000060e+00
3.704999999999999960e-01 5.661380600000000207e+00
3.714999999999999969e-01 5.666717900000000085e+00
3.724999999999999978e-01 5.670911499999999883e+00
3.734999999999999987e-01 5.673958899999999694e+00
3.744999999999999996e-01 5.675858700000000034e+00
3.755000000000000004e-01 5.676609799999999595e+00
3.765000000000000013e-01 5.676211900000000199e+00
3.775000000000000022e-01 5.674665599999999976e+00
3.785000000000000031e-01 5.671971899999999955e+00
3.795000000000000040e-01 5.668132800000000415e+00
3.805000000000000049e-01 5.663150599999999812e+00
3.815000000000000058e-01 5.657028699999999688e+00
3.825000000000000067e-01 5.649770900000000040e+00
3.835000000000000075e-01 5.641381899999999838e+00
3.845000000000000084e-01 5.631866800000000062e+00
3.855000000000000093e-01 5.621231700000000053e+00
3.865000000000000102e-01 5.609483100000000277e+00
3.875000000000000111e-01 5.596628299999999889e+00
3.885000000000000120e-01 5.582675300000000007e+00
3.895000000000000129e-01 5.567632500000000206e+00
3.905000000000000138e-01 5.551509199999999922e+00
3.915000000000000147e-01 5.534315199999999990e+00
3.925000000000000155e-01 5.516060999999999659e+00
3.935000000000000164e-01 5.496757500000000185e+00
3.945000000000000173e-01 5.476416399999999740e+00
3.955000000000000182e-01 5.455049999999999955e+00
3.965000000000000191e-01 5.432670899999999747e+00
3.975000000000000200e-01 5.409292699999999954e+00
3.985000000000000209e-01 5.384929099999999913e+00
3.995000000000000218e-01 5.359594500000000039e+00
4.005000000000000226e-01 5.333304000000000045e+00
4.015000000000000235e-01 5.306072999999999595e+00
4.025000000000000244e-01 5.277917300000000367e+00
4.035000000000000253e-01 5.248853399999999780e+00
4.045000000000000262e-01 5.218898099999999651e+00
4.055000000000000271e-01 5.188068799999999925e+00
4.064999999999999725e-01 5.156383100000000219e+00
4.074999999999999734e-01 5.123859200000000058e+00
4.084999999999999742e-01 5.090515500000000415e+00
4.094999999999999751e-01 5.056371000000000393e+00
4.104999999999999760e-01 5.021444800000000264e+00
4.114999999999999769e-01 4.985756600000000205e+00
4.124999999999999778e-01 4.949326300000000067e+00
4.134999999999999787e-01 4.912174000000000262e+00
4.144999999999999796e-01 4.874320100000000267e+00
4.154999999999999805e-01 4.835785500000000070e+00
4.164999999999999813e-01 4.796591099999999663e+00
4.174999999999999822e-01 4.756757999999999598e+00
4.184999999999999831e-01 4.716307699999999770e+00
4.194999999999999840e-01 4.675261800000000356e+00
4.204999999999999849e-01 4.633642000000000039e+00
4.214999999999999858e-01 4.591470300000000115e+00
4.224999999999999867e-01 4.548768599999999829e+00
4.234999999999999876e-01 4.505558999999999870e+00
4.244999999999999885e-01 4.461863899999999994e+00
4.254999999999999893e-01 4.417705599999999677e+00
4.264999999999999902e-01 4.373106299999999891e+00
4.274999999999999911e-01 4.328088600000000064e+00
4.284999999999999920e-01 4.282674700000000279e+00
4.294999999999999929e-01 4.236887199999999964e+00
4.304999999999999938e-01 4.190748400000000373e+00
4.314999999999999947e-01 4.144280600000000092e+00
4.324999999999999956e-01 4.097506300000000046e+00
4.334999999999999964e-01 4.050447600000000037e+00
4.344999999999999973e-01 4.003126599999999868e+00
4.354999999999999982e-01 3.955565500000000068e+00
4.364999999999999991e-01 3.907786100000000040e+00
4.375000000000000000e-01 3.859810200000000080e+00
4.385000000000000009e-01 3.811659500000000200e+00
4.395000000000000018e-01 3.763355400000000017e+00
4.405000000000000027e-01 3.714919200000000199e+00
4.415000000000000036e-01 3.666371999999999964e+00
4.425000000000000044e-01 3.617734700000000192e+00
4.435000000000000053e-01 3.569027900000000031e+00
4.445000000000000062e-01 3.520271999999999846e+00
4.455000000000000071e-01 3.471487100000000048e+00
4.465000000000000080e-01 3.422693199999999880e+00
4.475000000000000089e-01 3.373909900000000128e+00
4.485000000000000098e-01 3.325156499999999848e+00
4.495000000000000107e-01 3.276452100000000200e+00
4.505000000000000115e-01 3.227815200000000218e+00
4.515000000000000124e-01 3.179264499999999938e+00
4.525000000000000133e-01 3.130817799999999984e+00
4.535000000000000142e-01 3.082492900000000091e+00
4.545000000000000151e-01 3.034307300000000041e+00
4.555000000000000160e-01 2.986277799999999871e+00
4.565000000000000169e-01 2.938421299999999903e+00
4.575000000000000178e-01 2.890753899999999987e+00
4.585000000000000187e-01 2.843291600000000141e+00
4.595000000000000195e-01 2.796049800000000030e+00
4.605000000000000204e-01 2.749043799999999926e+00
4.615000000000000213e-01 2.702288100000000082e+00
4.625000000000000222e-01 2.655797300000000138e+00
4.635000000000000231e-01 2.609585099999999880e+00
4.645000000000000240e-01 2.563665100000000141e+00
4.655000000000000249e-01 2.518050399999999911e+00
4.665000000000000258e-01 2.472753599999999885e+00
4.675000000000000266e-01 2.427787100000000198e+00
4.685000000000000275e-01 2.383162599999999909e+00
4.694999999999999729e-01 2.338891700000000018e+00
4.704999999999999738e-01 2.294985099999999889e+00
4.714999999999999747e-01 2.251453699999999891e+00
4.724999999999999756e-01 2.208307399999999809e+00
4.734999999999999765e-01 2.165555900000000200e+00
4.744999999999999774e-01 2.123208700000000171e+00
4.754999999999999782e-01 2.081274599999999975e+00
4.764999999999999791e-01 2.039761899999999795e+00
4.774999999999999800e-01 1.998678699999999919e+00
4.784999999999999809e-01 1.958032699999999959e+00
4.794999999999999818e-01 1.917831099999999900e+00
4.804999999999999827e-01 1.878080500000000042e+00
4.814999999999999836e-01 1.838787399999999961e+00
4.824999999999999845e-01 1.799957699999999994e+00
4.834999999999999853e-01 1.761597000000000079e+00
4.844999999999999862e-01 1.723710499999999923e+00
4.854999999999999871e-01 1.686302900000000049e+00
4.864999999999999880e-01 1.649378599999999917e+00
4.874999999999999889e-01 1.612941600000000086e+00
4.884999999999999898e-01 1.576995600000000053e+00
4.894999999999999907e-01 1.541543700000000072e+00
4.904999999999999916e-01 1.506588800000000061e+00
4.914999999999999925e-01 1.472133600000000042e+00
4.924999999999999933e-01 1.438180000000000014e+00
4.934999999999999942e-01 1.404730000000000034e+00
4.944999999999999951e-01 1.371785000000000032e+00
4.954999999999999960e-01 1.339346099999999984e+00
4.964999999999999969e-01 1.307414199999999971e+00
4.974999999999999978e-01 1.275989800000000063e+00
4.984999999999999987e-01 1.245072900000000038e+00
4.994999999999999996e-01 1.214663599999999954e+00
5.004999999999999449e-01 1.184761399999999965e+00
5.014999999999999458e-01 1.155365500000000045e+00
5.024999999999999467e-01 1.126474999999999893e+00
5.034999999999999476e-01 1.098088600000000081e+00
5.044999999999999485e-01 1.070204799999999956e+00
5.054999999999999494e-01 1.042821699999999963e+00
5.064999999999999503e-01 1.015937300000000043e+00
5.074999999999999512e-01 9.895492999999999650e-01
5.084999999999999520e-01 9.636552000000000451e-01
5.094999999999999529e-01 9.382521999999999807e-01
5.104999999999999538e-01 9.133373999999999659e-01
5.114999999999999547e-01 8.889076000000000199e-01
5.124999999999999556e-01 8.649594000000000449e-01
5.134999999999999565e-01 8.414892000000000483e-01
5.144999999999999574e-01 8.184932999999999792e-01
5.154999999999999583e-01 7.959678000000000031e-01
5.164999999999999591e-01 7.739084000000000518e-01
5.174999999999999600e-01 7.523109999999999520e-01
5.184999999999999609e-01 7.311710999999999627e-01
5.194999999999999618e-01 7.104842000000000102e-01
5.204999999999999627e-01 6.902456000000000147e-01
5.214999999999999636e-01 6.704503000000000545e-01
5.224999999999999645e-01 6.510934999999999917e-01
5.234999999999999654e-01 6.321700999999999571e-01
5.244999999999999662e-01 6.136749000000000231e-01
5.254999999999999671e-01 5.956025000000000347e-01
5.264999999999999680e-01 5.779476999999999531e-01
5.274999999999999689e-01 5.607050000000000090e-01
5.284999999999999698e-01 5.438686999999999827e-01
5.294999999999999707e-01 5.274334000000000522e-01
5.304999999999999716e-01 5.113933000000000506e-01
5.314999999999999725e-01 4.957425999999999777e-01
5.324999999999999734e-01 4.804756000000000027e-01
5.334999999999999742e-01 4.655864000000000114e-01
5.344999999999999751e-01 4.510691000000000006e-01
5.354999999999999760e-01 4.369178000000000228e-01
5.364999999999999769e-01 4.231266000000000194e-01
5.374999999999999778e-01 4.096894999999999842e-01
5.384999999999999787e-01 3.966004000000000196e-01
5.394999999999999796e-01 3.838534000000000113e-01
5.404999999999999805e-01 3.714425000000000088e-01
5.414999999999999813e-01 3.593616000000000033e-01
5.424999999999999822e-01 3.476046999999999887e-01
5.434999999999999831e-01 3.361658000000000146e-01
5.444999999999999840e-01 3.250389000000000195e-01
5.454999999999999849e-01 3.142179999999999973e-01
5.464999999999999858e-01 3.036970999999999976e-01
5.474999999999999867e-01 2.934704000000000201e-01
5.484999999999999876e-01 2.835318000000000005e-01
5.494999999999999885e-01 2.738755999999999968e-01
5.504999999999999893e-01 2.644958000000000031e-01
5.514999999999999902e-01 2.553866000000000192e-01
5.524999999999999911e-01 2.465422999999999920e-01
5.534999999999999920e-01 2.379571000000000047e-01
5.544999999999999929e-01 2.296254000000000073e-01
5.554999999999999938e-01 2.215416000000000052e-01
5.564999999999999947e-01 2.136998999999999982e-01
5.574999999999999956e-01 2.060951000000000033e-01
5.584999999999999964e-01 1.987213999999999925e-01
5.594999999999999973e-01 1.915737000000000134e-01
5.604999999999999982e-01 1.846464999999999912e-01
5.614999999999999991e-01 1.779344999999999954e-01
5.625000000000000000e-01 1.714324999999999877e-01
5.635000000000000009e-01 1.651353999999999878e-01
5.645000000000000018e-01 1.590381999999999907e-01
5.655000000000000027e-01 1.531357000000000135e-01
5.665000000000000036e-01 1.474231000000000014e-01
5.675000000000000044e-01 1.418955000000000077e-01
5.685000000000000053e-01 1.365482000000000085e-01
5.695000000000000062e-01 1.313763000000000014e-01
5.705000000000000071e-01 1.263752999999999960e-01
5.715000000000000080e-01 1.215405999999999986e-01
5.725000000000000089e-01 1.168677000000000049e-01
5.735000000000000098e-01 1.123521999999999993e-01
5.745000000000000107e-01 1.079898999999999998e-01
5.755000000000000115e-01 1.037763000000000019e-01
5.765000000000000124e-01 9.970740000000000158e-02
5.775000000000000133e-01 9.577910000000000590e-02
5.785000000000000142e-01 9.198739999999999695e-02
5.795000000000000151e-01 8.832829999999999848e-02
5.805000000000000160e-01 8.479789999999999550e-02
5.815000000000000169e-01 8.139259999999999551e-02
5.825000000000000178e-01 7.810849999999999738e-02
5.835000000000000187e-01 7.494209999999999761e-02
5.845000000000000195e-01 7.188980000000000370e-02
5.855000000000000204e-01 6.894820000000000115e-02
5.865000000000000213e-01 6.611390000000000322e-02
5.875000000000000222e-01 6.338359999999999828e-02
5.885000000000000231e-01 6.075389999999999957e-02
5.895000000000000240e-01 5.822190000000000004e-02
5.905000000000000249e-01 5.578430000000000194e-02
5.915000000000000258e-01 5.343830000000000108e-02
5.925000000000000266e-01 5.118070000000000258e-02
5.935000000000000275e-01 4.900890000000000107e-02
5.945000000000000284e-01 4.691990000000000050e-02
5.955000000000000293e-01 4.491099999999999953e-02
5.965000000000000302e-01 4.297970000000000262e-02
5.975000000000000311e-01 4.112330000000000152e-02
5.985000000000000320e-01 3.933919999999999778e-02
5.995000000000000329e-01 3.762519999999999754e-02
6.005000000000000338e-01 3.597870000000000235e-02
6.015000000000000346e-01 3.439740000000000159e-02
6.025000000000000355e-01 3.287910000000000138e-02
6.035000000000000364e-01 3.142169999999999686e-02
6.045000000000000373e-01 3.002290000000000167e-02
6.055000000000000382e-01 2.868060000000000054e-02
6.065000000000000391e-01 2.739300000000000068e-02
6.075000000000000400e-01 2.615800000000000070e-02
6.085000000000000409e-01 2.497380000000000086e-02
6.095000000000000417e-01 2.383839999999999917e-02
6.105000000000000426e-01 2.275009999999999880e-02
6.115000000000000435e-01 2.170729999999999882e-02
6.125000000000000444e-01 2.070810000000000012e-02
6.135000000000000453e-01 1.975110000000000060e-02
6.145000000000000462e-01 1.883450000000000055e-02
6.155000000000000471e-01 1.795690000000000133e-02
6.165000000000000480e-01 1.711680000000000146e-02
6.175000000000000488e-01 1.631279999999999883e-02
6.185000000000000497e-01 1.554350000000000002e-02
6.195000000000000506e-01 1.480749999999999948e-02
6.205000000000000515e-01 1.410360000000000086e-02
6.215000000000000524e-01 1.343049999999999973e-02
6.225000000000000533e-01 1.278699999999999976e-02
6.235000000000000542e-01 1.217189999999999939e-02
6.245000000000000551e-01 1.158409999999999995e-02
6.254999999999999449e-01 1.102249999999999931e-02
6.264999999999999458e-01 1.048609999999999993e-02
6.274999999999999467e-01 9.973700000000000274e-03
6.284999999999999476e-01 9.484599999999999281e-03
6.294999999999999485e-01 9.017600000000000615e-03
6.304999999999999494e-01 8.571999999999999759e-03
6.314999999999999503e-01 8.146699999999999775e-03
6.324999999999999512e-01 7.741099999999999891e-03
6.334999999999999520e-01 7.354099999999999700e-03
6.344999999999999529e-01 6.985100000000000163e-03
6.354999999999999538e-01 6.633400000000000234e-03
6.364999999999999547e-01 6.298100000000000052e-03
6.374999999999999556e-01 5.978500000000000307e-03
6.384999999999999565e-01 5.674099999999999630e-03
6.394999999999999574e-01 5.384100000000000170e-03
6.404999999999999583e-01 5.107800000000000014e-03
6.414999999999999591e-01 4.844900000000000075e-03
6.424999999999999600e-01 4.594499999999999626e-03
6.434999999999999609e-01 4.356200000000000176e-03
6.444999999999999618e-01 4.129500000000000358e-03
6.454999999999999627e-01 3.913699999999999991e-03
6.464999999999999636e-01 3.708599999999999831e-03
6.474999999999999645e-01 3.513399999999999856e-03
6.484999999999999654e-01 3.327899999999999955e-03
6.494999999999999662e-01 3.151600000000000061e-03
6.504999999999999671e-01 2.984000000000000107e-03
6.514999999999999680e-01 2.824800000000000141e-03
6.524999999999999689e-01 2.673500000000000095e-03
6.534999999999999698e-01 2.529800000000000017e-03
6.544999999999999707e-01 2.393399999999999955e-03
6.554999999999999716e-01 2.263900000000000114e-03
6.564999999999999725e-01 2.140899999999999834e-03
6.574999999999999734e-01 2.024300000000000144e-03
6.584999999999999742e-01 1.913599999999999893e-03
6.594999999999999751e-01 1.808600000000000051e-03
6.604999999999999760e-01 1.709100000000000072e-03
6.614999999999999769e-01 1.614699999999999946e-03
6.624999999999999778e-01 1.525199999999999993e-03
6.634999999999999787e-01 1.440400000000000100e-03
6.644999999999999796e-01 1.360000000000000098e-03
6.654999999999999805e-01 1.283800000000000089e-03
6.664999999999999813e-01 1.211700000000000017e-03
6.674999999999999822e-01 1.143399999999999929e-03
6.684999999999999831e-01 1.078799999999999985e-03
6.694999999999999840e-01 1.017600000000000015e-03
6.704999999999999849e-01 9.596999999999999628e-04
6.714999999999999858e-01 9.049000000000000403e-04
6.724999999999999867e-01 8.530000000000000256e-04
6.734999999999999876e-01 8.040000000000000271e-04
6.744999999999999885e-01 7.575999999999999835e-04
6.754999999999999893e-01 7.138000000000000031e-04
6.764999999999999902e-01 6.723999999999999725e-04
6.774999999999999911e-01 6.331999999999999955e-04
6.784999999999999920e-01 5.961999999999999635e-04
6.794999999999999929e-01 5.613000000000000368e-04
6.804999999999999938e-01 5.282999999999999936e-04
6.814999999999999947e-01 4.970999999999999941e-04
6.824999999999999956e-01 4.676999999999999842e-04
6.834999999999999964e-01 4.400000000000000157e-04
6.844999999999999973e-01 4.137999999999999751e-04
6.854999999999999982e-01 3.891000000000000253e-04
6.864999999999999991e-01 3.658000000000000010e-04
6.875000000000000000e-01 3.438000000000000084e-04
6.885000000000000009e-01 3.230999999999999931e-04
6.895000000000000018e-01 3.035000000000000046e-04
6.905000000000000027e-01 2.850999999999999910e-04
6.915000000000000036e-01 2.678000000000000042e-04
6.925000000000000044e-01 2.513999999999999850e-04
6.935000000000000053e-01 2.359999999999999902e-04
6.945000000000000062e-01 2.214999999999999901e-04
6.955000000000000071e-01 2.079000000000000119e-04
6.965000000000000080e-01 1.950999999999999989e-04
6.975000000000000089e-01 1.830000000000000029e-04
6.985000000000000098e-01 1.715999999999999969e-04
6.995000000000000107e-01 1.609000000000000079e-04
7.005000000000000115e-01 1.509000000000000087e-04
7.015000000000000124e-01 1.413999999999999947e-04
7.025000000000000133e-01 1.324999999999999952e-04
7.035000000000000142e-01 1.241000000000000078e-04
7.045000000000000151e-01 1.162999999999999944e-04
7.055000000000000160e-01 1.089000000000000043e-04
7.065000000000000169e-01 1.019999999999999992e-04
7.075000000000000178e-01 9.550000000000000383e-05
7.085000000000000187e-01 8.940000000000000464e-05
7.095000000000000195e-01 8.359999999999999918e-05
7.105000000000000204e-01 7.820000000000000345e-05
7.115000000000000213e-01 7.320000000000000389e-05
7.125000000000000222e-01 6.849999999999999806e-05
7.135000000000000231e-01 6.399999999999999710e-05
7.145000000000000240e-01 5.979999999999999666e-05
7.155000000000000249e-01 5.589999999999999673e-05
7.165000000000000258e-01 5.229999999999999732e-05
7.175000000000000266e-01 4.880000000000000033e-05
7.185000000000000275e-01 4.559999999999999709e-05
7.195000000000000284e-01 4.259999999999999871e-05
7.205000000000000293e-01 3.979999999999999841e-05
7.215000000000000302e-01 3.710000000000000054e-05
7.225000000000000311e-01 3.470000000000000319e-05
7.235000000000000320e-01 3.240000000000000150e-05
7.245000000000000329e-01 3.019999999999999885e-05
7.255000000000000338e-01 2.820000000000000105e-05
7.265000000000000346e-01 2.629999999999999892e-05
7.275000000000000355e-01 2.449999999999999921e-05
7.285000000000000364e-01 2.279999999999999854e-05
7.295000000000000373e-01 2.129999999999999935e-05
7.305000000000000382e-01 1.980000000000000016e-05
7.315000000000000391e-01 1.849999999999999906e-05
7.325000000000000400e-01 1.720000000000000134e-05
7.335000000000000409e-01 1.599999999999999928e-05
7.345000000000000417e-01 1.489999999999999964e-05
7.355000000000000426e-01 1.390000000000000075e-05
7.365000000000000435e-01 1.290000000000000016e-05
7.375000000000000444e-01 1.200000000000000030e-05
7.385000000000000453e-01 1.119999999999999949e-05
7.395000000000000462e-01 1.040000000000000038e-05
7.405000000000000471e-01 9.700000000000000302e-06
7.415000000000000480e-01 9.000000000000000228e-06
7.425000000000000488e-01 8.399999999999999196e-06
7.435000000000000497e-01 7.799999999999999859e-06
7.445000000000000506e-01 7.199999999999999674e-06
7.455000000000000515e-01 6.700000000000000226e-06
7.465000000000000524e-01 6.199999999999999931e-06
7.475000000000000533e-01 5.800000000000000373e-06
7.485000000000000542e-01 5.399999999999999967e-06
7.495000000000000551e-01 5.000000000000000409e-06
7.504999999999999449e-01 4.600000000000000004e-06
7.514999999999999458e-01 4.300000000000000335e-06
7.524999999999999467e-01 3.999999999999999819e-06
7.534999999999999476e-01 3.700000000000000150e-06
7.544999999999999485e-01 3.400000000000000058e-06
7.554999999999999494e-01 3.199999999999999855e-06
7.564999999999999503e-01 3.000000000000000076e-06
7.574999999999999512e-01 2.699999999999999984e-06
7.584999999999999520e-01 2.500000000000000205e-06
7.594999999999999529e-01 2.399999999999999891e-06
7.604999999999999538e-01 2.200000000000000112e-06
7.614999999999999547e-01 1.999999999999999909e-06
7.624999999999999556e-01 1.900000000000000020e-06
7.634999999999999565e-01 1.700000000000000029e-06
7.644999999999999574e-01 1.599999999999999928e-06
7.654999999999999583e-01 1.500000000000000038e-06
7.664999999999999591e-01 1.399999999999999937e-06
7.674999999999999600e-01 1.300000000000000047e-06
7.684999999999999609e-01 1.199999999999999946e-06
7.694999999999999618e-01 1.100000000000000056e-06
7.704999999999999627e-01 9.999999999999999547e-07
7.714999999999999636e-01 8.999999999999999593e-07
7.724999999999999645e-01 8.999999999999999593e-07
7.734999999999999654e-01 7.999999999999999638e-07
7.744999999999999662e-01 6.999999999999999683e-07
7.754999999999999671e-01 6.999999999999999683e-07
7.764999999999999680e-01 5.999999999999999728e-07
7.774999999999999689e-01 5.999999999999999728e-07
7.784999999999999698e-01 4.999999999999999774e-07
7.794999999999999707e-01 4.999999999999999774e-07
7.804999999999999716e-01 4.999999999999999774e-07
7.814999999999999725e-01 3.999999999999999819e-07
7.824999999999999734e-01 3.999999999999999819e-07
7.834999999999999742e-01 3.999999999999999819e-07
7.844999999999999751e-01 2.999999999999999864e-07
7.854999999999999760e-01 2.999999999999999864e-07
7.864999999999999769e-01 2.999999999999999864e-07
7.874999999999999778e-01 2.999999999999999864e-07
7.884999999999999787e-01 1.999999999999999909e-07
7.894999999999999796e-01 1.999999999999999909e-07
7.904999999999999805e-01 1.999999999999999909e-07
7.914999999999999813e-01 1.999999999999999909e-07
7.924999999999999822e-01 1.999999999999999909e-07
7.934999999999999831e-01 1.999999999999999909e-07
7.944999999999999840e-01 9.999999999999999547e-08
7.954999999999999849e-01 9.999999999999999547e-08
7.964999999999999858e-01 9.999999999999999547e-08
7.974999999999999867e-01 9.999999999999999547e-08
7.984999999999999876e-01 9.999999999999999547e-08
7.994999999999999885e-01 9.999999999999999547e-08
8.004999999999999893e-01 9.999999999999999547e-08
8.014999999999999902e-01 9.999999999999999547e-08
8.024999999999999911e-01 9.999999999999999547e-08
8.034999999999999920e-01 9.999999999999999547e-08
8.044999999999999929e-01 9.999999999999999547e-08
8.054999999999999938e-01 9.999999999999999547e-08
8.064999999999999947e-01 9.999999999999999547e-08
8.074999999999999956e-01 0.000000000000000000e+00
8.084999999999999964e-01 0.000000000000000000e+00
8.094999999999999973e-01 0.000000000000000000e+00
8.104999999999999982e-01 0.000000000000000000e+00
8.114999999999999991e-01 0.000000000000000000e+00
8.125000000000000000e-01 0.000000000000000000e+00
8.135000000000000009e-01 0.000000000000000000e+00
8.145000000000000018e-01 0.000000000000000000e+00
8.155000000000000027e-01 0.000000000000000000e+00
8.165000000000000036e-01 0.000000000000000000e+00
8.175000000000000044e-01 0.000000000000000000e+00
8.185000000000000053e-01 0.000000000000000000e+00
8.195000000000000062e-01 0.000000000000000000e+00
8.205000000000000071e-01 0.000000000000000000e+00
8.215000000000000080e-01 0.000000000000000000e+00
8.225000000000000089e-01 0.000000000000000000e+00
8.235000000000000098e-01 0.000000000000000000e+00
8.245000000000000107e-01 0.000000000000000000e+00
8.255000000000000115e-01 0.000000000000000000e+00
8.265000000000000124e-01 0.000000000000000000e+00
8.275000000000000133e-01 0.000000000000000000e+00
8.285000000000000142e-01 0.000000000000000000e+00
8.295000000000000151e-01 0.000000000000000000e+00
8.305000000000000160e-01 0.000000000000000000e+00
8.315000000000000169e-01 0.000000000000000000e+00
8.325000000000000178e-01 0.000000000000000000e+00
8.335000000000000187e-01 0.000000000000000000e+00
8.345000000000000195e-01 0.000000000000000000e+00
8.355000000000000204e-01 0.000000000000000000e+00
8.365000000000000213e-01 0.000000000000000000e+00
8.375000000000000222e-01 0.000000000000000000e+00
8.385000000000000231e-01 0.000000000000000000e+00
8.395000000000000240e-01 0.000000000000000000e+00
8.405000000000000249e-01 0.000000000000000000e+00
8.415000000000000258e-01 0.000000000000000000e+00
8.425000000000000266e-01 0.000000000000000000e+00
8.435000000000000275e-01 0.000000000000000000e+00
8.445000000000000284e-01 0.000000000000000000e+00
8.455000000000000293e-01 0.000000000000000000e+00
8.465000000000000302e-01 0.000000000000000000e+00
8.475000000000000311e-01 0.000000000000000000e+00
8.485000000000000320e-01 0.000000000000000000e+00
8.495000000000000329e-01 0.000000000000000000e+00
8.505000000000000338e-01 0.000000000000000000e+00
8.515000000000000346e-01 0.000000000000000000e+00
8.525000000000000355e-01 0.000000000000000000e+00
8.535000000000000364e-01 0.000000000000000000e+00
8.545000000000000373e-01 0.000000000000000000e+00
8.555000000000000382e-01 0.000000000000000000e+00
8.565000000000000391e-01 0.000000000000000000e+00
8.575000000000000400e-01 0.000000000000000000e+00
8.585000000000000409e-01 0.000000000000000000e+00
8.595000000000000417e-01 0.000000000000000000e+00
8.605000000000000426e-01 0.000000000000000000e+00
8.615000000000000435e-01 0.000000000000000000e+00
8.625000000000000444e-01 0.000000000000000000e+00
8.635000000000000453e-01 0.000000000000000000e+00
8.645000000000000462e-01 0.000000000000000000e+00
8.655000000000000471e-01 0.000000000000000000e+00
8.665000000000000480e-01 0.000000000000000000e+00
8.675000000000000488e-01 0.000000000000000000e+00
8.685000000000000497e-01 0.000000000000000000e+00
8.695000000000000506e-01 0.000000000000000000e+00
8.705000000000000515e-01 0.000000000000000000e+00
8.715000000000000524e-01 0.000000000000000000e+00
8.725000000000000533e-01 0.000000000000000000e+00
8.735000000000000542e-01 0.000000000000000000e+00
8.745000000000000551e-01 0.000000000000000000e+00
8.754999999999999449e-01 0.000000000000000000e+00
8.764999999999999458e-01 0.000000000000000000e+00
8.774999999999999467e-01 0.000000000000000000e+00
8.784999999999999476e-01 0.000000000000000000e+00
8.794999999999999485e-01 0.000000000000000000e+00
8.804999999999999494e-01 0.000000000000000000e+00
8.814999999999999503e-01 0.000000000000000000e+00
8.824999999999999512e-01 0.000000000000000000e+00
8.834999999999999520e-01 0.000000000000000000e+00
8.844999999999999529e-01 0.000000000000000000e+00
8.854999999999999538e-01 0.000000000000000000e+00
8.864999999999999547e-01 0.000000000000000000e+00
8.874999999999999556e-01 0.000000000000000000e+00
8.884999999999999565e-01 0.000000000000000000e+00
8.894999999999999574e-01 0.000000000000000000e+00
8.904999999999999583e-01 0.000000000000000000e+00
8.914999999999999591e-01 0.000000000000000000e+00
8.924999999999999600e-01 0.000000000000000000e+00
8.934999999999999609e-01 0.000000000000000000e+00
8.944999999999999618e-01 0.000000000000000000e+00
8.954999999999999627e-01 0.000000000000000000e+00
8.964999999999999636e-01 0.000000000000000000e+00
8.974999999999999645e-01 0.000000000000000000e+00
8.984999999999999654e-01 0.000000000000000000e+00
8.994999999999999662e-01 0.000000000000000000e+00
9.004999999999999671e-01 0.000000000000000000e+00
9.014999999999999680e-01 0.000000000000000000e+00
9.024999999999999689e-01 0.000000000000000000e+00
9.034999999999999698e-01 0.000000000000000000e+00
9.044999999999999707e-01 0.000000000000000000e+00
9.054999999999999716e-01 0.000000000000000000e+00
9.064999999999999725e-01 0.000000000000000000e+00
9.074999999999999734e-01 0.000000000000000000e+00
9.084999999999999742e-01 0.000000000000000000e+00
9.094999999999999751e-01 0.000000000000000000e+00
9.104999999999999760e-01 0.000000000000000000e+00
9.114999999999999769e-01 0.000000000000000000e+00
9.124999999999999778e-01 0.000000000000000000e+00
9.134999999999999787e-01 0.000000000000000000e+00
9.144999999999999796e-01 0.000000000000000000e+00
9.154999999999999805e-01 0.000000000000000000e+00
9.164999999999999813e-01 0.000000000000000000e+00
9.174999999999999822e-01 0.000000000000000000e+00
9.184999999999999831e-01 0.000000000000000000e+00
9.194999999999999840e-01 0.000000000000000000e+00
9.204999999999999849e-01 0.000000000000000000e+00
9.214999999999999858e-01 0.000000000000000000e+00
9.224999999999999867e-01 0.000000000000000000e+00
9.234999999999999876e-01 0.000000000000000000e+00
9.244999999999999885e-01 0.000000000000000000e+00
9.254999999999999893e-01 0.000000000000000000e+00
9.264999999999999902e-01 0.000000000000000000e+00
9.274999999999999911e-01 0.000000000000000000e+00
9.284999999999999920e-01 0.000000000000000000e+00
9.294999999999999929e-01 0.000000000000000000e+00
9.304999999999999938e-01 0.000000000000000000e+00
9.314999999999999947e-01 0.000000000000000000e+00
9.324999999999999956e-01 0.000000000000000000e+00
9.334999999999999964e-01 0.000000000000000000e+00
9.344999999999999973e-01 0.000000000000000000e+00
9.354999999999999982e-01 0.000000000000000000e+00
9.364999999999999991e-01 0.000000000000000000e+00
9.375000000000000000e-01 0.000000000000000000e+00
9.385000000000000009e-01 0.000000000000000000e+00
9.395000000000000018e-01 0.000000000000000000e+00
9.405000000000000027e-01 0.000000000000000000e+00
9.415000000000000036e-01 0.000000000000000000e+00
9.425000000000000044e-01 0.000000000000000000e+00
9.435000000000000053e-01 0.000000000000000000e+00
9.445000000000000062e-01 0.000000000000000000e+00
9.455000000000000071e-01 0.000000000000000000e+00
9.465000000000000080e-01 0.000000000000000000e+00
9.475000000000000089e-01 0.000000000000000000e+00
9.485000000000000098e-01 0.000000000000000000e+00
9.495000000000000107e-01 0.000000000000000000e+00
9.505000000000000115e-01 0.000000000000000000e+00
9.515000000000000124e-01 0.000000000000000000e+00
9.525000000000000133e-01 0.000000000000000000e+00
9.535000000000000142e-01 0.000000000000000000e+00
9.545000000000000151e-01 0.000000000000000000e+00
9.555000000000000160e-01 0.000000000000000000e+00
9.565000000000000169e-01 0.000000000000000000e+00
9.575000000000000178e-01 0.000000000000000000e+00
9.585000000000000187e-01 0.000000000000000000e+00
9.595000000000000195e-01 0.000000000000000000e+00
9.605000000000000204e-01 0.000000000000000000e+00
9.615000000000000213e-01 0.000000000000000000e+00
9.625000000000000222e-01 0.000000000000000000e+00
9.635000000000000231e-01 0.000000000000000000e+00
9.645000000000000240e-01 0.000000000000000000e+00
9.655000000000000249e-01 0.000000000000000000e+00
9.665000000000000258e-01 0.000000000000000000e+00
9.675000000000000266e-01 0.000000000000000000e+00
9.685000000000000275e-01 0.000000000000000000e+00
9.695000000000000284e-01 0.000000000000000000e+00
9.705000000000000293e-01 0.000000000000000000e+00
9.715000000000000302e-01 0.000000000000000000e+00
9.725000000000000311e-01 0.000000000000000000e+00
9.735000000000000320e-01 0.000000000000000000e+00
9.745000000000000329e-01 0.000000000000000000e+00
9.755000000000000338e-01 0.000000000000000000e+00
9.765000000000000346e-01 0.000000000000000000e+00
9.775000000000000355e-01 0.000000000000000000e+00
9.785000000000000364e-01 0.000000000000000000e+00
9.795000000000000373e-01 0.000000000000000000e+00
9.805000000000000382e-01 0.000000000000000000e+00
9.815000000000000391e-01 0.000000000000000000e+00
9.825000000000000400e-01 0.000000000000000000e+00
9.835000000000000409e-01 0.000000000000000000e+00
9.845000000000000417e-01 0.000000000000000000e+00
9.855000000000000426e-01 0.000000000000000000e+00
9.865000000000000435e-01 0.000000000000000000e+00
9.875000000000000444e-01 0.000000000000000000e+00
9.885000000000000453e-01 0.000000000000000000e+00
9.895000000000000462e-01 0.000000000000000000e+00
9.905000000000000471e-01 0.000000000000000000e+00
9.915000000000000480e-01 0.000000000000000000e+00
9.925000000000000488e-01 0.000000000000000000e+00
9.935000000000000497e-01 0.000000000000000000e+00
9.945000000000000506e-01 0.000000000000000000e+00
9.955000000000000515e-01 0.000000000000000000e+00
9.965000000000000524e-01 0.000000000000000000e+00
9.975000000000000533e-01 0.000000000000000000e+00
9.985000000000000542e-01 0.000000000000000000e+00
9.995000000000000551e-01 0.000000000000000000e+00
