5.000000000000000104e-04 4.619999999999999812e-05
1.500000000000000031e-03 4.970000000000000188e-05
2.500000000000000052e-03 5.339999999999999695e-05
3.500000000000000073e-03 5.739999999999999931e-05
4.499999999999999660e-03 6.169999999999999541e-05
5.499999999999999681e-03 6.629999999999999880e-05
6.499999999999999702e-03 7.119999999999999593e-05
7.499999999999999722e-03 7.650000000000000279e-05
8.500000000000000611e-03 8.210000000000000338e-05
9.499999999999999764e-03 8.820000000000000257e-05
1.050000000000000065e-02 9.459999999999999551e-05
1.149999999999999981e-02 1.015000000000000006e-04
1.250000000000000069e-02 1.089000000000000043e-04
1.349999999999999985e-02 1.168000000000000066e-04
1.450000000000000074e-02 1.252000000000000075e-04
1.549999999999999989e-02 1.342000000000000094e-04
1.650000000000000078e-02 1.437999999999999988e-04
1.750000000000000167e-02 1.541000000000000052e-04
1.849999999999999908e-02 1.651000000000000015e-04
1.949999999999999997e-02 1.767999999999999878e-04
2.050000000000000086e-02 1.892999999999999934e-04
2.149999999999999828e-02 2.026999999999999939e-04
2.249999999999999917e-02 2.168999999999999867e-04
2.350000000000000006e-02 2.321000000000000038e-04
2.450000000000000094e-02 2.483000000000000181e-04
2.549999999999999836e-02 2.656000000000000049e-04
2.649999999999999925e-02 2.840000000000000185e-04
2.750000000000000014e-02 3.036000000000000070e-04
2.850000000000000103e-02 3.244999999999999729e-04
2.949999999999999845e-02 3.467000000000000247e-04
3.049999999999999933e-02 3.704000000000000044e-04
3.150000000000000022e-02 3.956000000000000206e-04
3.250000000000000111e-02 4.224000000000000215e-04
3.350000000000000200e-02 4.510000000000000120e-04
3.450000000000000289e-02 4.812999999999999895e-04
3.549999999999999684e-02 5.136000000000000157e-04
3.649999999999999772e-02 5.479000000000000363e-04
3.749999999999999861e-02 5.844000000000000019e-04
3.849999999999999950e-02 6.231999999999999693e-04
3.950000000000000039e-02 6.643999999999999949e-04
4.050000000000000128e-02 7.081999999999999754e-04
4.150000000000000216e-02 7.546999999999999672e-04
4.250000000000000305e-02 8.040000000000000271e-04
4.349999999999999700e-02 8.563999999999999998e-04
4.449999999999999789e-02 9.120000000000000502e-04
4.549999999999999878e-02 9.709000000000000182e-04
4.649999999999999967e-02 1.033499999999999914e-03
4.750000000000000056e-02 1.099799999999999953e-03
4.850000000000000144e-02 1.170100000000000090e-03
4.950000000000000233e-02 1.244600000000000003e-03
5.050000000000000322e-02 1.323600000000000080e-03
5.149999999999999717e-02 1.407199999999999944e-03
5.249999999999999806e-02 1.495800000000000038e-03
5.349999999999999895e-02 1.589600000000000041e-03
5.449999999999999983e-02 1.688999999999999963e-03
5.550000000000000072e-02 1.794100000000000078e-03
5.650000000000000161e-02 1.905299999999999962e-03
5.750000000000000250e-02 2.023000000000000059e-03
5.850000000000000339e-02 2.147399999999999830e-03
5.949999999999999734e-02 2.279000000000000210e-03
6.049999999999999822e-02 2.418000000000000010e-03
6.149999999999999911e-02 2.565000000000000006e-03
6.250000000000000000e-02 2.720300000000000148e-03
6.350000000000000089e-02 2.884400000000000071e-03
6.450000000000000178e-02 3.057600000000000161e-03
6.550000000000000266e-02 3.240499999999999891e-03
6.650000000000000355e-02 3.433600000000000194e-03
6.750000000000000444e-02 3.637399999999999835e-03
6.850000000000000533e-02 3.852400000000000182e-03
6.950000000000000622e-02 4.079099999999999566e-03
7.049999999999999323e-02 4.318200000000000337e-03
7.149999999999999412e-02 4.570300000000000230e-03
7.249999999999999500e-02 4.836100000000000294e-03
7.349999999999999589e-02 5.116100000000000161e-03
7.449999999999999678e-02 5.411100000000000285e-03
7.549999999999999767e-02 5.721799999999999976e-03
7.649999999999999856e-02 6.048900000000000284e-03
7.749999999999999944e-02 6.393399999999999604e-03
7.850000000000000033e-02 6.755899999999999579e-03
7.950000000000000122e-02 7.137300000000000068e-03
8.050000000000000211e-02 7.538600000000000335e-03
8.150000000000000300e-02 7.960599999999999968e-03
8.250000000000000389e-02 8.404399999999999371e-03
8.350000000000000477e-02 8.870799999999999866e-03
8.450000000000000566e-02 9.361100000000000670e-03
8.550000000000000655e-02 9.876100000000000503e-03
8.649999999999999356e-02 1.041719999999999972e-02
8.749999999999999445e-02 1.098539999999999933e-02
8.849999999999999534e-02 1.158200000000000028e-02
8.949999999999999623e-02 1.220830000000000005e-02
9.049999999999999711e-02 1.286540000000000079e-02
9.149999999999999800e-02 1.355489999999999993e-02
9.249999999999999889e-02 1.427810000000000017e-02
9.349999999999999978e-02 1.503649999999999952e-02
9.450000000000000067e-02 1.583160000000000123e-02
9.550000000000000155e-02 1.666489999999999985e-02
9.650000000000000244e-02 1.753820000000000032e-02
9.750000000000000333e-02 1.845300000000000065e-02
9.850000000000000422e-02 1.941119999999999998e-02
9.950000000000000511e-02 2.041449999999999862e-02
1.005000000000000060e-01 2.146469999999999975e-02
1.015000000000000069e-01 2.256400000000000072e-02
1.024999999999999939e-01 2.371409999999999837e-02
1.034999999999999948e-01 2.491729999999999987e-02
1.044999999999999957e-01 2.617550000000000085e-02
1.054999999999999966e-01 2.749110000000000095e-02
1.064999999999999974e-01 2.886630000000000099e-02
1.074999999999999983e-01 3.030350000000000057e-02
1.084999999999999992e-01 3.180499999999999994e-02
1.095000000000000001e-01 3.337339999999999751e-02
1.105000000000000010e-01 3.501119999999999927e-02
1.115000000000000019e-01 3.672099999999999670e-02
1.125000000000000028e-01 3.850569999999999687e-02
1.135000000000000037e-01 4.036809999999999704e-02
1.145000000000000046e-01 4.231089999999999851e-02
1.155000000000000054e-01 4.433730000000000310e-02
1.165000000000000063e-01 4.645019999999999705e-02
1.174999999999999933e-01 4.865280000000000299e-02
1.184999999999999942e-01 5.094839999999999786e-02
1.194999999999999951e-01 5.334019999999999734e-02
1.204999999999999960e-01 5.583180000000000087e-02
1.214999999999999969e-01 5.842660000000000214e-02
1.224999999999999978e-01 6.112820000000000059e-02
1.234999999999999987e-01 6.394030000000000546e-02
1.244999999999999996e-01 6.686670000000000114e-02
1.255000000000000004e-01 6.991120000000000667e-02
1.265000000000000013e-01 7.307800000000000407e-02
1.275000000000000022e-01 7.637090000000000545e-02
1.285000000000000031e-01 7.979429999999999856e-02
1.295000000000000040e-01 8.335239999999999316e-02
1.305000000000000049e-01 8.704950000000000188e-02
1.315000000000000058e-01 9.089020000000000432e-02
1.325000000000000067e-01 9.487890000000000212e-02
1.335000000000000075e-01 9.902049999999999741e-02
1.345000000000000084e-01 1.033194999999999947e-01
1.355000000000000093e-01 1.077810000000000018e-01
1.365000000000000102e-01 1.124098000000000042e-01
1.375000000000000111e-01 1.172110999999999986e-01
1.385000000000000120e-01 1.221899000000000041e-01
1.395000000000000129e-01 1.273516000000000092e-01
1.405000000000000138e-01 1.327016000000000029e-01
1.414999999999999869e-01 1.382452000000000125e-01
1.424999999999999878e-01 1.439880000000000049e-01
1.434999999999999887e-01 1.499358000000000080e-01
1.444999999999999896e-01 1.560941000000000134e-01
1.454999999999999905e-01 1.624688999999999994e-01
1.464999999999999913e-01 1.690660999999999969e-01
1.474999999999999922e-01 1.758917000000000119e-01
1.484999999999999931e-01 1.829517999999999978e-01
1.494999999999999940e-01 1.902524999999999911e-01
1.504999999999999949e-01 1.978002000000000093e-01
1.514999999999999958e-01 2.056012999999999868e-01
1.524999999999999967e-01 2.136619999999999908e-01
1.534999999999999976e-01 2.219889999999999919e-01
1.544999999999999984e-01 2.305888000000000104e-01
1.554999999999999993e-01 2.394680999999999893e-01
1.565000000000000002e-01 2.486336000000000102e-01
1.575000000000000011e-01 2.580919999999999881e-01
1.585000000000000020e-01 2.678501999999999827e-01
1.595000000000000029e-01 2.779151000000000260e-01
1.605000000000000038e-01 2.882935999999999832e-01
1.615000000000000047e-01 2.989927000000000001e-01
1.625000000000000056e-01 3.100195000000000034e-01
1.635000000000000064e-01 3.213809999999999722e-01
1.645000000000000073e-01 3.330842999999999998e-01
1.655000000000000082e-01 3.451365000000000127e-01
1.665000000000000091e-01 3.575448999999999988e-01
1.675000000000000100e-01 3.703164999999999929e-01
1.685000000000000109e-01 3.834584999999999799e-01
1.695000000000000118e-01 3.969781000000000004e-01
1.705000000000000127e-01 4.108824999999999839e-01
1.715000000000000135e-01 4.251788000000000234e-01
1.724999999999999867e-01 4.398742999999999959e-01
1.734999999999999876e-01 4.549759999999999915e-01
1.744999999999999885e-01 4.704909999999999926e-01
1.754999999999999893e-01 4.864264999999999839e-01
1.764999999999999902e-01 5.027894000000000529e-01
1.774999999999999911e-01 5.195866000000000096e-01
1.784999999999999920e-01 5.368252000000000024e-01
1.794999999999999929e-01 5.545118999999999465e-01
1.804999999999999938e-01 5.726535000000000375e-01
1.814999999999999947e-01 5.912566999999999684e-01
1.824999999999999956e-01 6.103281000000000400e-01
1.834999999999999964e-01 6.298740999999999923e-01
1.844999999999999973e-01 6.499011999999999567e-01
1.854999999999999982e-01 6.704155000000000530e-01
1.864999999999999991e-01 6.914232000000000156e-01
1.875000000000000000e-01 7.129301999999999584e-01
1.885000000000000009e-01 7.349425000000000541e-01
1.895000000000000018e-01 7.574655999999999612e-01
1.905000000000000027e-01 7.805050999999999517e-01
1.915000000000000036e-01 8.040661999999999532e-01
1.925000000000000044e-01 8.281541999999999515e-01
1.935000000000000053e-01 8.527738999999999736e-01
1.945000000000000062e-01 8.779301000000000466e-01
1.955000000000000071e-01 9.036271999999999638e-01
1.965000000000000080e-01 9.298695999999999628e-01
1.975000000000000089e-01 9.566611999999999894e-01
1.985000000000000098e-01 9.840058999999999889e-01
1.995000000000000107e-01 1.011907099999999948e+00
2.005000000000000115e-01 1.040368200000000076e+00
2.015000000000000124e-01 1.069391999999999898e+00
2.025000000000000133e-01 1.098981200000000102e+00
2.034999999999999865e-01 1.129138100000000033e+00
2.044999999999999873e-01 1.159864900000000087e+00
2.054999999999999882e-01 1.191163299999999925e+00
2.064999999999999891e-01 1.223034600000000083e+00
2.074999999999999900e-01 1.255479800000000035e+00
2.084999999999999909e-01 1.288499800000000084e+00
2.094999999999999918e-01 1.322094700000000067e+00
2.104999999999999927e-01 1.356264499999999984e+00
2.114999999999999936e-01 1.391008800000000045e+00
2.124999999999999944e-01 1.426326699999999947e+00
2.134999999999999953e-01 1.462217099999999936e+00
2.144999999999999962e-01 1.498678200000000071e+00
2.154999999999999971e-01 1.535708000000000073e+00
2.164999999999999980e-01 1.573304000000000036e+00
2.174999999999999989e-01 1.611463300000000043e+00
2.184999999999999998e-01 1.650182400000000049e+00
2.195000000000000007e-01 1.689457599999999893e+00
2.205000000000000016e-01 1.729284499999999891e+00
2.215000000000000024e-01 1.769658399999999965e+00
2.225000000000000033e-01 1.810574099999999964e+00
2.235000000000000042e-01 1.852025800000000055e+00
2.245000000000000051e-01 1.894007400000000008e+00
2.255000000000000060e-01 1.936512000000000011e+00
2.265000000000000069e-01 1.979532700000000034e+00
2.275000000000000078e-01 2.023061499999999846e+00
2.285000000000000087e-01 2.067090499999999942e+00
2.295000000000000095e-01 2.111610799999999788e+00
2.305000000000000104e-01 2.156613300000000066e+00
2.315000000000000113e-01 2.202088199999999940e+00
2.325000000000000122e-01 2.248025199999999835e+00
2.335000000000000131e-01 2.294413699999999778e+00
2.344999999999999862e-01 2.341242199999999940e+00
2.354999999999999871e-01 2.388499100000000208e+00
2.364999999999999880e-01 2.436172000000000004e+00
2.374999999999999889e-01 2.484248099999999848e+00
2.384999999999999898e-01 2.532713900000000073e+00
2.394999999999999907e-01 2.581555700000000009e+00
2.404999999999999916e-01 2.630758999999999848e+00
2.414999999999999925e-01 2.680308899999999994e+00
2.424999999999999933e-01 2.730190100000000175e+00
2.434999999999999942e-01 2.780386500000000094e+00
2.444999999999999951e-01 2.830881900000000062e+00
2.454999999999999960e-01 2.881659299999999924e+00
2.464999999999999969e-01 2.932701300000000177e+00
2.474999999999999978e-01 2.983989999999999920e+00
2.484999999999999987e-01 3.035507200000000072e+00
2.494999999999999996e-01 3.087233900000000197e+00
2.505000000000000004e-01 3.139151099999999861e+00
2.515000000000000013e-01 3.191238799999999820e+00
2.525000000000000022e-01 3.243477099999999780e+00
2.535000000000000031e-01 3.295845400000000147e+00
2.545000000000000040e-01 3.348322599999999927e+00
2.555000000000000049e-01 3.400887500000000063e+00
2.565000000000000058e-01 3.453518199999999982e+00
2.575000000000000067e-01 3.506192500000000045e+00
2.585000000000000075e-01 3.558888099999999888e+00
2.595000000000000084e-01 3.611581999999999848e+00
2.605000000000000093e-01 3.664251000000000147e+00
2.615000000000000102e-01 3.716871700000000001e+00
2.625000000000000111e-01 3.769420300000000168e+00
2.635000000000000120e-01 3.821872599999999842e+00
2.645000000000000129e-01 3.874204300000000156e+00
2.655000000000000138e-01 3.926390800000000070e+00
2.665000000000000147e-01 3.978407300000000202e+00
2.675000000000000155e-01 4.030228700000000330e+00
2.685000000000000164e-01 4.081829800000000397e+00
2.695000000000000173e-01 4.133185199999999782e+00
2.705000000000000182e-01 4.184269300000000413e+00
2.715000000000000191e-01 4.235056400000000387e+00
2.725000000000000200e-01 4.285520700000000183e+00
2.735000000000000209e-01 4.335636299999999999e+00
2.745000000000000218e-01 4.385377300000000034e+00
2.755000000000000226e-01 4.434717599999999926e+00
2.765000000000000235e-01 4.483631199999999595e+00
2.775000000000000244e-01 4.532091999999999565e+00
2.785000000000000253e-01 4.580073999999999756e+00
2.795000000000000262e-01 4.627551300000000367e+00
2.805000000000000271e-01 4.674497999999999820e+00
2.814999999999999725e-01 4.720888200000000090e+00
2.824999999999999734e-01 4.766696200000000161e+00
2.834999999999999742e-01 4.811896499999999577e+00
2.844999999999999751e-01 4.856463699999999939e+00
2.854999999999999760e-01 4.900372400000000184e+00
2.864999999999999769e-01 4.943597900000000323e+00
2.874999999999999778e-01 4.986115200000000414e+00
2.884999999999999787e-01 5.027899800000000141e+00
2.894999999999999796e-01 5.068927500000000030e+00
2.904999999999999805e-01 5.109174300000000279e+00
2.914999999999999813e-01 5.148616699999999824e+00
2.924999999999999822e-01 5.187231399999999937e+00
2.934999999999999831e-01 5.224995400000000068e+00
2.944999999999999840e-01 5.261886299999999572e+00
2.954999999999999849e-01 5.297882000000000424e+00
2.964999999999999858e-01 5.332960800000000390e+00
2.974999999999999867e-01 5.367101599999999806e+00
2.984999999999999876e-01 5.400283700000000131e+00
2.994999999999999885e-01 5.432486899999999785e+00
3.004999999999999893e-01 5.463691400000000087e+00
3.014999999999999902e-01 5.493878200000000156e+00
3.024999999999999911e-01 5.523028700000000235e+00
3.034999999999999920e-01 5.551124800000000192e+00
3.044999999999999929e-01 5.578149299999999755e+00
3.054999999999999938e-01 5.604085399999999773e+00
3.064999999999999947e-01 5.628916799999999832e+00
3.074999999999999956e-01 5.652628199999999659e+00
3.084999999999999964e-01 5.675204700000000102e+00
3.094999999999999973e-01 5.696632199999999813e+00
3.104999999999999982e-01 5.716897200000000012e+00
3.114999999999999991e-01 5.735987100000000005e+00
3.125000000000000000e-01 5.753889799999999610e+00
3.135000000000000009e-01 5.770594100000000282e+00
3.145000000000000018e-01 5.786089500000000108e+00
3.155000000000000027e-01 5.800366300000000308e+00
3.165000000000000036e-01 5.813415400000000233e+00
3.175000000000000044e-01 5.825228700000000259e+00
3.185000000000000053e-01 5.835798800000000064e+00
3.195000000000000062e-01 5.845119099999999790e+00
3.205000000000000071e-01 5.853183800000000048e+00
3.215000000000000080e-01 5.859987900000000138e+00
3.225000000000000089e-01 5.865527199999999830e+00
3.235000000000000098e-01 5.869798399999999639e+00
3.245000000000000107e-01 5.872798900000000266e+00
3.255000000000000115e-01 5.874527099999999891e+00
3.265000000000000124e-01 5.874982000000000149e+00
3.275000000000000133e-01 5.874163600000000152e+00
3.285000000000000142e-01 5.872072700000000367e+00
3.295000000000000151e-01 5.868710799999999672e+00
3.305000000000000160e-01 5.864080399999999749e+00
3.315000000000000169e-01 5.858184800000000081e+00
3.325000000000000178e-01 5.851028000000000340e+00
3.335000000000000187e-01 5.842614799999999775e+00
3.345000000000000195e-01 5.832951000000000441e+00
3.355000000000000204e-01 5.822043100000000138e+00
3.365000000000000213e-01 5.809898300000000404e+00
3.375000000000000222e-01 5.796524599999999694e+00
3.385000000000000231e-01 5.781931000000000154e+00
3.395000000000000240e-01 5.766127000000000002e+00
3.405000000000000249e-01 5.749122999999999983e+00
3.415000000000000258e-01 5.730930100000000138e+00
3.425000000000000266e-01 5.711560099999999807e+00
3.435000000000000275e-01 5.691025599999999685e+00
3.444999999999999729e-01 5.669339899999999766e+00
3.454999999999999738e-01 5.646516899999999950e+00
3.464999999999999747e-01 5.622571299999999717e+00
3.474999999999999756e-01 5.597518299999999947e+00
3.484999999999999765e-01 5.571373900000000212e+00
3.494999999999999774e-01 5.544154699999999991e+00
3.504999999999999782e-01 5.515877899999999556e+00
3.514999999999999791e-01 5.486561100000000302e+00
3.524999999999999800e-01 5.456222900000000209e+00
3.534999999999999809e-01 5.424882099999999596e+00
3.544999999999999818e-01 5.392558099999999577e+00
3.554999999999999827e-01 5.359270800000000001e+00
3.564999999999999836e-01 5.325040900000000299e+00
3.574999999999999845e-01 5.289889099999999900e+00
3.584999999999999853e-01 5.253836899999999588e+00
3.594999999999999862e-01 5.216905999999999821e+00
3.604999999999999871e-01 5.179118800000000356e+00
3.614999999999999880e-01 5.140497700000000059e+00
3.624999999999999889e-01 5.101065900000000042e+00
3.634999999999999898e-01 5.060846599999999640e+00
3.644999999999999907e-01 5.019863400000000198e+00
3.654999999999999916e-01 4.978140299999999741e+00
3.664999999999999925e-01 4.935701599999999800e+00
3.674999999999999933e-01 4.892571600000000132e+00
3.684999999999999942e-01 4.848774999999999835e+00
3.694999999999999951e-01 4.804336799999999741e+00
3.704999999999999960e-01 4.759282100000000071e+00
3.714999999999999969e-01 4.713636000000000159e+00
3.724999999999999978e-01 4.667423999999999573e+00
3.734999999999999987e-01 4.620671500000000265e+00
3.744999999999999996e-01 4.573404100000000305e+00
3.755000000000000004e-01 4.525647400000000431e+00
3.765000000000000013e-01 4.477427099999999882e+00
3.775000000000000022e-01 4.428768899999999675e+00
3.785000000000000031e-01 4.379698600000000219e+00
3.795000000000000040e-01 4.330241700000000193e+00
3.805000000000000049e-01 4.280423899999999726e+00
3.815000000000000058e-01 4.230270899999999834e+00
3.825000000000000067e-01 4.179807900000000132e+00
3.835000000000000075e-01 4.129060499999999578e+00
3.845000000000000084e-01 4.078053800000000173e+00
3.855000000000000093e-01 4.026812999999999754e+00
3.865000000000000102e-01 3.975362899999999922e+00
3.875000000000000111e-01 3.923728399999999894e+00
3.885000000000000120e-01 3.871933799999999870e+00
3.895000000000000129e-01 3.820003600000000166e+00
3.905000000000000138e-01 3.767961800000000139e+00
3.915000000000000147e-01 3.715832199999999919e+00
3.925000000000000155e-01 3.663638199999999845e+00
3.935000000000000164e-01 3.611403199999999813e+00
3.945000000000000173e-01 3.559150100000000094e+00
3.955000000000000182e-01 3.506901500000000116e+00
3.965000000000000191e-01 3.454679500000000125e+00
3.975000000000000200e-01 3.402506300000000206e+00
3.985000000000000209e-01 3.350403200000000137e+00
3.995000000000000218e-01 3.298391399999999862e+00
4.005000000000000226e-01 3.246491799999999817e+00
4.015000000000000235e-01 3.194724700000000084e+00
4.025000000000000244e-01 3.143110099999999907e+00
4.035000000000000253e-01 3.091667499999999791e+00
4.045000000000000262e-01 3.040416099999999844e+00
4.055000000000000271e-01 2.989374399999999987e+00
4.064999999999999725e-01 2.938560799999999862e+00
4.074999999999999734e-01 2.887992899999999974e+00
4.084999999999999742e-01 2.837688099999999825e+00
4.094999999999999751e-01 2.787663199999999897e+00
4.104999999999999760e-01 2.737934599999999996e+00
4.114999999999999769e-01 2.688518100000000022e+00
4.124999999999999778e-01 2.639429100000000084e+00
4.134999999999999787e-01 2.590682500000000221e+00
4.144999999999999796e-01 2.542292600000000125e+00
4.154999999999999805e-01 2.494273399999999974e+00
4.164999999999999813e-01 2.446638200000000207e+00
4.174999999999999822e-01 2.399399999999999977e+00
4.184999999999999831e-01 2.352571100000000026e+00
4.194999999999999840e-01 2.306163499999999811e+00
4.204999999999999849e-01 2.260188400000000097e+00
4.214999999999999858e-01 2.214656800000000203e+00
4.224999999999999867e-01 2.169579000000000146e+00
4.234999999999999876e-01 2.124964900000000156e+00
4.244999999999999885e-01 2.080823800000000112e+00
4.254999999999999893e-01 2.037164800000000220e+00
4.264999999999999902e-01 1.993996000000000102e+00
4.274999999999999911e-01 1.951325399999999988e+00
4.284999999999999920e-01 1.909160500000000038e+00
4.294999999999999929e-01 1.867508100000000004e+00
4.304999999999999938e-01 1.826374600000000070e+00
4.314999999999999947e-01 1.785766100000000023e+00
4.324999999999999956e-01 1.745687999999999906e+00
4.334999999999999964e-01 1.706145400000000034e+00
4.344999999999999973e-01 1.667142899999999983e+00
4.354999999999999982e-01 1.628684500000000090e+00
4.364999999999999991e-01 1.590774099999999969e+00
4.375000000000000000e-01 1.553414700000000037e+00
4.385000000000000009e-01 1.516609400000000107e+00
4.395000000000000018e-01 1.480360399999999910e+00
4.405000000000000027e-01 1.444669800000000004e+00
4.415000000000000036e-01 1.409539199999999992e+00
4.425000000000000044e-01 1.374969799999999909e+00
4.435000000000000053e-01 1.340962399999999999e+00
4.445000000000000062e-01 1.307517400000000052e+00
4.455000000000000071e-01 1.274634899999999904e+00
4.465000000000000080e-01 1.242314600000000047e+00
4.475000000000000089e-01 1.210555999999999965e+00
4.485000000000000098e-01 1.179357900000000070e+00
4.495000000000000107e-01 1.148719199999999940e+00
4.505000000000000115e-01 1.118638100000000080e+00
4.515000000000000124e-01 1.089112700000000045e+00
4.525000000000000133e-01 1.060140899999999942e+00
4.535000000000000142e-01 1.031719899999999912e+00
4.545000000000000151e-01 1.003847200000000051e+00
4.555000000000000160e-01 9.765194999999999848e-01
4.565000000000000169e-01 9.497335000000000083e-01
4.575000000000000178e-01 9.234856000000000176e-01
4.585000000000000187e-01 8.977720000000000145e-01
4.595000000000000195e-01 8.725886000000000475e-01
4.605000000000000204e-01 8.479311999999999960e-01
4.615000000000000213e-01 8.237951000000000024e-01
4.625000000000000222e-01 8.001757999999999926e-01
4.635000000000000231e-01 7.770681999999999867e-01
4.645000000000000240e-01 7.544674999999999576e-01
4.655000000000000249e-01 7.323682000000000247e-01
4.665000000000000258e-01 7.107649000000000328e-01
4.675000000000000266e-01 6.896522000000000485e-01
4.685000000000000275e-01 6.690243000000000162e-01
4.694999999999999729e-01 6.488753000000000437e-01
4.704999999999999738e-01 6.291993000000000169e-01
4.714999999999999747e-01 6.099902000000000379e-01
4.724999999999999756e-01 5.912416999999999812e-01
4.734999999999999765e-01 5.729476000000000013e-01
4.744999999999999774e-01 5.551015000000000255e-01
4.754999999999999782e-01 5.376969000000000332e-01
4.764999999999999791e-01 5.207273000000000041e-01
4.774999999999999800e-01 5.041860000000000230e-01
4.784999999999999809e-01 4.880664000000000113e-01
4.794999999999999818e-01 4.723616999999999955e-01
4.804999999999999827e-01 4.570651000000000019e-01
4.814999999999999836e-01 4.421699000000000046e-01
4.824999999999999845e-01 4.276692000000000271e-01
4.834999999999999853e-01 4.135559999999999792e-01
4.844999999999999862e-01 3.998237000000000041e-01
4.854999999999999871e-01 3.864651000000000058e-01
4.864999999999999880e-01 3.734735000000000138e-01
4.874999999999999889e-01 3.608418999999999932e-01
4.884999999999999898e-01 3.485634000000000232e-01
4.894999999999999907e-01 3.366312000000000193e-01
4.904999999999999916e-01 3.250384000000000051e-01
4.914999999999999925e-01 3.137781000000000042e-01
4.924999999999999933e-01 3.028435999999999906e-01
4.934999999999999942e-01 2.922278999999999849e-01
4.944999999999999951e-01 2.819245000000000223e-01
4.954999999999999960e-01 2.719266000000000183e-01
4.964999999999999969e-01 2.622275000000000023e-01
4.974999999999999978e-01 2.528206000000000064e-01
4.984999999999999987e-01 2.436994000000000105e-01
4.994999999999999996e-01 2.348572999999999911e-01
5.004999999999999449e-01 2.262879999999999892e-01
5.014999999999999458e-01 2.179850999999999872e-01
5.024999999999999467e-01 2.099420999999999926e-01
5.034999999999999476e-01 2.021529999999999994e-01
5.044999999999999485e-01 1.946114999999999928e-01
5.054999999999999494e-01 1.873115999999999948e-01
5.064999999999999503e-01 1.802471999999999963e-01
5.074999999999999512e-01 1.734123999999999943e-01
5.084999999999999520e-01 1.668013000000000134e-01
5.094999999999999529e-01 1.604080999999999979e-01
5.104999999999999538e-01 1.542273000000000116e-01
5.114999999999999547e-01 1.482530999999999988e-01
5.124999999999999556e-01 1.424799999999999955e-01
5.134999999999999565e-01 1.369026999999999883e-01
5.144999999999999574e-01 1.315157999999999883e-01
5.154999999999999583e-01 1.263140000000000096e-01
5.164999999999999591e-01 1.212920999999999999e-01
5.174999999999999600e-01 1.164451999999999987e-01
5.184999999999999609e-01 1.117681999999999981e-01
5.194999999999999618e-01 1.072562999999999989e-01
5.204999999999999627e-01 1.029047000000000017e-01
5.214999999999999636e-01 9.870869999999999644e-02
5.224999999999999645e-01 9.466360000000000052e-02
5.234999999999999654e-01 9.076499999999999846e-02
5.244999999999999662e-01 8.700850000000000251e-02
5.254999999999999671e-01 8.338980000000000004e-02
5.264999999999999680e-01 7.990460000000000618e-02
5.274999999999999689e-01 7.654869999999999730e-02
5.284999999999999698e-01 7.331830000000000291e-02
5.294999999999999707e-01 7.020930000000000226e-02
5.304999999999999716e-01 6.721779999999999422e-02
5.314999999999999725e-01 6.434009999999999729e-02
5.324999999999999734e-01 6.157250000000000223e-02
5.334999999999999742e-01 5.891149999999999859e-02
5.344999999999999751e-01 5.635350000000000081e-02
5.354999999999999760e-01 5.389510000000000134e-02
5.364999999999999769e-01 5.153300000000000242e-02
5.374999999999999778e-01 4.926400000000000223e-02
5.384999999999999787e-01 4.708480000000000304e-02
5.394999999999999796e-01 4.499260000000000065e-02
5.404999999999999805e-01 4.298409999999999731e-02
5.414999999999999813e-01 4.105659999999999865e-02
5.424999999999999822e-01 3.920719999999999761e-02
5.434999999999999831e-01 3.743309999999999693e-02
5.444999999999999840e-01 3.573169999999999819e-02
5.454999999999999849e-01 3.410040000000000293e-02
5.464999999999999858e-01 3.253670000000000173e-02
5.474999999999999867e-01 3.103809999999999902e-02
5.484999999999999876e-01 2.960219999999999865e-02
5.494999999999999885e-01 2.822670000000000040e-02
5.504999999999999893e-01 2.690949999999999939e-02
5.514999999999999902e-01 2.564819999999999947e-02
5.524999999999999911e-01 2.444090000000000151e-02
5.534999999999999920e-01 2.328550000000000064e-02
5.544999999999999929e-01 2.217989999999999892e-02
5.554999999999999938e-01 2.112239999999999951e-02
5.564999999999999947e-01 2.011100000000000040e-02
5.574999999999999956e-01 1.914400000000000129e-02
5.584999999999999964e-01 1.821959999999999899e-02
5.594999999999999973e-01 1.733619999999999953e-02
5.604999999999999982e-01 1.649199999999999972e-02
5.614999999999999991e-01 1.568570000000000034e-02
5.625000000000000000e-01 1.491559999999999934e-02
5.635000000000000009e-01 1.418029999999999985e-02
5.645000000000000018e-01 1.347839999999999976e-02
5.655000000000000027e-01 1.280850000000000044e-02
5.665000000000000036e-01 1.216929999999999922e-02
5.675000000000000044e-01 1.155950000000000033e-02
5.685000000000000053e-01 1.097799999999999991e-02
5.695000000000000062e-01 1.042350000000000047e-02
5.705000000000000071e-01 9.894899999999999876e-03
5.715000000000000080e-01 9.391200000000000589e-03
5.725000000000000089e-01 8.911099999999999924e-03
5.735000000000000098e-01 8.453799999999999162e-03
5.745000000000000107e-01 8.018300000000000774e-03
5.755000000000000115e-01 7.603600000000000289e-03
5.765000000000000124e-01 7.208799999999999583e-03
5.775000000000000133e-01 6.833099999999999938e-03
5.785000000000000142e-01 6.475500000000000353e-03
5.795000000000000151e-01 6.135400000000000055e-03
5.805000000000000160e-01 5.811900000000000052e-03
5.815000000000000169e-01 5.504300000000000165e-03
5.825000000000000178e-01 5.211799999999999940e-03
5.835000000000000187e-01 4.933899999999999744e-03
5.845000000000000195e-01 4.669699999999999719e-03
5.855000000000000204e-01 4.418799999999999638e-03
5.865000000000000213e-01 4.180500000000000188e-03
5.875000000000000222e-01 3.954199999999999729e-03
5.885000000000000231e-01 3.739300000000000089e-03
5.895000000000000240e-01 3.535400000000000174e-03
5.905000000000000249e-01 3.341799999999999805e-03
5.915000000000000258e-01 3.158199999999999896e-03
5.925000000000000266e-01 2.984099999999999947e-03
5.935000000000000275e-01 2.818900000000000051e-03
5.945000000000000284e-01 2.662299999999999823e-03
5.955000000000000293e-01 2.513899999999999902e-03
5.965000000000000302e-01 2.373300000000000062e-03
5.975000000000000311e-01 2.239999999999999804e-03
5.985000000000000320e-01 2.113799999999999880e-03
5.995000000000000329e-01 1.994300000000000066e-03
6.005000000000000338e-01 1.881099999999999916e-03
6.015000000000000346e-01 1.773999999999999969e-03
6.025000000000000355e-01 1.672599999999999998e-03
6.035000000000000364e-01 1.576700000000000107e-03
6.045000000000000373e-01 1.485900000000000068e-03
6.055000000000000382e-01 1.400100000000000042e-03
6.065000000000000391e-01 1.319000000000000077e-03
6.075000000000000400e-01 1.242199999999999945e-03
6.085000000000000409e-01 1.169799999999999920e-03
6.095000000000000417e-01 1.101299999999999935e-03
6.105000000000000426e-01 1.036500000000000095e-03
6.115000000000000435e-01 9.753999999999999650e-04
6.125000000000000444e-01 9.177000000000000261e-04
6.135000000000000453e-01 8.633000000000000049e-04
6.145000000000000462e-01 8.117999999999999999e-04
6.155000000000000471e-01 7.632999999999999594e-04
6.165000000000000480e-01 7.175999999999999870e-04
6.175000000000000488e-01 6.744000000000000212e-04
6.185000000000000497e-01 6.336999999999999534e-04
6.195000000000000506e-01 5.952999999999999958e-04
6.205000000000000515e-01 5.590999999999999833e-04
6.215000000000000524e-01 5.251000000000000242e-04
6.225000000000000533e-01 4.929000000000000005e-04
6.235000000000000542e-01 4.627000000000000253e-04
6.245000000000000551e-01 4.341999999999999831e-04
6.254999999999999449e-01 4.073999999999999822e-04
6.264999999999999458e-01 3.821000000000000178e-04
6.274999999999999467e-01 3.583999999999999838e-04
6.284999999999999476e-01 3.359999999999999814e-04
6.294999999999999485e-01 3.150000000000000131e-04
6.304999999999999494e-01 2.952000000000000197e-04
6.314999999999999503e-01 2.767000000000000037e-04
6.324999999999999512e-01 2.592000000000000120e-04
6.334999999999999520e-01 2.427999999999999928e-04
6.344999999999999529e-01 2.272999999999999955e-04
6.354999999999999538e-01 2.127999999999999955e-04
6.364999999999999547e-01 1.991999999999999901e-04
6.374999999999999556e-01 1.864000000000000043e-04
6.384999999999999565e-01 1.744000000000000107e-04
6.394999999999999574e-01 1.632000000000000096e-04
6.404999999999999583e-01 1.525999999999999958e-04
6.414999999999999591e-01 1.426999999999999992e-04
6.424999999999999600e-01 1.333999999999999899e-04
6.434999999999999609e-01 1.246999999999999953e-04
6.444999999999999618e-01 1.164999999999999993e-04
6.454999999999999627e-01 1.088000000000000019e-04
6.464999999999999636e-01 1.017000000000000055e-04
6.474999999999999645e-01 9.490000000000000280e-05
6.484999999999999654e-01 8.859999999999999874e-05
6.494999999999999662e-01 8.270000000000000441e-05
6.504999999999999671e-01 7.720000000000000625e-05
6.514999999999999680e-01 7.210000000000000425e-05
6.524999999999999689e-01 6.719999999999999357e-05
6.534999999999999698e-01 6.270000000000000616e-05
6.544999999999999707e-01 5.849999999999999894e-05
6.554999999999999716e-01 5.450000000000000336e-05
6.564999999999999725e-01 5.080000000000000151e-05
6.574999999999999734e-01 4.729999999999999775e-05
6.584999999999999742e-01 4.410000000000000129e-05
6.594999999999999751e-01 4.110000000000000290e-05
6.604999999999999760e-01 3.820000000000000018e-05
6.614999999999999769e-01 3.559999999999999797e-05
6.624999999999999778e-01 3.309999999999999818e-05
6.634999999999999787e-01 3.080000000000000326e-05
6.644999999999999796e-01 2.869999999999999965e-05
6.654999999999999805e-01 2.669999999999999847e-05
6.664999999999999813e-01 2.479999999999999972e-05
6.674999999999999822e-01 2.309999999999999906e-05
6.684999999999999831e-01 2.150000000000000083e-05
6.694999999999999840e-01 2.000000000000000164e-05
6.704999999999999849e-01 1.849999999999999906e-05
6.714999999999999858e-01 1.720000000000000134e-05
6.724999999999999867e-01 1.599999999999999928e-05
6.734999999999999876e-01 1.489999999999999964e-05
6.744999999999999885e-01 1.380000000000000001e-05
6.754999999999999893e-01 1.279999999999999942e-05
6.764999999999999902e-01 1.189999999999999957e-05
6.774999999999999911e-01 1.099999999999999971e-05
6.784999999999999920e-01 1.020000000000000060e-05
6.794999999999999929e-01 9.500000000000000523e-06
6.804999999999999938e-01 8.800000000000000449e-06
6.814999999999999947e-01 8.199999999999999417e-06
6.824999999999999956e-01 7.600000000000000080e-06
6.834999999999999964e-01 6.999999999999999895e-06
6.844999999999999973e-01 6.499999999999999600e-06
6.854999999999999982e-01 6.000000000000000152e-06
6.864999999999999991e-01 5.599999999999999747e-06
6.875000000000000000e-01 5.200000000000000188e-06
6.885000000000000009e-01 4.799999999999999783e-06
6.895000000000000018e-01 4.400000000000000224e-06
6.905000000000000027e-01 4.099999999999999709e-06
6.915000000000000036e-01 3.800000000000000040e-06
6.925000000000000044e-01 3.499999999999999947e-06
6.935000000000000053e-01 3.199999999999999855e-06
6.945000000000000062e-01 3.000000000000000076e-06
6.955000000000000071e-01 2.799999999999999873e-06
6.965000000000000080e-01 2.600000000000000094e-06
6.975000000000000089e-01 2.399999999999999891e-06
6.985000000000000098e-01 2.200000000000000112e-06
6.995000000000000107e-01 1.999999999999999909e-06
7.005000000000000115e-01 1.900000000000000020e-06
7.015000000000000124e-01 1.700000000000000029e-06
7.025000000000000133e-01 1.599999999999999928e-06
7.035000000000000142e-01 1.500000000000000038e-06
7.045000000000000151e-01 1.300000000000000047e-06
7.055000000000000160e-01 1.199999999999999946e-06
7.065000000000000169e-01 1.100000000000000056e-06
7.075000000000000178e-01 1.100000000000000056e-06
7.085000000000000187e-01 9.999999999999999547e-07
7.095000000000000195e-01 8.999999999999999593e-07
7.105000000000000204e-01 7.999999999999999638e-07
7.115000000000000213e-01 7.999999999999999638e-07
7.125000000000000222e-01 6.999999999999999683e-07
7.135000000000000231e-01 5.999999999999999728e-07
7.145000000000000240e-01 5.999999999999999728e-07
7.155000000000000249e-01 4.999999999999999774e-07
7.165000000000000258e-01 4.999999999999999774e-07
7.175000000000000266e-01 4.999999999999999774e-07
7.185000000000000275e-01 3.999999999999999819e-07
7.195000000000000284e-01 3.999999999999999819e-07
7.205000000000000293e-01 3.999999999999999819e-07
7.215000000000000302e-01 2.999999999999999864e-07
7.225000000000000311e-01 2.999999999999999864e-07
7.235000000000000320e-01 2.999999999999999864e-07
7.245000000000000329e-01 2.999999999999999864e-07
7.255000000000000338e-01 1.999999999999999909e-07
7.265000000000000346e-01 1.999999999999999909e-07
7.275000000000000355e-01 1.999999999999999909e-07
7.285000000000000364e-01 1.999999999999999909e-07
7.295000000000000373e-01 1.999999999999999909e-07
7.305000000000000382e-01 1.999999999999999909e-07
7.315000000000000391e-01 9.999999999999999547e-08
7.325000000000000400e-01 9.999999999999999547e-08
7.335000000000000409e-01 9.999999999999999547e-08
7.345000000000000417e-01 9.999999999999999547e-08
7.355000000000000426e-01 9.999999999999999547e-08
7.365000000000000435e-01 9.999999999999999547e-08
7.375000000000000444e-01 9.999999999999999547e-08
7.385000000000000453e-01 9.999999999999999547e-08
7.395000000000000462e-01 9.999999999999999547e-08
7.405000000000000471e-01 9.999999999999999547e-08
7.415000000000000480e-01 9.999999999999999547e-08
7.425000000000000488e-01 9.999999999999999547e-08
7.435000000000000497e-01 0.000000000000000000e+00
7.445000000000000506e-01 0.000000000000000000e+00
7.455000000000000515e-01 0.000000000000000000e+00
7.465000000000000524e-01 0.000000000000000000e+00
7.475000000000000533e-01 0.000000000000000000e+00
7.485000000000000542e-01 0.000000000000000000e+00
7.495000000000000551e-01 0.000000000000000000e+00
7.504999999999999449e-01 0.000000000000000000e+00
7.514999999999999458e-01 0.000000000000000000e+00
7.524999999999999467e-01 0.000000000000000000e+00
7.534999999999999476e-01 0.000000000000000000e+00
7.544999999999999485e-01 0.000000000000000000e+00
7.554999999999999494e-01 0.000000000000000000e+00
7.564999999999999503e-01 0.000000000000000000e+00
7.574999999999999512e-01 0.000000000000000000e+00
7.584999999999999520e-01 0.000000000000000000e+00
7.594999999999999529e-01 0.000000000000000000e+00
7.604999999999999538e-01 0.000000000000000000e+00
7.614999999999999547e-01 0.000000000000000000e+00
7.624999999999999556e-01 0.000000000000000000e+00
7.634999999999999565e-01 0.000000000000000000e+00
7.644999999999999574e-01 0.000000000000000000e+00
7.654999999999999583e-01 0.000000000000000000e+00
7.664999999999999591e-01 0.000000000000000000e+00
7.674999999999999600e-01 0.000000000000000000e+00
7.684999999999999609e-01 0.000000000000000000e+00
7.694999999999999618e-01 0.000000000000000000e+00
7.704999999999999627e-01 0.000000000000000000e+00
7.714999999999999636e-01 0.000000000000000000e+00
7.724999999999999645e-01 0.000000000000000000e+00
7.734999999999999654e-01 0.000000000000000000e+00
7.744999999999999662e-01 0.000000000000000000e+00
7.754999999999999671e-01 0.000000000000000000e+00
7.764999999999999680e-01 0.000000000000000000e+00
7.774999999999999689e-01 0.000000000000000000e+00
7.784999999999999698e-01 0.000000000000000000e+00
7.794999999999999707e-01 0.000000000000000000e+00
7.804999999999999716e-01 0.000000000000000000e+00
7.814999999999999725e-01 0.000000000000000000e+00
7.824999999999999734e-01 0.000000000000000000e+00
7.834999999999999742e-01 0.000000000000000000e+00
7.844999999999999751e-01 0.000000000000000000e+00
7.854999999999999760e-01 0.000000000000000000e+00
7.864999999999999769e-01 0.000000000000000000e+00
7.874999999999999778e-01 0.000000000000000000e+00
7.884999999999999787e-01 0.000000000000000000e+00
7.894999999999999796e-01 0.000000000000000000e+00
7.904999999999999805e-01 0.000000000000000000e+00
7.914999999999999813e-01 0.000000000000000000e+00
7.924999999999999822e-01 0.000000000000000000e+00
7.934999999999999831e-01 0.000000000000000000e+00
7.944999999999999840e-01 0.000000000000000000e+00
7.954999999999999849e-01 0.000000000000000000e+00
7.964999999999999858e-01 0.000000000000000000e+00
7.974999999999999867e-01 0.000000000000000000e+00
7.984999999999999876e-01 0.000000000000000000e+00
7.994999999999999885e-01 0.000000000000000000e+00
8.004999999999999893e-01 0.000000000000000000e+00
8.014999999999999902e-01 0.000000000000000000e+00
8.024999999999999911e-01 0.000000000000000000e+00
8.034999999999999920e-01 0.000000000000000000e+00
8.044999999999999929e-01 0.000000000000000000e+00
8.054999999999999938e-01 0.000000000000000000e+00
8.064999999999999947e-01 0.000000000000000000e+00
8.074999999999999956e-01 0.000000000000000000e+00
8.084999999999999964e-01 0.000000000000000000e+00
8.094999999999999973e-01 0.000000000000000000e+00
8.104999999999999982e-01 0.000000000000000000e+00
8.114999999999999991e-01 0.000000000000000000e+00
8.125000000000000000e-01 0.000000000000000000e+00
8.135000000000000009e-01 0.000000000000000000e+00
8.145000000000000018e-01 0.000000000000000000e+00
8.155000000000000027e-01 0.000000000000000000e+00
8.165000000000000036e-01 0.000000000000000000e+00
8.175000000000000044e-01 0.000000000000000000e+00
8.185000000000000053e-01 0.000000000000000000e+00
8.195000000000000062e-01 0.000000000000000000e+00
8.205000000000000071e-01 0.000000000000000000e+00
8.215000000000000080e-01 0.000000000000000000e+00
8.225000000000000089e-01 0.000000000000000000e+00
8.235000000000000098e-01 0.000000000000000000e+00
8.245000000000000107e-01 0.000000000000000000e+00
8.255000000000000115e-01 0.000000000000000000e+00
8.265000000000000124e-01 0.000000000000000000e+00
8.275000000000000133e-01 0.000000000000000000e+00
8.285000000000000142e-01 0.000000000000000000e+00
8.295000000000000151e-01 0.000000000000000000e+00
8.305000000000000160e-01 0.000000000000000000e+00
8.315000000000000169e-01 0.000000000000000000e+00
8.325000000000000178e-01 0.000000000000000000e+00
8.335000000000000187e-01 0.000000000000000000e+00
8.345000000000000195e-01 0.000000000000000000e+00
8.355000000000000204e-01 0.000000000000000000e+00
8.365000000000000213e-01 0.000000000000000000e+00
8.375000000000000222e-01 0.000000000000000000e+00
8.385000000000000231e-01 0.000000000000000000e+00
8.395000000000000240e-01 0.000000000000000000e+00
8.405000000000000249e-01 0.000000000000000000e+00
8.415000000000000258e-01 0.000000000000000000e+00
8.425000000000000266e-01 0.000000000000000000e+00
8.435000000000000275e-01 0.000000000000000000e+00
8.445000000000000284e-01 0.000000000000000000e+00
8.455000000000000293e-01 0.000000000000000000e+00
8.465000000000000302e-01 0.000000000000000000e+00
8.475000000000000311e-01 0.000000000000000000e+00
8.485000000000000320e-01 0.000000000000000000e+00
8.495000000000000329e-01 0.000000000000000000e+00
8.505000000000000338e-01 0.000000000000000000e+00
8.515000000000000346e-01 0.000000000000000000e+00
8.525000000000000355e-01 0.000000000000000000e+00
8.535000000000000364e-01 0.000000000000000000e+00
8.545000000000000373e-01 0.000000000000000000e+00
8.555000000000000382e-01 0.000000000000000000e+00
8.565000000000000391e-01 0.000000000000000000e+00
8.575000000000000400e-01 0.000000000000000000e+00
8.585000000000000409e-01 0.000000000000000000e+00
8.595000000000000417e-01 0.000000000000000000e+00
8.605000000000000426e-01 0.000000000000000000e+00
8.615000000000000435e-01 0.000000000000000000e+00
8.625000000000000444e-01 0.000000000000000000e+00
8.635000000000000453e-01 0.000000000000000000e+00
8.645000000000000462e-01 0.000000000000000000e+00
8.655000000000000471e-01 0.000000000000000000e+00
8.665000000000000480e-01 0.000000000000000000e+00
8.675000000000000488e-01 0.000000000000000000e+00
8.685000000000000497e-01 0.000000000000000000e+00
8.695000000000000506e-01 0.000000000000000000e+00
8.705000000000000515e-01 0.000000000000000000e+00
8.715000000000000524e-01 0.000000000000000000e+00
8.725000000000000533e-01 0.000000000000000000e+00
8.735000000000000542e-01 0.000000000000000000e+00
8.745000000000000551e-01 0.000000000000000000e+00
8.754999999999999449e-01 0.000000000000000000e+00
8.764999999999999458e-01 0.000000000000000000e+00
8.774999999999999467e-01 0.000000000000000000e+00
8.784999999999999476e-01 0.000000000000000000e+00
8.794999999999999485e-01 0.000000000000000000e+00
8.804999999999999494e-01 0.000000000000000000e+00
8.814999999999999503e-01 0.000000000000000000e+00
8.824999999999999512e-01 0.000000000000000000e+00
8.834999999999999520e-01 0.000000000000000000e+00
8.844999999999999529e-01 0.000000000000000000e+00
8.854999999999999538e-01 0.000000000000000000e+00
8.864999999999999547e-01 0.000000000000000000e+00
8.874999999999999556e-01 0.000000000000000000e+00
8.884999999999999565e-01 0.000000000000000000e+00
8.894999999999999574e-01 0.000000000000000000e+00
8.904999999999999583e-01 0.000000000000000000e+00
8.914999999999999591e-01 0.000000000000000000e+00
8.924999999999999600e-01 0.000000000000000000e+00
8.934999999999999609e-01 0.000000000000000000e+00
8.944999999999999618e-01 0.000000000000000000e+00
8.954999999999999627e-01 0.000000000000000000e+00
8.964999999999999636e-01 0.000000000000000000e+00
8.974999999999999645e-01 0.000000000000000000e+00
8.984999999999999654e-01 0.000000000000000000e+00
8.994999999999999662e-01 0.000000000000000000e+00
9.004999999999999671e-01 0.000000000000000000e+00
9.014999999999999680e-01 0.000000000000000000e+00
9.024999999999999689e-01 0.000000000000000000e+00
9.034999999999999698e-01 0.000000000000000000e+00
9.044999999999999707e-01 0.000000000000000000e+00
9.054999999999999716e-01 0.000000000000000000e+00
9.064999999999999725e-01 0.000000000000000000e+00
9.074999999999999734e-01 0.000000000000000000e+00
9.084999999999999742e-01 0.000000000000000000e+00
9.094999999999999751e-01 0.000000000000000000e+00
9.104999999999999760e-01 0.000000000000000000e+00
9.114999999999999769e-01 0.000000000000000000e+00
9.124999999999999778e-01 0.000000000000000000e+00
9.134999999999999787e-01 0.000000000000000000e+00
9.144999999999999796e-01 0.000000000000000000e+00
9.154999999999999805e-01 0.000000000000000000e+00
9.164999999999999813e-01 0.000000000000000000e+00
9.174999999999999822e-01 0.000000000000000000e+00
9.184999999999999831e-01 0.000000000000000000e+00
9.194999999999999840e-01 0.000000000000000000e+00
9.204999999999999849e-01 0.000000000000000000e+00
9.214999999999999858e-01 0.000000000000000000e+00
9.224999999999999867e-01 0.000000000000000000e+00
9.234999999999999876e-01 0.000000000000000000e+00
9.244999999999999885e-01 0.000000000000000000e+00
9.254999999999999893e-01 0.000000000000000000e+00
9.264999999999999902e-01 0.000000000000000000e+00
9.274999999999999911e-01 0.000000000000000000e+00
9.284999999999999920e-01 0.000000000000000000e+00
9.294999999999999929e-01 0.000000000000000000e+00
9.304999999999999938e-01 0.000000000000000000e+00
9.314999999999999947e-01 0.000000000000000000e+00
9.324999999999999956e-01 0.000000000000000000e+00
9.334999999999999964e-01 0.000000000000000000e+00
9.344999999999999973e-01 0.000000000000000000e+00
9.354999999999999982e-01 0.000000000000000000e+00
9.364999999999999991e-01 0.000000000000000000e+00
9.375000000000000000e-01 0.000000000000000000e+00
9.385000000000000009e-01 0.000000000000000000e+00
9.395000000000000018e-01 0.000000000000000000e+00
9.405000000000000027e-01 0.000000000000000000e+00
9.415000000000000036e-01 0.000000000000000000e+00
9.425000000000000044e-01 0.000000000000000000e+00
9.435000000000000053e-01 0.000000000000000000e+00
9.445000000000000062e-01 0.000000000000000000e+00
9.455000000000000071e-01 0.000000000000000000e+00
9.465000000000000080e-01 0.000000000000000000e+00
9.475000000000000089e-01 0.000000000000000000e+00
9.485000000000000098e-01 0.000000000000000000e+00
9.495000000000000107e-01 0.000000000000000000e+00
9.505000000000000115e-01 0.000000000000000000e+00
9.515000000000000124e-01 0.000000000000000000e+00
9.525000000000000133e-01 0.000000000000000000e+00
9.535000000000000142e-01 0.000000000000000000e+00
9.545000000000000151e-01 0.000000000000000000e+00
9.555000000000000160e-01 0.000000000000000000e+00
9.565000000000000169e-01 0.000000000000000000e+00
9.575000000000000178e-01 0.000000000000000000e+00
9.585000000000000187e-01 0.000000000000000000e+00
9.595000000000000195e-01 0.000000000000000000e+00
9.605000000000000204e-01 0.000000000000000000e+00
9.615000000000000213e-01 0.000000000000000000e+00
9.625000000000000222e-01 0.000000000000000000e+00
9.635000000000000231e-01 0.000000000000000000e+00
9.645000000000000240e-01 0.000000000000000000e+00
9.655000000000000249e-01 0.000000000000000000e+00
9.665000000000000258e-01 0.000000000000000000e+00
9.675000000000000266e-01 0.000000000000000000e+00
9.685000000000000275e-01 0.000000000000000000e+00
9.695000000000000284e-01 0.000000000000000000e+00
9.705000000000000293e-01 0.000000000000000000e+00
9.715000000000000302e-01 0.000000000000000000e+00
9.725000000000000311e-01 0.000000000000000000e+00
9.735000000000000320e-01 0.000000000000000000e+00
9.745000000000000329e-01 0.000000000000000000e+00
9.755000000000000338e-01 0.000000000000000000e+00
9.765000000000000346e-01 0.000000000000000000e+00
9.775000000000000355e-01 0.000000000000000000e+00
9.785000000000000364e-01 0.000000000000000000e+00
9.795000000000000373e-01 0.000000000000000000e+00
9.805000000000000382e-01 0.000000000000000000e+00
9.815000000000000391e-01 0.000000000000000000e+00
9.825000000000000400e-01 0.000000000000000000e+00
9.835000000000000409e-01 0.000000000000000000e+00
9.845000000000000417e-01 0.000000000000000000e+00
9.855000000000000426e-01 0.000000000000000000e+00
9.865000000000000435e-01 0.000000000000000000e+00
9.875000000000000444e-01 0.000000000000000000e+00
9.885000000000000453e-01 0.000000000000000000e+00
9.895000000000000462e-01 0.000000000000000000e+00
9.905000000000000471e-01 0.000000000000000000e+00
9.915000000000000480e-01 0.000000000000000000e+00
9.925000000000000488e-01 0.000000000000000000e+00
9.935000000000000497e-01 0.000000000000000000e+00
9.945000000000000506e-01 0.000000000000000000e+00
9.955000000000000515e-01 0.000000000000000000e+00
9.965000000000000524e-01 0.000000000000000000e+00
9.975000000000000533e-01 0.000000000000000000e+00
9.985000000000000542e-01 0.000000000000000000e+00
9.995000000000000551e-01 0.000000000000000000e+00
