5.000000000000000104e-04 2.600468253068842217e-01
1.500000000000000031e-03 2.582384329194927775e-01
2.500000000000000052e-03 2.564300405321013887e-01
3.500000000000000073e-03 2.659542404390294879e-01
4.499999999999999660e-03 2.634224910966814770e-01
5.499999999999999681e-03 2.742728454210299205e-01
6.499999999999999702e-03 2.813858554781027976e-01
7.499999999999999722e-03 2.806624985231462310e-01
8.500000000000000611e-03 2.868110326402770194e-01
9.499999999999999764e-03 3.009164932619299848e-01
1.050000000000000065e-02 3.077883843340173398e-01
1.149999999999999981e-02 3.094762172289159952e-01
1.250000000000000069e-02 2.950090781297847187e-01
1.349999999999999985e-02 3.163481083010032946e-01
1.450000000000000074e-02 3.109229311388290729e-01
1.549999999999999989e-02 3.226172019106268718e-01
1.650000000000000078e-02 3.326236397875259598e-01
1.750000000000000167e-02 3.338292347124535708e-01
1.849999999999999908e-02 3.367226625322798372e-01
1.949999999999999997e-02 3.523953965563386692e-01
2.050000000000000086e-02 3.463674219317006697e-01
2.149999999999999828e-02 3.578205737185128910e-01
2.249999999999999917e-02 3.671036546404554679e-01
2.350000000000000006e-02 3.699970824602816788e-01
2.450000000000000094e-02 3.654158217455568125e-01
2.549999999999999836e-02 3.772306520098473448e-01
2.649999999999999925e-02 3.787979254122532113e-01
2.750000000000000014e-02 3.921800290789496102e-01
2.850000000000000103e-02 4.023070264483414871e-01
2.949999999999999845e-02 4.136396187426609750e-01
3.049999999999999933e-02 4.182208794573858412e-01
3.150000000000000022e-02 4.166536060549799747e-01
3.250000000000000111e-02 4.199087123522844966e-01
3.350000000000000200e-02 4.313618641390967179e-01
3.450000000000000289e-02 4.271422819018501071e-01
3.549999999999999684e-02 4.543887272052140047e-01
3.649999999999999772e-02 4.490841095355325163e-01
3.749999999999999861e-02 4.654802005145479149e-01
3.849999999999999950e-02 4.757277573764325806e-01
3.950000000000000039e-02 4.824790889560271467e-01
4.050000000000000128e-02 4.795856611362008803e-01
4.150000000000000216e-02 4.895920990131000239e-01
4.250000000000000305e-02 4.994779773975063786e-01
4.349999999999999700e-02 5.068321064395647779e-01
4.449999999999999789e-02 5.061087494846081558e-01
4.549999999999999878e-02 5.305823264606385203e-01
4.649999999999999967e-02 5.304617669681458425e-01
4.750000000000000056e-02 5.634950679111621064e-01
4.850000000000000144e-02 5.624100324787273397e-01
4.950000000000000233e-02 5.619277945087562953e-01
5.050000000000000322e-02 5.694024830433074280e-01
5.149999999999999717e-02 5.847135385898879489e-01
5.249999999999999806e-02 5.905003942295404817e-01
5.349999999999999895e-02 5.939966195118305814e-01
5.449999999999999983e-02 6.114777459232807466e-01
5.550000000000000072e-02 6.378802747791952887e-01
5.650000000000000161e-02 6.167823635929622350e-01
5.750000000000000250e-02 6.461988797611958324e-01
5.850000000000000339e-02 6.644033631276026197e-01
5.949999999999999734e-02 6.612688163227908866e-01
6.049999999999999822e-02 6.728425276020958412e-01
6.149999999999999911e-02 6.622332922627329754e-01
6.250000000000000000e-02 6.847779173588791624e-01
6.350000000000000089e-02 7.041879956502135052e-01
6.450000000000000178e-02 7.172084208394317040e-01
6.550000000000000266e-02 7.207046461217216926e-01
6.650000000000000355e-02 7.337250713109398914e-01
6.750000000000000444e-02 7.459015800527086792e-01
6.850000000000000533e-02 7.607303976293181558e-01
6.950000000000000622e-02 7.715807519536665993e-01
7.049999999999999323e-02 8.019617440618422854e-01
7.149999999999999412e-02 7.709779544912027660e-01
7.249999999999999500e-02 8.189606325033214063e-01
7.349999999999999589e-02 8.078691591939874961e-01
7.449999999999999678e-02 8.293287488576988054e-01
7.549999999999999767e-02 8.358389614523079603e-01
7.649999999999999856e-02 8.580219080709757806e-01
7.749999999999999944e-02 8.762263914373826790e-01
7.850000000000000033e-02 9.052812291281379098e-01
7.950000000000000122e-02 8.990121355185143326e-01
8.050000000000000211e-02 9.107064062903120760e-01
8.150000000000000300e-02 9.143231910650949645e-01
8.250000000000000389e-02 9.544695020651841055e-01
8.350000000000000477e-02 9.665254513144602155e-01
8.450000000000000566e-02 9.855738511283163028e-01
8.550000000000000655e-02 9.972681219001141573e-01
8.649999999999999356e-02 1.006551202822056679e+00
8.749999999999999445e-02 1.019089390041303833e+00
8.849999999999999534e-02 1.040066741735043987e+00
8.949999999999999623e-02 1.035606040512812021e+00
9.049999999999999711e-02 1.063214164293654118e+00
9.149999999999999800e-02 1.101069844936380715e+00
9.249999999999999889e-02 1.092630680461887493e+00
9.349999999999999978e-02 1.104686629711163715e+00
9.450000000000000067e-02 1.142542310353890311e+00
9.550000000000000155e-02 1.174008337894500764e+00
9.650000000000000244e-02 1.161952388645224765e+00
9.750000000000000333e-02 1.159300079810384076e+00
9.850000000000000422e-02 1.210899542597285494e+00
9.950000000000000511e-02 1.222352694384097882e+00
1.005000000000000060e-01 1.251528091567345902e+00
1.015000000000000069e-01 1.274434395140970233e+00
1.024999999999999939e-01 1.305297625219116853e+00
1.034999999999999948e-01 1.297220139222102109e+00
1.044999999999999957e-01 1.325792738942886295e+00
1.054999999999999966e-01 1.334714141387350450e+00
1.064999999999999974e-01 1.370279191672714836e+00
1.074999999999999983e-01 1.375342690357410635e+00
1.084999999999999992e-01 1.398972350885991700e+00
1.095000000000000001e-01 1.421155297504659742e+00
1.105000000000000010e-01 1.445990552958168252e+00
1.115000000000000019e-01 1.469861332471734894e+00
1.125000000000000028e-01 1.478541615931213693e+00
1.135000000000000037e-01 1.511454357381737168e+00
1.145000000000000046e-01 1.523871985108491645e+00
1.155000000000000054e-01 1.554735215186638264e+00
1.165000000000000063e-01 1.591626419889422994e+00
1.174999999999999933e-01 1.619355103162757770e+00
1.184999999999999942e-01 1.637559586529164557e+00
1.194999999999999951e-01 1.668663935592296754e+00
1.204999999999999960e-01 1.690846882210964797e+00
1.214999999999999969e-01 1.733163264075923582e+00
1.224999999999999978e-01 1.734127740015865671e+00
1.234999999999999987e-01 1.761133066334244157e+00
1.244999999999999996e-01 1.771621742181114234e+00
1.255000000000000004e-01 1.833950999799871306e+00
1.265000000000000013e-01 1.865537586832974659e+00
1.275000000000000022e-01 1.859027374238365615e+00
1.285000000000000031e-01 1.902187672550773812e+00
1.295000000000000040e-01 1.917378168604861433e+00
1.305000000000000049e-01 1.982480294550952094e+00
1.315000000000000058e-01 1.963311335244603217e+00
1.325000000000000067e-01 2.003939884214663625e+00
1.335000000000000075e-01 2.048788015421970421e+00
1.345000000000000084e-01 2.108585523698379482e+00
1.355000000000000093e-01 2.097976288359016728e+00
1.365000000000000102e-01 2.178148350866702110e+00
1.375000000000000111e-01 2.205635915155051752e+00
1.385000000000000120e-01 2.186346396356209976e+00
1.395000000000000129e-01 2.214677877092008806e+00
1.405000000000000138e-01 2.271099719578620668e+00
1.414999999999999869e-01 2.281467835932998067e+00
1.424999999999999878e-01 2.318720719113260831e+00
1.434999999999999887e-01 2.369958503422683993e+00
1.444999999999999896e-01 2.396481591771091324e+00
1.454999999999999905e-01 2.450371684915355175e+00
1.464999999999999913e-01 2.454350148167616208e+00
1.474999999999999922e-01 2.532834377780403212e+00
1.484999999999999931e-01 2.563335929381072020e+00
1.494999999999999940e-01 2.598900979666435962e+00
1.504999999999999949e-01 2.630005328729568159e+00
1.514999999999999958e-01 2.684618778828788965e+00
1.524999999999999967e-01 2.712347462102123519e+00
1.534999999999999976e-01 2.766358114738880492e+00
1.544999999999999984e-01 2.804334354874099766e+00
1.554999999999999993e-01 2.830134086267550586e+00
1.565000000000000002e-01 2.882818584486886770e+00
1.575000000000000011e-01 2.950693578760311020e+00
1.585000000000000020e-01 2.995059471997646661e+00
1.595000000000000029e-01 3.016519061661357970e+00
1.605000000000000038e-01 3.055339218244026878e+00
1.615000000000000047e-01 3.092471541931797407e+00
1.625000000000000056e-01 3.169870736112149423e+00
1.635000000000000064e-01 3.214718867319456219e+00
1.645000000000000073e-01 3.253297904917139771e+00
1.655000000000000082e-01 3.310443104358708144e+00
1.665000000000000091e-01 3.386636703614132493e+00
1.675000000000000100e-01 3.432810989238860078e+00
1.685000000000000109e-01 3.490317867157906484e+00
1.695000000000000118e-01 3.527691309830662370e+00
1.705000000000000127e-01 3.566752585398316633e+00
1.715000000000000135e-01 3.642705065668755626e+00
1.724999999999999867e-01 3.680681305803975345e+00
1.734999999999999876e-01 3.772306520098473115e+00
1.744999999999999885e-01 3.817998567753229544e+00
1.754999999999999893e-01 3.878398873492102439e+00
1.764999999999999902e-01 3.913361126315002991e+00
1.774999999999999911e-01 4.026445930273212070e+00
1.784999999999999920e-01 4.053089578114112079e+00
1.794999999999999929e-01 4.002213472282167395e+00
1.804999999999999938e-01 4.163401513744988236e+00
1.814999999999999947e-01 4.242006302850267474e+00
1.824999999999999956e-01 4.289506742892415403e+00
1.834999999999999964e-01 4.348822013198853753e+00
1.844999999999999973e-01 4.381131957186913617e+00
1.854999999999999982e-01 4.491805571295267363e+00
1.864999999999999991e-01 4.524959431730776416e+00
1.875000000000000000e-01 4.565949659178315301e+00
1.885000000000000009e-01 4.657092635502841915e+00
1.895000000000000018e-01 4.704351956560003600e+00
1.905000000000000027e-01 4.799232277151806336e+00
1.915000000000000036e-01 4.833712292004736177e+00
1.925000000000000044e-01 4.879645458644477962e+00
1.935000000000000053e-01 4.914607711467377626e+00
1.945000000000000062e-01 5.013828173788920317e+00
1.955000000000000071e-01 5.080497573137416012e+00
1.965000000000000080e-01 5.163563063464928327e+00
1.975000000000000089e-01 5.201418744107654923e+00
1.985000000000000098e-01 5.246749113284932875e+00
1.995000000000000107e-01 5.309198930396182625e+00
2.005000000000000115e-01 5.333310828894735067e+00
2.015000000000000124e-01 5.418666949579609593e+00
2.025000000000000133e-01 5.414447367342362760e+00
2.034999999999999865e-01 5.542360988877181427e+00
2.044999999999999873e-01 5.574429813880255935e+00
2.054999999999999882e-01 5.579734431549937312e+00
2.064999999999999891e-01 5.646886068868404607e+00
2.074999999999999900e-01 5.660870969997565005e+00
2.084999999999999909e-01 5.728745964270989255e+00
2.094999999999999918e-01 5.788422913054905194e+00
2.104999999999999927e-01 5.781309902997832317e+00
2.114999999999999936e-01 5.861964203475489299e+00
2.124999999999999944e-01 5.861602524998010821e+00
2.134999999999999953e-01 5.872332319829866698e+00
2.144999999999999962e-01 5.876793021052098887e+00
2.154999999999999971e-01 5.976616280836104522e+00
2.164999999999999980e-01 5.939845635625812470e+00
2.174999999999999989e-01 5.987707754145438876e+00
2.184999999999999998e-01 5.991083419935235632e+00
2.195000000000000007e-01 6.010855176704048120e+00
2.205000000000000016e-01 6.007358951421758242e+00
2.215000000000000024e-01 5.995182442679989343e+00
2.225000000000000033e-01 5.947079205175378469e+00
2.235000000000000042e-01 5.975772364388655333e+00
2.245000000000000051e-01 5.978062994746017544e+00
2.255000000000000060e-01 5.945270812787986969e+00
2.265000000000000069e-01 5.968538794839089334e+00
2.275000000000000078e-01 5.989877825010307966e+00
2.285000000000000087e-01 5.946717526697899991e+00
2.295000000000000095e-01 5.959496832902132724e+00
2.305000000000000104e-01 5.939966195118305592e+00
2.315000000000000113e-01 5.896564777820911374e+00
2.325000000000000122e-01 5.901628276505607396e+00
2.335000000000000131e-01 5.828207545577516413e+00
2.344999999999999862e-01 5.842554125184155289e+00
2.354999999999999871e-01 5.793124733262122739e+00
2.364999999999999880e-01 5.785891163712557628e+00
2.374999999999999889e-01 5.719704002334031756e+00
2.384999999999999898e-01 5.683295035601218181e+00
2.394999999999999907e-01 5.608909828733184888e+00
2.404999999999999916e-01 5.594201570649068422e+00
2.414999999999999925e-01 5.555743092543877992e+00
2.424999999999999933e-01 5.521624756168426629e+00
2.434999999999999942e-01 5.482684040093265487e+00
2.444999999999999951e-01 5.409986666120130572e+00
2.454999999999999960e-01 5.364415177957867265e+00
2.464999999999999969e-01 5.359592798258156598e+00
2.474999999999999978e-01 5.243132328510149875e+00
2.484999999999999987e-01 5.191653425215741358e+00
2.494999999999999996e-01 5.122813955002375685e+00
2.505000000000000004e-01 5.056265115146371336e+00
2.515000000000000013e-01 5.054215603773994481e+00
2.525000000000000022e-01 5.028777550858022138e+00
2.535000000000000031e-01 4.926181422746682692e+00
2.545000000000000040e-01 4.877354828287114863e+00
2.555000000000000049e-01 4.807430322641313758e+00
2.565000000000000058e-01 4.748115052334876296e+00
2.575000000000000067e-01 4.727861057596092209e+00
2.585000000000000075e-01 4.669871941707074647e+00
2.595000000000000084e-01 4.625988286439709718e+00
2.605000000000000093e-01 4.515435231823848206e+00
2.615000000000000102e-01 4.479870181538483820e+00
2.625000000000000111e-01 4.443461214805670245e+00
2.635000000000000120e-01 4.320490532463054478e+00
2.645000000000000129e-01 4.343758514514157731e+00
2.655000000000000138e-01 4.251892181234674162e+00
2.665000000000000147e-01 4.185222781886177579e+00
2.675000000000000155e-01 4.169429488369625680e+00
2.685000000000000164e-01 4.062854897006025645e+00
2.695000000000000173e-01 4.027772084690632859e+00
2.705000000000000182e-01 4.018247884783704649e+00
2.715000000000000191e-01 3.888525870861494038e+00
2.725000000000000200e-01 3.876590481104710939e+00
2.735000000000000209e-01 3.824749899332823944e+00
2.745000000000000218e-01 3.781469041527922847e+00
2.755000000000000226e-01 3.713111809284527887e+00
2.765000000000000235e-01 3.641258351758842604e+00
2.775000000000000244e-01 3.612565192545565740e+00
2.785000000000000253e-01 3.599183088878869174e+00
2.795000000000000262e-01 3.467411563584282153e+00
2.805000000000000271e-01 3.427265252584192901e+00
2.814999999999999725e-01 3.412677553992569113e+00
2.824999999999999734e-01 3.343355845809231841e+00
2.834999999999999742e-01 3.315747722028389521e+00
2.844999999999999751e-01 3.245943775875081094e+00
2.854999999999999760e-01 3.223399150778935240e+00
2.864999999999999769e-01 3.159502619757772024e+00
2.874999999999999778e-01 3.144312123703684403e+00
2.884999999999999787e-01 3.098499516556435296e+00
2.894999999999999796e-01 3.052566349916693511e+00
2.904999999999999805e-01 3.028454451418141513e+00
2.914999999999999813e-01 2.969018621619210485e+00
2.924999999999999822e-01 2.897285723586018324e+00
2.934999999999999831e-01 2.879081240219611537e+00
2.944999999999999840e-01 2.850026402528856195e+00
2.954999999999999849e-01 2.804334354874099766e+00
2.964999999999999858e-01 2.762620770471604814e+00
2.974999999999999867e-01 2.693057943303282187e+00
2.984999999999999876e-01 2.685583254768730832e+00
2.994999999999999885e-01 2.661230237285193478e+00
3.004999999999999893e-01 2.616623225062872038e+00
3.014999999999999902e-01 2.572739569795507109e+00
3.024999999999999911e-01 2.535968924585215056e+00
3.034999999999999920e-01 2.484490021290806538e+00
3.044999999999999929e-01 2.480029320068574350e+00
3.054999999999999938e-01 2.441691401455876598e+00
3.064999999999999947e-01 2.388283546281583902e+00
3.074999999999999956e-01 2.355491364323552883e+00
3.084999999999999964e-01 2.322819741858014986e+00
3.094999999999999973e-01 2.273269790443490201e+00
3.104999999999999982e-01 2.252533557734735403e+00
3.114999999999999991e-01 2.218294661866791362e+00
3.125000000000000000e-01 2.165971842124933655e+00
3.135000000000000009e-01 2.154157011860642790e+00
3.145000000000000018e-01 2.136555325956699836e+00
3.155000000000000027e-01 2.099061323791451272e+00
3.165000000000000036e-01 2.086523136572204340e+00
3.175000000000000044e-01 2.046859063542086243e+00
3.185000000000000053e-01 1.988026031205619049e+00
3.195000000000000062e-01 2.006953871526982347e+00
3.205000000000000071e-01 1.983083092013415927e+00
3.215000000000000080e-01 1.917619287589847010e+00
3.225000000000000089e-01 1.893386829598802112e+00
3.235000000000000098e-01 1.873856191814974981e+00
3.245000000000000107e-01 1.867225419727873259e+00
3.255000000000000115e-01 1.836964987112190251e+00
3.265000000000000124e-01 1.792960772352332866e+00
3.275000000000000133e-01 1.778493633253201534e+00
3.285000000000000142e-01 1.775600205433375267e+00
3.295000000000000151e-01 1.740637952610474715e+00
3.305000000000000160e-01 1.692414155613370719e+00
3.315000000000000169e-01 1.691811358150906885e+00
3.325000000000000178e-01 1.637318467544179201e+00
3.335000000000000187e-01 1.605731880511075849e+00
3.345000000000000195e-01 1.596931037559104372e+00
3.355000000000000204e-01 1.587647956637161739e+00
3.365000000000000213e-01 1.578364875715219329e+00
3.375000000000000222e-01 1.564138855601073574e+00
3.385000000000000231e-01 1.513021630784143090e+00
3.395000000000000240e-01 1.491200362642953525e+00
3.405000000000000249e-01 1.465038952772024450e+00
3.415000000000000258e-01 1.430438378426602153e+00
3.425000000000000266e-01 1.424048725324486009e+00
3.435000000000000275e-01 1.398610672408513445e+00
3.444999999999999729e-01 1.385590247219295357e+00
3.454999999999999738e-01 1.378959475132193635e+00
3.464999999999999747e-01 1.335799176819785439e+00
3.474999999999999756e-01 1.318197490915842263e+00
3.484999999999999765e-01 1.320247002288219340e+00
3.494999999999999774e-01 1.283114678600449032e+00
3.504999999999999782e-01 1.274675514125955811e+00
3.514999999999999791e-01 1.255868233297085190e+00
3.524999999999999800e-01 1.252854245984766246e+00
3.534999999999999809e-01 1.200410866750415417e+00
3.544999999999999818e-01 1.211743459044734905e+00
3.554999999999999827e-01 1.167980363269862876e+00
3.564999999999999836e-01 1.183411978308936074e+00
3.574999999999999845e-01 1.120962161197686324e+00
3.584999999999999853e-01 1.121564958660150157e+00
3.594999999999999862e-01 1.125302302927425613e+00
3.604999999999999871e-01 1.086602705837249605e+00
3.614999999999999880e-01 1.065263675666030974e+00
3.624999999999999889e-01 1.053689964386725908e+00
3.634999999999999898e-01 1.048264787224551853e+00
3.644999999999999907e-01 1.042236812599913742e+00
3.654999999999999916e-01 1.015713724251506411e+00
3.664999999999999925e-01 1.000884906674896824e+00
3.674999999999999933e-01 9.760496512213883147e-01
3.684999999999999942e-01 9.729151044165764706e-01
3.694999999999999951e-01 9.524199906928072501e-01
3.704999999999999960e-01 9.351799832663424406e-01
3.714999999999999969e-01 9.123942391852107869e-01
3.724999999999999978e-01 9.054017886206306986e-01
3.734999999999999987e-01 8.963598266836736439e-01
3.744999999999999996e-01 8.933458393713545886e-01
3.755000000000000004e-01 8.800842951971510342e-01
3.765000000000000013e-01 8.603125384283383248e-01
3.775000000000000022e-01 8.568163131460482251e-01
3.785000000000000031e-01 8.290876298727133387e-01
3.795000000000000040e-01 8.225774172781042948e-01
3.805000000000000049e-01 7.982243997945667191e-01
3.815000000000000058e-01 8.035290174642480965e-01
3.825000000000000067e-01 7.814666303380729540e-01
3.835000000000000075e-01 7.712190734761883437e-01
3.845000000000000084e-01 7.788143215032322653e-01
3.855000000000000093e-01 7.360157016683023246e-01
3.865000000000000102e-01 7.317961194310557138e-01
3.875000000000000111e-01 7.276970966863017809e-01
3.885000000000000120e-01 7.139533145421271820e-01
3.895000000000000129e-01 7.014151273228800276e-01
3.905000000000000138e-01 6.863451907612849734e-01
3.915000000000000147e-01 6.736864440495451412e-01
3.925000000000000155e-01 6.710341352147044525e-01
3.935000000000000164e-01 6.463194392536885102e-01
3.945000000000000173e-01 6.644033631276026197e-01
3.955000000000000182e-01 6.447521658512826992e-01
3.965000000000000191e-01 6.443904873738043326e-01
3.975000000000000200e-01 6.199169103977739681e-01
3.985000000000000209e-01 5.985778802265554477e-01
3.995000000000000218e-01 5.978545232715988256e-01
4.005000000000000226e-01 6.017124270313671808e-01
4.015000000000000235e-01 5.772388500553368162e-01
4.025000000000000244e-01 5.763949336078875163e-01
4.035000000000000253e-01 5.571054148090458513e-01
4.045000000000000262e-01 5.463756199771901967e-01
4.055000000000000271e-01 5.410710023075087083e-01
4.064999999999999725e-01 5.409504428150159194e-01
4.074999999999999734e-01 5.335963137729575756e-01
4.084999999999999742e-01 5.243132328510150542e-01
4.094999999999999751e-01 5.039386786197385115e-01
4.104999999999999760e-01 4.975490255176222010e-01
4.114999999999999769e-01 4.959817521152163344e-01
4.124999999999999778e-01 4.961023116077090678e-01
4.134999999999999787e-01 4.891098610431289795e-01
4.144999999999999796e-01 4.787417446887515804e-01
4.154999999999999805e-01 4.699409017367800478e-01
4.164999999999999813e-01 4.707848181842294033e-01
4.174999999999999822e-01 4.426944564334162058e-01
4.184999999999999831e-01 4.457084437457352055e-01
4.194999999999999840e-01 4.288301147967487625e-01
4.204999999999999849e-01 4.248516515444876740e-01
4.214999999999999858e-01 4.203909503222555410e-01
4.224999999999999867e-01 4.201498313372700188e-01
4.234999999999999876e-01 4.071294061480518756e-01
4.244999999999999885e-01 4.001369555834717873e-01
4.254999999999999893e-01 3.989313606585441763e-01
4.264999999999999902e-01 3.936267429888627434e-01
4.274999999999999911e-01 3.772306520098473448e-01
4.284999999999999920e-01 3.748194621599921228e-01
4.294999999999999929e-01 3.662597381930061124e-01
4.304999999999999938e-01 3.597495255983970686e-01
4.314999999999999947e-01 3.537215509737590136e-01
4.324999999999999956e-01 3.528776345263097136e-01
4.334999999999999964e-01 3.446795890368020143e-01
4.344999999999999973e-01 3.411833637545119702e-01
4.354999999999999982e-01 3.505870041689472805e-01
4.364999999999999991e-01 3.292479739977286490e-01
4.375000000000000000e-01 3.205676905382499053e-01
4.385000000000000009e-01 3.253900702379603493e-01
4.395000000000000018e-01 3.141780374361336503e-01
4.405000000000000027e-01 3.246667132830037827e-01
4.415000000000000036e-01 3.098378957063942507e-01
4.425000000000000044e-01 3.040510400667417734e-01
4.435000000000000053e-01 2.854848782228566750e-01
4.445000000000000062e-01 3.000725768144806849e-01
4.455000000000000071e-01 2.822297719255520976e-01
4.465000000000000080e-01 2.858465567003349306e-01
4.475000000000000089e-01 2.725850125261312651e-01
4.485000000000000098e-01 2.700532631837833097e-01
4.495000000000000107e-01 2.687271087663629654e-01
4.505000000000000115e-01 2.640252885591453103e-01
4.515000000000000124e-01 2.601673847993769551e-01
4.525000000000000133e-01 2.587206708894638219e-01
4.535000000000000142e-01 2.446152102678108564e-01
4.545000000000000151e-01 2.429273773729122288e-01
4.555000000000000160e-01 2.437712938203615565e-01
4.565000000000000169e-01 2.368994027482742015e-01
4.575000000000000178e-01 2.294247142137230688e-01
4.585000000000000187e-01 2.387077951356656180e-01
4.595000000000000195e-01 2.274957623338388912e-01
4.605000000000000204e-01 2.218294661866791473e-01
4.615000000000000213e-01 2.202621927842732807e-01
4.625000000000000222e-01 2.243612155290271304e-01
4.635000000000000231e-01 2.141136586671424924e-01
4.645000000000000240e-01 2.129080637422148814e-01
4.655000000000000249e-01 2.112202308473162260e-01
4.665000000000000258e-01 2.031427448503012878e-01
4.675000000000000266e-01 1.977175676881270661e-01
4.685000000000000275e-01 1.967530917481849773e-01
4.694999999999999729e-01 1.922923905259528443e-01
4.704999999999999738e-01 1.947035803758080663e-01
4.714999999999999747e-01 1.912073550935180222e-01
4.724999999999999756e-01 1.903634386460686945e-01
4.734999999999999765e-01 1.840943450364451450e-01
4.744999999999999774e-01 1.803570007691695787e-01
4.754999999999999782e-01 1.755346210694591624e-01
4.764999999999999791e-01 1.685421705048790464e-01
4.774999999999999800e-01 1.663720996400093743e-01
4.784999999999999809e-01 1.662515401475166132e-01
4.794999999999999818e-01 1.584151731354871695e-01
4.804999999999999827e-01 1.648048262376034800e-01
4.814999999999999836e-01 1.554011858231681698e-01
4.824999999999999845e-01 1.467209023636894261e-01
4.834999999999999853e-01 1.537133529282695144e-01
4.844999999999999862e-01 1.521460795258636478e-01
4.854999999999999871e-01 1.526283174958346645e-01
4.864999999999999880e-01 1.496143301835156647e-01
4.874999999999999889e-01 1.334593581894857606e-01
4.884999999999999898e-01 1.363527860093120270e-01
4.894999999999999907e-01 1.416574036789934876e-01
4.904999999999999916e-01 1.285164189972825832e-01
4.914999999999999925e-01 1.334593581894857606e-01
4.924999999999999933e-01 1.300836923996884775e-01
4.934999999999999942e-01 1.255024316849635835e-01
4.944999999999999951e-01 1.309276088471378052e-01
4.954999999999999960e-01 1.256229911774563446e-01
4.964999999999999969e-01 1.241762772675432253e-01
4.974999999999999978e-01 1.157371127930499899e-01
4.984999999999999987e-01 1.206800519852531672e-01
4.994999999999999996e-01 1.126025659882382152e-01
5.004999999999999449e-01 1.135670419281803040e-01
5.014999999999999458e-01 1.146520773606151539e-01
5.024999999999999467e-01 1.083829837509916044e-01
5.034999999999999476e-01 1.112764115708178569e-01
5.044999999999999485e-01 1.056101154236581130e-01
5.054999999999999494e-01 1.056101154236581130e-01
5.064999999999999503e-01 1.028372470963246355e-01
5.074999999999999512e-01 1.022344496338608300e-01
5.084999999999999520e-01 9.849710536658524973e-02
5.094999999999999529e-01 9.680927247168660821e-02
5.104999999999999538e-01 9.717095094916489151e-02
5.114999999999999547e-01 9.801486739661421921e-02
5.124999999999999556e-01 9.729151044165765261e-02
5.134999999999999565e-01 9.271024972693275856e-02
5.144999999999999574e-01 9.367472566687483349e-02
5.154999999999999583e-01 8.282437134252640387e-02
5.164999999999999591e-01 9.475976109930968339e-02
5.174999999999999600e-01 8.873178647467165614e-02
5.184999999999999609e-01 8.692339408728025352e-02
5.194999999999999618e-01 8.294493083501916497e-02
5.204999999999999627e-01 8.559723966985989529e-02
5.214999999999999636e-01 8.595891814733816472e-02
5.224999999999999645e-01 7.751975367284494323e-02
5.234999999999999654e-01 8.294493083501916497e-02
5.244999999999999662e-01 7.800199164281598763e-02
5.254999999999999671e-01 7.402352839055488520e-02
5.264999999999999680e-01 6.739275630345306634e-02
5.274999999999999689e-01 7.390296889806212410e-02
5.284999999999999698e-01 7.378240940556937688e-02
5.294999999999999707e-01 8.005150301519291245e-02
5.304999999999999716e-01 7.474688534551145180e-02
5.314999999999999725e-01 6.618716137852546921e-02
5.324999999999999734e-01 7.040674361577207996e-02
5.334999999999999742e-01 6.534324493107614151e-02
5.344999999999999751e-01 6.498156645359785821e-02
5.354999999999999760e-01 6.678995884098926084e-02
5.364999999999999769e-01 6.064142472385848637e-02
5.374999999999999778e-01 6.474044746861233601e-02
5.384999999999999787e-01 5.919471081394536011e-02
5.394999999999999796e-01 5.497512857669874936e-02
5.404999999999999805e-01 5.895359182895983791e-02
5.414999999999999813e-01 6.618716137852546921e-02
5.424999999999999822e-01 6.052086523136572527e-02
5.434999999999999831e-01 5.401065263675666056e-02
5.444999999999999840e-01 5.497512857669874936e-02
5.454999999999999849e-01 5.726575893406119638e-02
5.464999999999999858e-01 5.244337923435078014e-02
5.474999999999999867e-01 5.196114126437973574e-02
5.484999999999999876e-01 5.328729568180010090e-02
5.494999999999999885e-01 5.039386786197384838e-02
5.504999999999999893e-01 4.581260714724895433e-02
5.514999999999999902e-01 5.292561720432181760e-02
5.524999999999999911e-01 4.822379699710416245e-02
5.534999999999999920e-01 4.918827293704624432e-02
5.544999999999999929e-01 4.291917932742270875e-02
5.554999999999999938e-01 4.412477425235031281e-02
5.564999999999999947e-01 4.713876156466931949e-02
5.574999999999999956e-01 4.303973881991546291e-02
5.584999999999999964e-01 4.291917932742270875e-02
5.594999999999999973e-01 3.954351353762541182e-02
5.604999999999999982e-01 4.219582237246614215e-02
5.614999999999999991e-01 4.183414389498785885e-02
5.625000000000000000e-01 3.773512115023400920e-02
5.635000000000000009e-01 4.050798947756750062e-02
5.645000000000000018e-01 3.930239455263989656e-02
5.655000000000000027e-01 4.171358440249510469e-02
5.665000000000000036e-01 3.833791861269780776e-02
5.675000000000000044e-01 4.014631100008921732e-02
5.685000000000000053e-01 3.544449079287156218e-02
5.695000000000000062e-01 3.532393130037880108e-02
5.705000000000000071e-01 3.170714652559598890e-02
5.715000000000000080e-01 3.857903759768332996e-02
5.725000000000000089e-01 3.990519201510369512e-02
5.735000000000000098e-01 3.833791861269780776e-02
5.745000000000000107e-01 3.520337180788603998e-02
5.755000000000000115e-01 3.086323007814666466e-02
5.765000000000000124e-01 3.773512115023400920e-02
5.775000000000000133e-01 3.520337180788603998e-02
5.785000000000000142e-01 3.170714652559598890e-02
5.795000000000000151e-01 3.098378957063942576e-02
5.805000000000000160e-01 3.194826551058151110e-02
5.815000000000000169e-01 3.170714652559598890e-02
5.825000000000000178e-01 2.881371870576973637e-02
5.835000000000000187e-01 2.833148073579869544e-02
5.845000000000000195e-01 2.929595667574078077e-02
5.855000000000000204e-01 2.688476682588557265e-02
5.865000000000000213e-01 2.893427819826249747e-02
5.875000000000000222e-01 2.604085037843624842e-02
5.885000000000000231e-01 2.953707566072629950e-02
5.895000000000000240e-01 2.242406560365343623e-02
5.905000000000000249e-01 2.362966052858104030e-02
5.915000000000000258e-01 2.242406560365343623e-02
5.925000000000000266e-01 2.688476682588557265e-02
5.935000000000000275e-01 2.182126814118963420e-02
5.945000000000000284e-01 2.362966052858104030e-02
5.955000000000000293e-01 2.399133900605932013e-02
5.965000000000000302e-01 2.483525545350864436e-02
5.975000000000000311e-01 2.338854154359551810e-02
5.985000000000000320e-01 1.965119727631994828e-02
5.995000000000000329e-01 2.278574408113171607e-02
6.005000000000000338e-01 2.399133900605932013e-02
6.015000000000000346e-01 2.001287575379822811e-02
6.025000000000000355e-01 2.001287575379822811e-02
6.035000000000000364e-01 2.278574408113171607e-02
6.045000000000000373e-01 1.856616184388510185e-02
6.055000000000000382e-01 1.965119727631994828e-02
6.065000000000000391e-01 2.218294661866791403e-02
6.075000000000000400e-01 2.025399473878375031e-02
6.085000000000000409e-01 2.013343524629098921e-02
6.095000000000000417e-01 1.808392387391406092e-02
6.105000000000000426e-01 1.784280488892854219e-02
6.115000000000000435e-01 1.784280488892854219e-02
6.125000000000000444e-01 1.591385300904437500e-02
6.135000000000000453e-01 1.699888844147921796e-02
6.145000000000000462e-01 1.928951879884166498e-02
6.155000000000000471e-01 1.687832894898645686e-02
6.165000000000000480e-01 1.675776945649369576e-02
6.175000000000000488e-01 1.627553148652265483e-02
6.185000000000000497e-01 1.543161503907333233e-02
6.195000000000000506e-01 1.362322265168192624e-02
6.205000000000000515e-01 1.591385300904437500e-02
6.215000000000000524e-01 1.470825808411676920e-02
6.225000000000000533e-01 1.470825808411676920e-02
6.235000000000000542e-01 1.289986569672536311e-02
6.245000000000000551e-01 1.434657960663848937e-02
6.254999999999999449e-01 1.241762772675432218e-02
6.264999999999999458e-01 1.422602011414572827e-02
6.274999999999999467e-01 1.374378214417468734e-02
6.284999999999999476e-01 1.410546062165296717e-02
6.294999999999999485e-01 1.253818721924708328e-02
6.304999999999999494e-01 1.314098468171088531e-02
6.314999999999999503e-01 1.289986569672536311e-02
6.324999999999999512e-01 1.410546062165296717e-02
6.334999999999999520e-01 1.494937706910229140e-02
6.344999999999999529e-01 1.181483026429052015e-02
6.354999999999999538e-01 1.048867584687015499e-02
6.364999999999999547e-01 1.085035432434843655e-02
6.374999999999999556e-01 1.072979483185567719e-02
6.384999999999999565e-01 1.109147330933395702e-02
6.394999999999999574e-01 1.133259229431947922e-02
6.404999999999999583e-01 1.217650874176880171e-02
6.414999999999999591e-01 1.048867584687015499e-02
6.424999999999999600e-01 1.036811635437739562e-02
6.434999999999999609e-01 9.765318891913593591e-03
6.444999999999999618e-01 1.072979483185567719e-02
6.454999999999999627e-01 1.157371127930499968e-02
6.464999999999999636e-01 1.072979483185567719e-02
6.474999999999999645e-01 1.048867584687015499e-02
6.484999999999999654e-01 1.072979483185567719e-02
6.494999999999999662e-01 1.193538975678328125e-02
6.504999999999999671e-01 8.680283459478748895e-03
6.514999999999999680e-01 1.060923533936291609e-02
6.524999999999999689e-01 1.024755686188463452e-02
6.534999999999999698e-01 8.439164474493228429e-03
6.544999999999999707e-01 8.559723966985989529e-03
6.554999999999999716e-01 8.318604982000469064e-03
6.564999999999999725e-01 8.559723966985989529e-03
6.574999999999999734e-01 7.836367012029426399e-03
6.584999999999999742e-01 8.680283459478748895e-03
6.594999999999999751e-01 7.595248027043905933e-03
6.604999999999999760e-01 9.644759399420832491e-03
6.614999999999999769e-01 8.198045489507707964e-03
6.624999999999999778e-01 8.318604982000469064e-03
6.634999999999999787e-01 8.077485997014946864e-03
6.644999999999999796e-01 7.113010057072864135e-03
6.654999999999999805e-01 6.389653102116301872e-03
6.664999999999999813e-01 9.403640414435312025e-03
6.674999999999999822e-01 7.715807519536666166e-03
6.684999999999999831e-01 7.354129042058384601e-03
6.694999999999999840e-01 7.595248027043905933e-03
6.704999999999999849e-01 6.148534117130780539e-03
6.714999999999999858e-01 6.630772087101822337e-03
6.724999999999999867e-01 5.666296147159739609e-03
6.734999999999999876e-01 5.786855639652499841e-03
6.744999999999999885e-01 6.630772087101822337e-03
6.754999999999999893e-01 7.354129042058384601e-03
6.764999999999999902e-01 7.233569549565624368e-03
6.774999999999999911e-01 5.907415132145260074e-03
6.784999999999999920e-01 6.027974624638020307e-03
6.794999999999999929e-01 5.786855639652499841e-03
6.804999999999999938e-01 7.595248027043905933e-03
6.814999999999999947e-01 4.581260714724895780e-03
6.824999999999999956e-01 4.460701222232135547e-03
6.834999999999999964e-01 5.304617669681458043e-03
6.844999999999999973e-01 5.425177162174218276e-03
6.854999999999999982e-01 3.857903759768333083e-03
6.864999999999999991e-01 4.942939192203176478e-03
6.875000000000000000e-01 5.063498684695937578e-03
6.885000000000000009e-01 4.942939192203176478e-03
6.895000000000000018e-01 5.907415132145260074e-03
6.905000000000000027e-01 3.857903759768333083e-03
6.915000000000000036e-01 5.063498684695937578e-03
6.925000000000000044e-01 5.666296147159739609e-03
6.935000000000000053e-01 5.545736654666978509e-03
6.945000000000000062e-01 5.425177162174218276e-03
6.955000000000000071e-01 3.375665789797291285e-03
6.965000000000000080e-01 4.942939192203176478e-03
6.975000000000000089e-01 4.219582237246614215e-03
6.985000000000000098e-01 3.616784774782812184e-03
6.995000000000000107e-01 5.063498684695937578e-03
7.005000000000000115e-01 5.425177162174218276e-03
7.015000000000000124e-01 3.616784774782812184e-03
7.025000000000000133e-01 4.460701222232135547e-03
7.035000000000000142e-01 5.907415132145260074e-03
7.045000000000000151e-01 3.134546804811770820e-03
7.055000000000000160e-01 3.857903759768333083e-03
7.065000000000000169e-01 3.375665789797291285e-03
7.075000000000000178e-01 3.375665789797291285e-03
7.085000000000000187e-01 4.099022744753853982e-03
7.095000000000000195e-01 2.893427819826249921e-03
7.105000000000000204e-01 3.978463252261093749e-03
7.115000000000000213e-01 3.978463252261093749e-03
7.125000000000000222e-01 2.652308834840729022e-03
7.135000000000000231e-01 2.170070864869687224e-03
7.145000000000000240e-01 3.134546804811770820e-03
7.155000000000000249e-01 3.496225282290051951e-03
7.165000000000000258e-01 3.978463252261093749e-03
7.175000000000000266e-01 3.616784774782812184e-03
7.185000000000000275e-01 3.013987312319010153e-03
7.195000000000000284e-01 3.375665789797291285e-03
7.205000000000000293e-01 3.255106297304531052e-03
7.215000000000000302e-01 2.411189849855208123e-03
7.225000000000000311e-01 2.772868327333489254e-03
7.235000000000000320e-01 2.170070864869687224e-03
7.245000000000000329e-01 3.255106297304531052e-03
7.255000000000000338e-01 2.652308834840729022e-03
7.265000000000000346e-01 3.255106297304531052e-03
7.275000000000000355e-01 3.134546804811770820e-03
7.285000000000000364e-01 2.772868327333489254e-03
7.295000000000000373e-01 3.255106297304531052e-03
7.305000000000000382e-01 2.411189849855208123e-03
7.315000000000000391e-01 2.531749342347968789e-03
7.325000000000000400e-01 2.531749342347968789e-03
7.335000000000000409e-01 2.411189849855208123e-03
7.345000000000000417e-01 2.772868327333489254e-03
7.355000000000000426e-01 2.290630357362447890e-03
7.365000000000000435e-01 2.411189849855208123e-03
7.375000000000000444e-01 2.049511372376926991e-03
7.385000000000000453e-01 1.567273402405885410e-03
7.395000000000000462e-01 2.170070864869687224e-03
7.405000000000000471e-01 2.049511372376926991e-03
7.415000000000000480e-01 1.928951879884166542e-03
7.425000000000000488e-01 2.652308834840729022e-03
7.435000000000000497e-01 2.411189849855208123e-03
7.445000000000000506e-01 2.170070864869687224e-03
7.455000000000000515e-01 2.170070864869687224e-03
7.465000000000000524e-01 1.928951879884166542e-03
7.475000000000000533e-01 2.049511372376926991e-03
7.485000000000000542e-01 1.808392387391406092e-03
7.495000000000000551e-01 2.170070864869687224e-03
7.504999999999999449e-01 3.496225282290051951e-03
7.514999999999999458e-01 1.446713909913124960e-03
7.524999999999999467e-01 1.205594924927604061e-03
7.534999999999999476e-01 2.290630357362447890e-03
7.544999999999999485e-01 1.205594924927604061e-03
7.554999999999999494e-01 1.928951879884166542e-03
7.564999999999999503e-01 1.326154417420364511e-03
7.574999999999999512e-01 1.808392387391406092e-03
7.584999999999999520e-01 1.085035432434843612e-03
7.594999999999999529e-01 1.326154417420364511e-03
7.604999999999999538e-01 2.049511372376926991e-03
7.614999999999999547e-01 1.687832894898645643e-03
7.624999999999999556e-01 1.326154417420364511e-03
7.634999999999999565e-01 1.567273402405885410e-03
7.644999999999999574e-01 1.567273402405885410e-03
7.654999999999999583e-01 2.049511372376926991e-03
7.664999999999999591e-01 1.928951879884166542e-03
7.674999999999999600e-01 4.822379699710416354e-04
7.684999999999999609e-01 2.170070864869687224e-03
7.694999999999999618e-01 1.205594924927604061e-03
7.704999999999999627e-01 7.233569549565624802e-04
7.714999999999999636e-01 1.567273402405885410e-03
7.724999999999999645e-01 1.326154417420364511e-03
7.734999999999999654e-01 1.446713909913124960e-03
7.744999999999999662e-01 1.446713909913124960e-03
7.754999999999999671e-01 1.567273402405885410e-03
7.764999999999999680e-01 1.687832894898645643e-03
7.774999999999999689e-01 1.085035432434843612e-03
7.784999999999999698e-01 9.644759399420832708e-04
7.794999999999999707e-01 1.928951879884166542e-03
7.804999999999999716e-01 9.644759399420832708e-04
7.814999999999999725e-01 1.567273402405885410e-03
7.824999999999999734e-01 8.439164474493228213e-04
7.834999999999999742e-01 1.085035432434843612e-03
7.844999999999999751e-01 1.687832894898645643e-03
7.854999999999999760e-01 3.616784774782812401e-04
7.864999999999999769e-01 9.644759399420832708e-04
7.874999999999999778e-01 1.446713909913124960e-03
7.884999999999999787e-01 1.085035432434843612e-03
7.894999999999999796e-01 6.027974624638020307e-04
7.904999999999999805e-01 9.644759399420832708e-04
7.914999999999999813e-01 1.205594924927604061e-03
7.924999999999999822e-01 1.085035432434843612e-03
7.934999999999999831e-01 9.644759399420832708e-04
7.944999999999999840e-01 1.205594924927604061e-03
7.954999999999999849e-01 8.439164474493228213e-04
7.964999999999999858e-01 7.233569549565624802e-04
7.974999999999999867e-01 9.644759399420832708e-04
7.984999999999999876e-01 4.822379699710416354e-04
7.994999999999999885e-01 8.439164474493228213e-04
8.004999999999999893e-01 1.446713909913124960e-03
8.014999999999999902e-01 6.027974624638020307e-04
8.024999999999999911e-01 7.233569549565624802e-04
8.034999999999999920e-01 1.085035432434843612e-03
8.044999999999999929e-01 1.446713909913124960e-03
8.054999999999999938e-01 4.822379699710416354e-04
8.064999999999999947e-01 4.822379699710416354e-04
8.074999999999999956e-01 8.439164474493228213e-04
8.084999999999999964e-01 1.205594924927604061e-03
8.094999999999999973e-01 2.411189849855208177e-04
8.104999999999999982e-01 8.439164474493228213e-04
8.114999999999999991e-01 1.085035432434843612e-03
8.125000000000000000e-01 2.411189849855208177e-04
8.135000000000000009e-01 7.233569549565624802e-04
8.145000000000000018e-01 7.233569549565624802e-04
8.155000000000000027e-01 8.439164474493228213e-04
8.165000000000000036e-01 3.616784774782812401e-04
8.175000000000000044e-01 7.233569549565624802e-04
8.185000000000000053e-01 4.822379699710416354e-04
8.195000000000000062e-01 9.644759399420832708e-04
8.205000000000000071e-01 7.233569549565624802e-04
8.215000000000000080e-01 1.085035432434843612e-03
8.225000000000000089e-01 3.616784774782812401e-04
8.235000000000000098e-01 8.439164474493228213e-04
8.245000000000000107e-01 4.822379699710416354e-04
8.255000000000000115e-01 2.411189849855208177e-04
8.265000000000000124e-01 9.644759399420832708e-04
8.275000000000000133e-01 7.233569549565624802e-04
8.285000000000000142e-01 4.822379699710416354e-04
8.295000000000000151e-01 3.616784774782812401e-04
8.305000000000000160e-01 3.616784774782812401e-04
8.315000000000000169e-01 4.822379699710416354e-04
8.325000000000000178e-01 7.233569549565624802e-04
8.335000000000000187e-01 6.027974624638020307e-04
8.345000000000000195e-01 4.822379699710416354e-04
8.355000000000000204e-01 3.616784774782812401e-04
8.365000000000000213e-01 8.439164474493228213e-04
8.375000000000000222e-01 4.822379699710416354e-04
8.385000000000000231e-01 2.411189849855208177e-04
8.395000000000000240e-01 6.027974624638020307e-04
8.405000000000000249e-01 3.616784774782812401e-04
8.415000000000000258e-01 3.616784774782812401e-04
8.425000000000000266e-01 3.616784774782812401e-04
8.435000000000000275e-01 4.822379699710416354e-04
8.445000000000000284e-01 1.205594924927604088e-04
8.455000000000000293e-01 7.233569549565624802e-04
8.465000000000000302e-01 4.822379699710416354e-04
8.475000000000000311e-01 1.085035432434843612e-03
8.485000000000000320e-01 4.822379699710416354e-04
8.495000000000000329e-01 4.822379699710416354e-04
8.505000000000000338e-01 3.616784774782812401e-04
8.515000000000000346e-01 4.822379699710416354e-04
8.525000000000000355e-01 1.205594924927604088e-04
8.535000000000000364e-01 1.085035432434843612e-03
8.545000000000000373e-01 3.616784774782812401e-04
8.555000000000000382e-01 3.616784774782812401e-04
8.565000000000000391e-01 4.822379699710416354e-04
8.575000000000000400e-01 1.205594924927604088e-04
8.585000000000000409e-01 4.822379699710416354e-04
8.595000000000000417e-01 7.233569549565624802e-04
8.605000000000000426e-01 6.027974624638020307e-04
8.615000000000000435e-01 4.822379699710416354e-04
8.625000000000000444e-01 2.411189849855208177e-04
8.635000000000000453e-01 3.616784774782812401e-04
8.645000000000000462e-01 0.000000000000000000e+00
8.655000000000000471e-01 4.822379699710416354e-04
8.665000000000000480e-01 3.616784774782812401e-04
8.675000000000000488e-01 2.411189849855208177e-04
8.685000000000000497e-01 2.411189849855208177e-04
8.695000000000000506e-01 2.411189849855208177e-04
8.705000000000000515e-01 0.000000000000000000e+00
8.715000000000000524e-01 0.000000000000000000e+00
8.725000000000000533e-01 1.205594924927604088e-04
8.735000000000000542e-01 2.411189849855208177e-04
8.745000000000000551e-01 7.233569549565624802e-04
8.754999999999999449e-01 0.000000000000000000e+00
8.764999999999999458e-01 0.000000000000000000e+00
8.774999999999999467e-01 4.822379699710416354e-04
8.784999999999999476e-01 1.205594924927604088e-04
8.794999999999999485e-01 1.205594924927604088e-04
8.804999999999999494e-01 2.411189849855208177e-04
8.814999999999999503e-01 1.205594924927604088e-04
8.824999999999999512e-01 1.205594924927604088e-04
8.834999999999999520e-01 2.411189849855208177e-04
8.844999999999999529e-01 2.411189849855208177e-04
8.854999999999999538e-01 2.411189849855208177e-04
8.864999999999999547e-01 2.411189849855208177e-04
8.874999999999999556e-01 4.822379699710416354e-04
8.884999999999999565e-01 3.616784774782812401e-04
8.894999999999999574e-01 1.205594924927604088e-04
8.904999999999999583e-01 1.205594924927604088e-04
8.914999999999999591e-01 0.000000000000000000e+00
8.924999999999999600e-01 1.205594924927604088e-04
8.934999999999999609e-01 0.000000000000000000e+00
8.944999999999999618e-01 2.411189849855208177e-04
8.954999999999999627e-01 0.000000000000000000e+00
8.964999999999999636e-01 2.411189849855208177e-04
8.974999999999999645e-01 1.205594924927604088e-04
8.984999999999999654e-01 1.205594924927604088e-04
8.994999999999999662e-01 2.411189849855208177e-04
9.004999999999999671e-01 0.000000000000000000e+00
9.014999999999999680e-01 4.822379699710416354e-04
9.024999999999999689e-01 0.000000000000000000e+00
9.034999999999999698e-01 3.616784774782812401e-04
9.044999999999999707e-01 1.205594924927604088e-04
9.054999999999999716e-01 0.000000000000000000e+00
9.064999999999999725e-01 2.411189849855208177e-04
9.074999999999999734e-01 1.205594924927604088e-04
9.084999999999999742e-01 1.205594924927604088e-04
9.094999999999999751e-01 1.205594924927604088e-04
9.104999999999999760e-01 0.000000000000000000e+00
9.114999999999999769e-01 1.205594924927604088e-04
9.124999999999999778e-01 1.205594924927604088e-04
9.134999999999999787e-01 0.000000000000000000e+00
9.144999999999999796e-01 2.411189849855208177e-04
9.154999999999999805e-01 2.411189849855208177e-04
9.164999999999999813e-01 0.000000000000000000e+00
9.174999999999999822e-01 2.411189849855208177e-04
9.184999999999999831e-01 0.000000000000000000e+00
9.194999999999999840e-01 1.205594924927604088e-04
9.204999999999999849e-01 1.205594924927604088e-04
9.214999999999999858e-01 2.411189849855208177e-04
9.224999999999999867e-01 1.205594924927604088e-04
9.234999999999999876e-01 1.205594924927604088e-04
9.244999999999999885e-01 1.205594924927604088e-04
9.254999999999999893e-01 0.000000000000000000e+00
9.264999999999999902e-01 1.205594924927604088e-04
9.274999999999999911e-01 0.000000000000000000e+00
9.284999999999999920e-01 3.616784774782812401e-04
9.294999999999999929e-01 0.000000000000000000e+00
9.304999999999999938e-01 1.205594924927604088e-04
9.314999999999999947e-01 0.000000000000000000e+00
9.324999999999999956e-01 2.411189849855208177e-04
9.334999999999999964e-01 2.411189849855208177e-04
9.344999999999999973e-01 0.000000000000000000e+00
9.354999999999999982e-01 2.411189849855208177e-04
9.364999999999999991e-01 0.000000000000000000e+00
9.375000000000000000e-01 1.205594924927604088e-04
9.385000000000000009e-01 1.205594924927604088e-04
9.395000000000000018e-01 2.411189849855208177e-04
9.405000000000000027e-01 1.205594924927604088e-04
9.415000000000000036e-01 0.000000000000000000e+00
9.425000000000000044e-01 0.000000000000000000e+00
9.435000000000000053e-01 1.205594924927604088e-04
9.445000000000000062e-01 1.205594924927604088e-04
9.455000000000000071e-01 0.000000000000000000e+00
9.465000000000000080e-01 2.411189849855208177e-04
9.475000000000000089e-01 0.000000000000000000e+00
9.485000000000000098e-01 2.411189849855208177e-04
9.495000000000000107e-01 0.000000000000000000e+00
9.505000000000000115e-01 0.000000000000000000e+00
9.515000000000000124e-01 0.000000000000000000e+00
9.525000000000000133e-01 0.000000000000000000e+00
9.535000000000000142e-01 2.411189849855208177e-04
9.545000000000000151e-01 0.000000000000000000e+00
9.555000000000000160e-01 0.000000000000000000e+00
9.565000000000000169e-01 1.205594924927604088e-04
9.575000000000000178e-01 1.205594924927604088e-04
9.585000000000000187e-01 2.411189849855208177e-04
9.595000000000000195e-01 0.000000000000000000e+00
9.605000000000000204e-01 0.000000000000000000e+00
9.615000000000000213e-01 2.411189849855208177e-04
9.625000000000000222e-01 0.000000000000000000e+00
9.635000000000000231e-01 0.000000000000000000e+00
9.645000000000000240e-01 0.000000000000000000e+00
9.655000000000000249e-01 0.000000000000000000e+00
9.665000000000000258e-01 0.000000000000000000e+00
9.675000000000000266e-01 0.000000000000000000e+00
9.685000000000000275e-01 0.000000000000000000e+00
9.695000000000000284e-01 0.000000000000000000e+00
9.705000000000000293e-01 0.000000000000000000e+00
9.715000000000000302e-01 0.000000000000000000e+00
9.725000000000000311e-01 0.000000000000000000e+00
9.735000000000000320e-01 0.000000000000000000e+00
9.745000000000000329e-01 0.000000000000000000e+00
9.755000000000000338e-01 0.000000000000000000e+00
9.765000000000000346e-01 0.000000000000000000e+00
9.775000000000000355e-01 0.000000000000000000e+00
9.785000000000000364e-01 2.411189849855208177e-04
9.795000000000000373e-01 0.000000000000000000e+00
9.805000000000000382e-01 0.000000000000000000e+00
9.815000000000000391e-01 2.411189849855208177e-04
9.825000000000000400e-01 2.411189849855208177e-04
9.835000000000000409e-01 1.205594924927604088e-04
9.845000000000000417e-01 0.000000000000000000e+00
9.855000000000000426e-01 0.000000000000000000e+00
9.865000000000000435e-01 0.000000000000000000e+00
9.875000000000000444e-01 0.000000000000000000e+00
9.885000000000000453e-01 1.205594924927604088e-04
9.895000000000000462e-01 1.205594924927604088e-04
9.905000000000000471e-01 0.000000000000000000e+00
9.915000000000000480e-01 0.000000000000000000e+00
9.925000000000000488e-01 0.000000000000000000e+00
9.935000000000000497e-01 0.000000000000000000e+00
9.945000000000000506e-01 0.000000000000000000e+00
9.955000000000000515e-01 1.205594924927604088e-04
9.965000000000000524e-01 0.000000000000000000e+00
9.975000000000000533e-01 1.205594924927604088e-04
9.985000000000000542e-01 1.205594924927604088e-04
9.995000000000000551e-01 0.000000000000000000e+00
1.000499999999999945e+00 0.000000000000000000e+00
