# histogram of 2MPZ dN/dz_pseudo_zsp obtained by convolving dN/dzphot with a generlised Lorentzian of a=2.932 and s=0.01186 
# bin's dN/dzs is normalised to unity area from z=0 to z=1 
# mid_zsp       0.05_zsp_0.10_COUNT  
0.0005 		 1.1652811 
0.0015 		 1.2649429 
0.0025 		 1.3711498 
0.0035 		 1.4840474 
0.0045 		 1.6037554 
0.0055 		 1.7303661 
0.0065 		 1.8639424 
0.0075 		 2.0045169 
0.0085 		 2.1520910 
0.0095 		 2.3066340 
0.0105 		 2.4680829 
0.0115 		 2.6363434 
0.0125 		 2.8112898 
0.0135 		 2.9927669 
0.0145 		 3.1805917 
0.0155 		 3.3745556 
0.0165 		 3.5744274 
0.0175 		 3.7799562 
0.0185 		 3.9908748 
0.0195 		 4.2069035 
0.0205 		 4.4277534 
0.0215 		 4.6531300 
0.0225 		 4.8827368 
0.0235 		 5.1162780 
0.0245 		 5.3534615 
0.0255 		 5.5940005 
0.0265 		 5.8376158 
0.0275 		 6.0840361 
0.0285 		 6.3329986 
0.0295 		 6.5842488 
0.0305 		 6.8375392 
0.0315 		 7.0926281 
0.0325 		 7.3492777 
0.0335 		 7.6072515 
0.0345 		 7.8663119 
0.0355 		 8.1262170 
0.0365 		 8.3867179 
0.0375 		 8.6475554 
0.0385 		 8.9084571 
0.0395 		 9.1691342 
0.0405 		 9.4292790 
0.0415 		 9.6885618 
0.0425 		 9.9466291 
0.0435 		 10.2031009 
0.0445 		 10.4575694 
0.0455 		 10.7095978 
0.0465 		 10.9587190 
0.0475 		 11.2044357 
0.0485 		 11.4462202 
0.0495 		 11.6835157 
0.0505 		 11.9157372 
0.0515 		 12.1422739 
0.0525 		 12.3624918 
0.0535 		 12.5757369 
0.0545 		 12.7813390 
0.0555 		 12.9786168 
0.0565 		 13.1668819 
0.0575 		 13.3454448 
0.0585 		 13.5136203 
0.0595 		 13.6707332 
0.0605 		 13.8161236 
0.0615 		 13.9491527 
0.0625 		 14.0692074 
0.0635 		 14.1757048 
0.0645 		 14.2680958 
0.0655 		 14.3458679 
0.0665 		 14.4085471 
0.0675 		 14.4556987 
0.0685 		 14.4869275 
0.0695 		 14.5018768 
0.0705 		 14.5002263 
0.0715 		 14.4816904 
0.0725 		 14.4460148 
0.0735 		 14.3929730 
0.0745 		 14.3223635 
0.0755 		 14.2340062 
0.0765 		 14.1277395 
0.0775 		 14.0034183 
0.0785 		 13.8609133 
0.0795 		 13.7001110 
0.0805 		 13.5209164 
0.0815 		 13.3232572 
0.0825 		 13.1070918 
0.0835 		 12.8724189 
0.0845 		 12.6192912 
0.0855 		 12.3478322 
0.0865 		 12.0582559 
0.0875 		 11.7508892 
0.0885 		 11.4261962 
0.0895 		 11.0848032 
0.0905 		 10.7275228 
0.0915 		 10.3553757 
0.0925 		 9.9696080 
0.0935 		 9.5717013 
0.0945 		 9.1633746 
0.0955 		 8.7465760 
0.0965 		 8.3234627 
0.0975 		 7.8963691 
0.0985 		 7.4677644 
0.0995 		 7.0401998 
0.1005 		 6.6162488 
0.1015 		 6.1984440 
0.1025 		 5.7892130 
0.1035 		 5.3908179 
0.1045 		 5.0053019 
0.1055 		 4.6344461 
0.1065 		 4.2797375 
0.1075 		 3.9423504 
0.1085 		 3.6231410 
0.1095 		 3.3226534 
0.1105 		 3.0411371 
0.1115 		 2.7785716 
0.1125 		 2.5346982 
0.1135 		 2.3090546 
0.1145 		 2.1010116 
0.1155 		 1.9098087 
0.1165 		 1.7345888 
0.1175 		 1.5744290 
0.1185 		 1.4283685 
0.1195 		 1.2954320 
0.1205 		 1.1746493 
0.1215 		 1.0650711 
0.1225 		 0.9657814 
0.1235 		 0.8759057 
0.1245 		 0.7946177 
0.1255 		 0.7211428 
0.1265 		 0.6547602 
0.1275 		 0.5948030 
0.1285 		 0.5406574 
0.1295 		 0.4917611 
0.1305 		 0.4476010 
0.1315 		 0.4077103 
0.1325 		 0.3716654 
0.1335 		 0.3390832 
0.1345 		 0.3096176 
0.1355 		 0.2829566 
0.1365 		 0.2588191 
0.1375 		 0.2369526 
0.1385 		 0.2171299 
0.1395 		 0.1991472 
0.1405 		 0.1828215 
0.1415 		 0.1679886 
0.1425 		 0.1545013 
0.1435 		 0.1422273 
0.1445 		 0.1310483 
0.1455 		 0.1208580 
0.1465 		 0.1115608 
0.1475 		 0.1030713 
0.1485 		 0.0953125 
0.1495 		 0.0882154 
0.1505 		 0.0817178 
0.1515 		 0.0757640 
0.1525 		 0.0703036 
0.1535 		 0.0652915 
0.1545 		 0.0606869 
0.1555 		 0.0564529 
0.1565 		 0.0525566 
0.1575 		 0.0489679 
0.1585 		 0.0456599 
0.1595 		 0.0426079 
0.1605 		 0.0397900 
0.1615 		 0.0371860 
0.1625 		 0.0347778 
0.1635 		 0.0325490 
0.1645 		 0.0304845 
0.1655 		 0.0285707 
0.1665 		 0.0267954 
0.1675 		 0.0251473 
0.1685 		 0.0236160 
0.1695 		 0.0221924 
0.1705 		 0.0208679 
0.1715 		 0.0196347 
0.1725 		 0.0184858 
0.1735 		 0.0174146 
0.1745 		 0.0164152 
0.1755 		 0.0154822 
0.1765 		 0.0146106 
0.1775 		 0.0137958 
0.1785 		 0.0130337 
0.1795 		 0.0123204 
0.1805 		 0.0116523 
0.1815 		 0.0110263 
0.1825 		 0.0104393 
0.1835 		 0.0098886 
0.1845 		 0.0093716 
0.1855 		 0.0088860 
0.1865 		 0.0084296 
0.1875 		 0.0080004 
0.1885 		 0.0075967 
0.1895 		 0.0072166 
0.1905 		 0.0068586 
0.1915 		 0.0065213 
0.1925 		 0.0062033 
0.1935 		 0.0059033 
0.1945 		 0.0056202 
0.1955 		 0.0053529 
0.1965 		 0.0051004 
0.1975 		 0.0048618 
0.1985 		 0.0046362 
0.1995 		 0.0044227 
0.2005 		 0.0042207 
0.2015 		 0.0040295 
0.2025 		 0.0038483 
0.2035 		 0.0036767 
0.2045 		 0.0035139 
0.2055 		 0.0033596 
0.2065 		 0.0032132 
0.2075 		 0.0030742 
0.2085 		 0.0029422 
0.2095 		 0.0028168 
0.2105 		 0.0026976 
0.2115 		 0.0025844 
0.2125 		 0.0024767 
0.2135 		 0.0023742 
0.2145 		 0.0022766 
0.2155 		 0.0021838 
0.2165 		 0.0020953 
0.2175 		 0.0020111 
0.2185 		 0.0019308 
0.2195 		 0.0018542 
0.2205 		 0.0017812 
0.2215 		 0.0017115 
0.2225 		 0.0016450 
0.2235 		 0.0015816 
0.2245 		 0.0015209 
0.2255 		 0.0014630 
0.2265 		 0.0014077 
0.2275 		 0.0013548 
0.2285 		 0.0013043 
0.2295 		 0.0012559 
0.2305 		 0.0012097 
0.2315 		 0.0011654 
0.2325 		 0.0011230 
0.2335 		 0.0010824 
0.2345 		 0.0010435 
0.2355 		 0.0010063 
0.2365 		 0.0009706 
0.2375 		 0.0009364 
0.2385 		 0.0009036 
0.2395 		 0.0008722 
0.2405 		 0.0008420 
0.2415 		 0.0008130 
0.2425 		 0.0007852 
0.2435 		 0.0007585 
0.2445 		 0.0007329 
0.2455 		 0.0007083 
0.2465 		 0.0006847 
0.2475 		 0.0006619 
0.2485 		 0.0006401 
0.2495 		 0.0006191 
0.2505 		 0.0005989 
0.2515 		 0.0005795 
0.2525 		 0.0005608 
0.2535 		 0.0005428 
0.2545 		 0.0005255 
0.2555 		 0.0005088 
0.2565 		 0.0004928 
0.2575 		 0.0004773 
0.2585 		 0.0004624 
0.2595 		 0.0004481 
0.2605 		 0.0004343 
0.2615 		 0.0004209 
0.2625 		 0.0004081 
0.2635 		 0.0003957 
0.2645 		 0.0003837 
0.2655 		 0.0003722 
0.2665 		 0.0003611 
0.2675 		 0.0003504 
0.2685 		 0.0003400 
0.2695 		 0.0003300 
0.2705 		 0.0003203 
0.2715 		 0.0003110 
0.2725 		 0.0003020 
0.2735 		 0.0002933 
0.2745 		 0.0002849 
0.2755 		 0.0002767 
0.2765 		 0.0002689 
0.2775 		 0.0002613 
0.2785 		 0.0002539 
0.2795 		 0.0002468 
0.2805 		 0.0002400 
0.2815 		 0.0002333 
0.2825 		 0.0002269 
0.2835 		 0.0002206 
0.2845 		 0.0002146 
0.2855 		 0.0002088 
0.2865 		 0.0002031 
0.2875 		 0.0001977 
0.2885 		 0.0001924 
0.2895 		 0.0001872 
0.2905 		 0.0001823 
0.2915 		 0.0001774 
0.2925 		 0.0001728 
0.2935 		 0.0001682 
0.2945 		 0.0001639 
0.2955 		 0.0001596 
0.2965 		 0.0001555 
0.2975 		 0.0001515 
0.2985 		 0.0001476 
0.2995 		 0.0001438 
0.3005 		 0.0001402 
0.3015 		 0.0001367 
0.3025 		 0.0001332 
0.3035 		 0.0001299 
0.3045 		 0.0001266 
0.3055 		 0.0001235 
0.3065 		 0.0001204 
0.3075 		 0.0001175 
0.3085 		 0.0001146 
0.3095 		 0.0001118 
0.3105 		 0.0001091 
0.3115 		 0.0001064 
0.3125 		 0.0001039 
0.3135 		 0.0001014 
0.3145 		 0.0000990 
0.3155 		 0.0000966 
0.3165 		 0.0000943 
0.3175 		 0.0000921 
0.3185 		 0.0000899 
0.3195 		 0.0000878 
0.3205 		 0.0000858 
0.3215 		 0.0000838 
0.3225 		 0.0000818 
0.3235 		 0.0000800 
0.3245 		 0.0000781 
0.3255 		 0.0000763 
0.3265 		 0.0000746 
0.3275 		 0.0000729 
0.3285 		 0.0000713 
0.3295 		 0.0000697 
0.3305 		 0.0000681 
0.3315 		 0.0000666 
0.3325 		 0.0000651 
0.3335 		 0.0000637 
0.3345 		 0.0000623 
0.3355 		 0.0000609 
0.3365 		 0.0000596 
0.3375 		 0.0000583 
0.3385 		 0.0000570 
0.3395 		 0.0000558 
0.3405 		 0.0000546 
0.3415 		 0.0000534 
0.3425 		 0.0000522 
0.3435 		 0.0000511 
0.3445 		 0.0000500 
0.3455 		 0.0000490 
0.3465 		 0.0000479 
0.3475 		 0.0000469 
0.3485 		 0.0000460 
0.3495 		 0.0000450 
0.3505 		 0.0000441 
0.3515 		 0.0000432 
0.3525 		 0.0000423 
0.3535 		 0.0000414 
0.3545 		 0.0000405 
0.3555 		 0.0000397 
0.3565 		 0.0000389 
0.3575 		 0.0000381 
0.3585 		 0.0000373 
0.3595 		 0.0000366 
0.3605 		 0.0000359 
0.3615 		 0.0000351 
0.3625 		 0.0000344 
0.3635 		 0.0000338 
0.3645 		 0.0000331 
0.3655 		 0.0000324 
0.3665 		 0.0000318 
0.3675 		 0.0000312 
0.3685 		 0.0000306 
0.3695 		 0.0000300 
0.3705 		 0.0000294 
0.3715 		 0.0000288 
0.3725 		 0.0000283 
0.3735 		 0.0000277 
0.3745 		 0.0000272 
0.3755 		 0.0000267 
0.3765 		 0.0000262 
0.3775 		 0.0000257 
0.3785 		 0.0000252 
0.3795 		 0.0000247 
0.3805 		 0.0000243 
0.3815 		 0.0000238 
0.3825 		 0.0000234 
0.3835 		 0.0000229 
0.3845 		 0.0000225 
0.3855 		 0.0000221 
0.3865 		 0.0000217 
0.3875 		 0.0000213 
0.3885 		 0.0000209 
0.3895 		 0.0000205 
0.3905 		 0.0000201 
0.3915 		 0.0000198 
0.3925 		 0.0000194 
0.3935 		 0.0000191 
0.3945 		 0.0000187 
0.3955 		 0.0000184 
0.3965 		 0.0000181 
0.3975 		 0.0000177 
0.3985 		 0.0000174 
0.3995 		 0.0000171 
0.4005 		 0.0000168 
0.4015 		 0.0000165 
0.4025 		 0.0000162 
0.4035 		 0.0000160 
0.4045 		 0.0000157 
0.4055 		 0.0000154 
0.4065 		 0.0000151 
0.4075 		 0.0000149 
0.4085 		 0.0000146 
0.4095 		 0.0000144 
0.4105 		 0.0000141 
0.4115 		 0.0000139 
0.4125 		 0.0000136 
0.4135 		 0.0000134 
0.4145 		 0.0000132 
0.4155 		 0.0000130 
0.4165 		 0.0000127 
0.4175 		 0.0000125 
0.4185 		 0.0000123 
0.4195 		 0.0000121 
0.4205 		 0.0000119 
0.4215 		 0.0000117 
0.4225 		 0.0000115 
0.4235 		 0.0000113 
0.4245 		 0.0000112 
0.4255 		 0.0000110 
0.4265 		 0.0000108 
0.4275 		 0.0000106 
0.4285 		 0.0000104 
0.4295 		 0.0000103 
0.4305 		 0.0000101 
0.4315 		 0.0000099 
0.4325 		 0.0000098 
0.4335 		 0.0000096 
0.4345 		 0.0000095 
0.4355 		 0.0000093 
0.4365 		 0.0000092 
0.4375 		 0.0000090 
0.4385 		 0.0000089 
0.4395 		 0.0000087 
0.4405 		 0.0000086 
0.4415 		 0.0000085 
0.4425 		 0.0000083 
0.4435 		 0.0000082 
0.4445 		 0.0000081 
0.4455 		 0.0000080 
0.4465 		 0.0000078 
0.4475 		 0.0000077 
0.4485 		 0.0000076 
0.4495 		 0.0000075 
0.4505 		 0.0000074 
0.4515 		 0.0000073 
0.4525 		 0.0000071 
0.4535 		 0.0000070 
0.4545 		 0.0000069 
0.4555 		 0.0000068 
0.4565 		 0.0000067 
0.4575 		 0.0000066 
0.4585 		 0.0000065 
0.4595 		 0.0000064 
0.4605 		 0.0000063 
0.4615 		 0.0000062 
0.4625 		 0.0000061 
0.4635 		 0.0000061 
0.4645 		 0.0000060 
0.4655 		 0.0000059 
0.4665 		 0.0000058 
0.4675 		 0.0000057 
0.4685 		 0.0000056 
0.4695 		 0.0000055 
0.4705 		 0.0000055 
0.4715 		 0.0000054 
0.4725 		 0.0000053 
0.4735 		 0.0000052 
0.4745 		 0.0000052 
0.4755 		 0.0000051 
0.4765 		 0.0000050 
0.4775 		 0.0000049 
0.4785 		 0.0000049 
0.4795 		 0.0000048 
0.4805 		 0.0000047 
0.4815 		 0.0000047 
0.4825 		 0.0000046 
0.4835 		 0.0000045 
0.4845 		 0.0000045 
0.4855 		 0.0000044 
0.4865 		 0.0000043 
0.4875 		 0.0000043 
0.4885 		 0.0000042 
0.4895 		 0.0000042 
0.4905 		 0.0000041 
0.4915 		 0.0000040 
0.4925 		 0.0000040 
0.4935 		 0.0000039 
0.4945 		 0.0000039 
0.4955 		 0.0000038 
0.4965 		 0.0000038 
0.4975 		 0.0000037 
0.4985 		 0.0000037 
0.4995 		 0.0000036 
0.5005 		 0.0000036 
0.5015 		 0.0000035 
0.5025 		 0.0000035 
0.5035 		 0.0000034 
0.5045 		 0.0000034 
0.5055 		 0.0000033 
0.5065 		 0.0000033 
0.5075 		 0.0000033 
0.5085 		 0.0000032 
0.5095 		 0.0000032 
0.5105 		 0.0000031 
0.5115 		 0.0000031 
0.5125 		 0.0000030 
0.5135 		 0.0000030 
0.5145 		 0.0000030 
0.5155 		 0.0000029 
0.5165 		 0.0000029 
0.5175 		 0.0000029 
0.5185 		 0.0000028 
0.5195 		 0.0000028 
0.5205 		 0.0000027 
0.5215 		 0.0000027 
0.5225 		 0.0000027 
0.5235 		 0.0000026 
0.5245 		 0.0000026 
0.5255 		 0.0000026 
0.5265 		 0.0000025 
0.5275 		 0.0000025 
0.5285 		 0.0000025 
0.5295 		 0.0000024 
0.5305 		 0.0000024 
0.5315 		 0.0000024 
0.5325 		 0.0000024 
0.5335 		 0.0000023 
0.5345 		 0.0000023 
0.5355 		 0.0000023 
0.5365 		 0.0000022 
0.5375 		 0.0000022 
0.5385 		 0.0000022 
0.5395 		 0.0000022 
0.5405 		 0.0000021 
0.5415 		 0.0000021 
0.5425 		 0.0000021 
0.5435 		 0.0000021 
0.5445 		 0.0000020 
0.5455 		 0.0000020 
0.5465 		 0.0000020 
0.5475 		 0.0000020 
0.5485 		 0.0000019 
0.5495 		 0.0000019 
0.5505 		 0.0000019 
0.5515 		 0.0000019 
0.5525 		 0.0000018 
0.5535 		 0.0000018 
0.5545 		 0.0000018 
0.5555 		 0.0000018 
0.5565 		 0.0000018 
0.5575 		 0.0000017 
0.5585 		 0.0000017 
0.5595 		 0.0000017 
0.5605 		 0.0000017 
0.5615 		 0.0000016 
0.5625 		 0.0000016 
0.5635 		 0.0000016 
0.5645 		 0.0000016 
0.5655 		 0.0000016 
0.5665 		 0.0000016 
0.5675 		 0.0000015 
0.5685 		 0.0000015 
0.5695 		 0.0000015 
0.5705 		 0.0000015 
0.5715 		 0.0000015 
0.5725 		 0.0000014 
0.5735 		 0.0000014 
0.5745 		 0.0000014 
0.5755 		 0.0000014 
0.5765 		 0.0000014 
0.5775 		 0.0000014 
0.5785 		 0.0000014 
0.5795 		 0.0000013 
0.5805 		 0.0000013 
0.5815 		 0.0000013 
0.5825 		 0.0000013 
0.5835 		 0.0000013 
0.5845 		 0.0000013 
0.5855 		 0.0000012 
0.5865 		 0.0000012 
0.5875 		 0.0000012 
0.5885 		 0.0000012 
0.5895 		 0.0000012 
0.5905 		 0.0000012 
0.5915 		 0.0000012 
0.5925 		 0.0000012 
0.5935 		 0.0000011 
0.5945 		 0.0000011 
0.5955 		 0.0000011 
0.5965 		 0.0000011 
0.5975 		 0.0000011 
0.5985 		 0.0000011 
0.5995 		 0.0000011 
0.6005 		 0.0000011 
0.6015 		 0.0000010 
0.6025 		 0.0000010 
0.6035 		 0.0000010 
0.6045 		 0.0000010 
0.6055 		 0.0000010 
0.6065 		 0.0000010 
0.6075 		 0.0000010 
0.6085 		 0.0000010 
0.6095 		 0.0000010 
0.6105 		 0.0000009 
0.6115 		 0.0000009 
0.6125 		 0.0000009 
0.6135 		 0.0000009 
0.6145 		 0.0000009 
0.6155 		 0.0000009 
0.6165 		 0.0000009 
0.6175 		 0.0000009 
0.6185 		 0.0000009 
0.6195 		 0.0000009 
0.6205 		 0.0000009 
0.6215 		 0.0000008 
0.6225 		 0.0000008 
0.6235 		 0.0000008 
0.6245 		 0.0000008 
0.6255 		 0.0000008 
0.6265 		 0.0000008 
0.6275 		 0.0000008 
0.6285 		 0.0000008 
0.6295 		 0.0000008 
0.6305 		 0.0000008 
0.6315 		 0.0000008 
0.6325 		 0.0000007 
0.6335 		 0.0000007 
0.6345 		 0.0000007 
0.6355 		 0.0000007 
0.6365 		 0.0000007 
0.6375 		 0.0000007 
0.6385 		 0.0000007 
0.6395 		 0.0000007 
0.6405 		 0.0000007 
0.6415 		 0.0000007 
0.6425 		 0.0000007 
0.6435 		 0.0000007 
0.6445 		 0.0000007 
0.6455 		 0.0000007 
0.6465 		 0.0000006 
0.6475 		 0.0000006 
0.6485 		 0.0000006 
0.6495 		 0.0000006 
0.6505 		 0.0000006 
0.6515 		 0.0000006 
0.6525 		 0.0000006 
0.6535 		 0.0000006 
0.6545 		 0.0000006 
0.6555 		 0.0000006 
0.6565 		 0.0000006 
0.6575 		 0.0000006 
0.6585 		 0.0000006 
0.6595 		 0.0000006 
0.6605 		 0.0000006 
0.6615 		 0.0000006 
0.6625 		 0.0000006 
0.6635 		 0.0000005 
0.6645 		 0.0000005 
0.6655 		 0.0000005 
0.6665 		 0.0000005 
0.6675 		 0.0000005 
0.6685 		 0.0000005 
0.6695 		 0.0000005 
0.6705 		 0.0000005 
0.6715 		 0.0000005 
0.6725 		 0.0000005 
0.6735 		 0.0000005 
0.6745 		 0.0000005 
0.6755 		 0.0000005 
0.6765 		 0.0000005 
0.6775 		 0.0000005 
0.6785 		 0.0000005 
0.6795 		 0.0000005 
0.6805 		 0.0000005 
0.6815 		 0.0000005 
0.6825 		 0.0000005 
0.6835 		 0.0000005 
0.6845 		 0.0000004 
0.6855 		 0.0000004 
0.6865 		 0.0000004 
0.6875 		 0.0000004 
0.6885 		 0.0000004 
0.6895 		 0.0000004 
0.6905 		 0.0000004 
0.6915 		 0.0000004 
0.6925 		 0.0000004 
0.6935 		 0.0000004 
0.6945 		 0.0000004 
0.6955 		 0.0000004 
0.6965 		 0.0000004 
0.6975 		 0.0000004 
0.6985 		 0.0000004 
0.6995 		 0.0000004 
0.7005 		 0.0000004 
0.7015 		 0.0000004 
0.7025 		 0.0000004 
0.7035 		 0.0000004 
0.7045 		 0.0000004 
0.7055 		 0.0000004 
0.7065 		 0.0000004 
0.7075 		 0.0000004 
0.7085 		 0.0000004 
0.7095 		 0.0000004 
0.7105 		 0.0000004 
0.7115 		 0.0000003 
0.7125 		 0.0000003 
0.7135 		 0.0000003 
0.7145 		 0.0000003 
0.7155 		 0.0000003 
0.7165 		 0.0000003 
0.7175 		 0.0000003 
0.7185 		 0.0000003 
0.7195 		 0.0000003 
0.7205 		 0.0000003 
0.7215 		 0.0000003 
0.7225 		 0.0000003 
0.7235 		 0.0000003 
0.7245 		 0.0000003 
0.7255 		 0.0000003 
0.7265 		 0.0000003 
0.7275 		 0.0000003 
0.7285 		 0.0000003 
0.7295 		 0.0000003 
0.7305 		 0.0000003 
0.7315 		 0.0000003 
0.7325 		 0.0000003 
0.7335 		 0.0000003 
0.7345 		 0.0000003 
0.7355 		 0.0000003 
0.7365 		 0.0000003 
0.7375 		 0.0000003 
0.7385 		 0.0000003 
0.7395 		 0.0000003 
0.7405 		 0.0000003 
0.7415 		 0.0000003 
0.7425 		 0.0000003 
0.7435 		 0.0000003 
0.7445 		 0.0000003 
0.7455 		 0.0000003 
0.7465 		 0.0000003 
0.7475 		 0.0000003 
0.7485 		 0.0000003 
0.7495 		 0.0000002 
0.7505 		 0.0000002 
0.7515 		 0.0000002 
0.7525 		 0.0000002 
0.7535 		 0.0000002 
0.7545 		 0.0000002 
0.7555 		 0.0000002 
0.7565 		 0.0000002 
0.7575 		 0.0000002 
0.7585 		 0.0000002 
0.7595 		 0.0000002 
0.7605 		 0.0000002 
0.7615 		 0.0000002 
0.7625 		 0.0000002 
0.7635 		 0.0000002 
0.7645 		 0.0000002 
0.7655 		 0.0000002 
0.7665 		 0.0000002 
0.7675 		 0.0000002 
0.7685 		 0.0000002 
0.7695 		 0.0000002 
0.7705 		 0.0000002 
0.7715 		 0.0000002 
0.7725 		 0.0000002 
0.7735 		 0.0000002 
0.7745 		 0.0000002 
0.7755 		 0.0000002 
0.7765 		 0.0000002 
0.7775 		 0.0000002 
0.7785 		 0.0000002 
0.7795 		 0.0000002 
0.7805 		 0.0000002 
0.7815 		 0.0000002 
0.7825 		 0.0000002 
0.7835 		 0.0000002 
0.7845 		 0.0000002 
0.7855 		 0.0000002 
0.7865 		 0.0000002 
0.7875 		 0.0000002 
0.7885 		 0.0000002 
0.7895 		 0.0000002 
0.7905 		 0.0000002 
0.7915 		 0.0000002 
0.7925 		 0.0000002 
0.7935 		 0.0000002 
0.7945 		 0.0000002 
0.7955 		 0.0000002 
0.7965 		 0.0000002 
0.7975 		 0.0000002 
0.7985 		 0.0000002 
0.7995 		 0.0000002 
0.8005 		 0.0000002 
0.8015 		 0.0000002 
0.8025 		 0.0000002 
0.8035 		 0.0000002 
0.8045 		 0.0000002 
0.8055 		 0.0000002 
0.8065 		 0.0000002 
0.8075 		 0.0000002 
0.8085 		 0.0000002 
0.8095 		 0.0000002 
0.8105 		 0.0000002 
0.8115 		 0.0000001 
0.8125 		 0.0000001 
0.8135 		 0.0000001 
0.8145 		 0.0000001 
0.8155 		 0.0000001 
0.8165 		 0.0000001 
0.8175 		 0.0000001 
0.8185 		 0.0000001 
0.8195 		 0.0000001 
0.8205 		 0.0000001 
0.8215 		 0.0000001 
0.8225 		 0.0000001 
0.8235 		 0.0000001 
0.8245 		 0.0000001 
0.8255 		 0.0000001 
0.8265 		 0.0000001 
0.8275 		 0.0000001 
0.8285 		 0.0000001 
0.8295 		 0.0000001 
0.8305 		 0.0000001 
0.8315 		 0.0000001 
0.8325 		 0.0000001 
0.8335 		 0.0000001 
0.8345 		 0.0000001 
0.8355 		 0.0000001 
0.8365 		 0.0000001 
0.8375 		 0.0000001 
0.8385 		 0.0000001 
0.8395 		 0.0000001 
0.8405 		 0.0000001 
0.8415 		 0.0000001 
0.8425 		 0.0000001 
0.8435 		 0.0000001 
0.8445 		 0.0000001 
0.8455 		 0.0000001 
0.8465 		 0.0000001 
0.8475 		 0.0000001 
0.8485 		 0.0000001 
0.8495 		 0.0000001 
0.8505 		 0.0000001 
0.8515 		 0.0000001 
0.8525 		 0.0000001 
0.8535 		 0.0000001 
0.8545 		 0.0000001 
0.8555 		 0.0000001 
0.8565 		 0.0000001 
0.8575 		 0.0000001 
0.8585 		 0.0000001 
0.8595 		 0.0000001 
0.8605 		 0.0000001 
0.8615 		 0.0000001 
0.8625 		 0.0000001 
0.8635 		 0.0000001 
0.8645 		 0.0000001 
0.8655 		 0.0000001 
0.8665 		 0.0000001 
0.8675 		 0.0000001 
0.8685 		 0.0000001 
0.8695 		 0.0000001 
0.8705 		 0.0000001 
0.8715 		 0.0000001 
0.8725 		 0.0000001 
0.8735 		 0.0000001 
0.8745 		 0.0000001 
0.8755 		 0.0000001 
0.8765 		 0.0000001 
0.8775 		 0.0000001 
0.8785 		 0.0000001 
0.8795 		 0.0000001 
0.8805 		 0.0000001 
0.8815 		 0.0000001 
0.8825 		 0.0000001 
0.8835 		 0.0000001 
0.8845 		 0.0000001 
0.8855 		 0.0000001 
0.8865 		 0.0000001 
0.8875 		 0.0000001 
0.8885 		 0.0000001 
0.8895 		 0.0000001 
0.8905 		 0.0000001 
0.8915 		 0.0000001 
0.8925 		 0.0000001 
0.8935 		 0.0000001 
0.8945 		 0.0000001 
0.8955 		 0.0000001 
0.8965 		 0.0000001 
0.8975 		 0.0000001 
0.8985 		 0.0000001 
0.8995 		 0.0000001 
0.9005 		 0.0000001 
0.9015 		 0.0000001 
0.9025 		 0.0000001 
0.9035 		 0.0000001 
0.9045 		 0.0000001 
0.9055 		 0.0000001 
0.9065 		 0.0000001 
0.9075 		 0.0000001 
0.9085 		 0.0000001 
0.9095 		 0.0000001 
0.9105 		 0.0000001 
0.9115 		 0.0000001 
0.9125 		 0.0000001 
0.9135 		 0.0000001 
0.9145 		 0.0000001 
0.9155 		 0.0000001 
0.9165 		 0.0000001 
0.9175 		 0.0000001 
0.9185 		 0.0000001 
0.9195 		 0.0000001 
0.9205 		 0.0000001 
0.9215 		 0.0000001 
0.9225 		 0.0000001 
0.9235 		 0.0000001 
0.9245 		 0.0000001 
0.9255 		 0.0000001 
0.9265 		 0.0000001 
0.9275 		 0.0000001 
0.9285 		 0.0000001 
0.9295 		 0.0000001 
0.9305 		 0.0000001 
0.9315 		 0.0000001 
0.9325 		 0.0000001 
0.9335 		 0.0000001 
0.9345 		 0.0000001 
0.9355 		 0.0000001 
0.9365 		 0.0000001 
0.9375 		 0.0000001 
0.9385 		 0.0000001 
0.9395 		 0.0000001 
0.9405 		 0.0000001 
0.9415 		 0.0000001 
0.9425 		 0.0000001 
0.9435 		 0.0000001 
0.9445 		 0.0000001 
0.9455 		 0.0000001 
0.9465 		 0.0000001 
0.9475 		 0.0000001 
0.9485 		 0.0000001 
0.9495 		 0.0000001 
0.9505 		 0.0000001 
0.9515 		 0.0000001 
0.9525 		 0.0000001 
0.9535 		 0.0000001 
0.9545 		 0.0000001 
0.9555 		 0.0000001 
0.9565 		 0.0000001 
0.9575 		 0.0000001 
0.9585 		 0.0000001 
0.9595 		 0.0000001 
0.9605 		 0.0000001 
0.9615 		 0.0000001 
0.9625 		 0.0000001 
0.9635 		 0.0000001 
0.9645 		 0.0000000 
0.9655 		 0.0000000 
0.9665 		 0.0000000 
0.9675 		 0.0000000 
0.9685 		 0.0000000 
0.9695 		 0.0000000 
0.9705 		 0.0000000 
0.9715 		 0.0000000 
0.9725 		 0.0000000 
0.9735 		 0.0000000 
0.9745 		 0.0000000 
0.9755 		 0.0000000 
0.9765 		 0.0000000 
0.9775 		 0.0000000 
0.9785 		 0.0000000 
0.9795 		 0.0000000 
0.9805 		 0.0000000 
0.9815 		 0.0000000 
0.9825 		 0.0000000 
0.9835 		 0.0000000 
0.9845 		 0.0000000 
0.9855 		 0.0000000 
0.9865 		 0.0000000 
0.9875 		 0.0000000 
0.9885 		 0.0000000 
0.9895 		 0.0000000 
0.9905 		 0.0000000 
0.9915 		 0.0000000 
0.9925 		 0.0000000 
0.9935 		 0.0000000 
0.9945 		 0.0000000 
0.9955 		 0.0000000 
0.9965 		 0.0000000 
0.9975 		 0.0000000 
0.9985 		 0.0000000 
0.9995 		 0.0000000 
