5.000000000000000104e-04 2.751469999999999957e-02
1.500000000000000031e-03 3.032090000000000132e-02
2.500000000000000052e-03 3.338540000000000257e-02
3.500000000000000073e-03 3.672910000000000064e-02
4.499999999999999660e-03 4.037400000000000017e-02
5.499999999999999681e-03 4.434369999999999978e-02
6.499999999999999702e-03 4.866319999999999674e-02
7.499999999999999722e-03 5.335909999999999959e-02
8.500000000000000611e-03 5.845960000000000045e-02
9.499999999999999764e-03 6.399449999999999583e-02
1.050000000000000065e-02 6.999550000000000216e-02
1.149999999999999981e-02 7.649580000000000268e-02
1.250000000000000069e-02 8.353069999999999939e-02
1.349999999999999985e-02 9.113720000000000154e-02
1.450000000000000074e-02 9.935430000000000650e-02
1.549999999999999989e-02 1.082229999999999998e-01
1.650000000000000078e-02 1.177862999999999966e-01
1.750000000000000167e-02 1.280891000000000113e-01
1.849999999999999908e-02 1.391787999999999914e-01
1.949999999999999997e-02 1.511042999999999970e-01
2.050000000000000086e-02 1.639172000000000129e-01
2.149999999999999828e-02 1.776707999999999898e-01
2.249999999999999917e-02 1.924208000000000029e-01
2.350000000000000006e-02 2.082249999999999934e-01
2.450000000000000094e-02 2.251431999999999878e-01
2.549999999999999836e-02 2.432373999999999925e-01
2.649999999999999925e-02 2.625717000000000190e-01
2.750000000000000014e-02 2.832121000000000222e-01
2.850000000000000103e-02 3.052267000000000174e-01
2.949999999999999845e-02 3.286853000000000136e-01
3.049999999999999933e-02 3.536598000000000241e-01
3.150000000000000022e-02 3.802235999999999949e-01
3.250000000000000111e-02 4.084518999999999789e-01
3.350000000000000200e-02 4.384212000000000109e-01
3.450000000000000289e-02 4.702093999999999996e-01
3.549999999999999684e-02 5.038958999999999522e-01
3.649999999999999772e-02 5.395609000000000099e-01
3.749999999999999861e-02 5.772853999999999486e-01
3.849999999999999950e-02 6.171512999999999582e-01
3.950000000000000039e-02 6.592409000000000185e-01
4.050000000000000128e-02 7.036367000000000038e-01
4.150000000000000216e-02 7.504212000000000105e-01
4.250000000000000305e-02 7.996767000000000181e-01
4.349999999999999700e-02 8.514848999999999890e-01
4.449999999999999789e-02 9.059268000000000320e-01
4.549999999999999878e-02 9.630822999999999467e-01
4.649999999999999967e-02 1.023029699999999931e+00
4.750000000000000056e-02 1.085845600000000077e+00
4.850000000000000144e-02 1.151604700000000037e+00
4.950000000000000233e-02 1.220379000000000103e+00
5.050000000000000322e-02 1.292237800000000103e+00
5.149999999999999717e-02 1.367247199999999996e+00
5.249999999999999806e-02 1.445469899999999974e+00
5.349999999999999895e-02 1.526964299999999941e+00
5.449999999999999983e-02 1.611784899999999965e+00
5.550000000000000072e-02 1.699980999999999964e+00
5.650000000000000161e-02 1.791597200000000001e+00
5.750000000000000250e-02 1.886672300000000080e+00
5.850000000000000339e-02 1.985239100000000034e+00
5.949999999999999734e-02 2.087324399999999969e+00
6.049999999999999822e-02 2.192947999999999897e+00
6.149999999999999911e-02 2.302122699999999966e+00
6.250000000000000000e-02 2.414853700000000103e+00
6.350000000000000089e-02 2.531138700000000075e+00
6.450000000000000178e-02 2.650966799999999957e+00
6.550000000000000266e-02 2.774318699999999804e+00
6.650000000000000355e-02 2.901166499999999981e+00
6.750000000000000444e-02 3.031472799999999967e+00
6.850000000000000533e-02 3.165191000000000088e+00
6.950000000000000622e-02 3.302264699999999831e+00
7.049999999999999323e-02 3.442627799999999905e+00
7.149999999999999412e-02 3.586203900000000111e+00
7.249999999999999500e-02 3.732906400000000069e+00
7.349999999999999589e-02 3.882638299999999987e+00
7.449999999999999678e-02 4.035292100000000381e+00
7.549999999999999767e-02 4.190749900000000139e+00
7.649999999999999856e-02 4.348882699999999879e+00
7.749999999999999944e-02 4.509551599999999993e+00
7.850000000000000033e-02 4.672606400000000271e+00
7.950000000000000122e-02 4.837887099999999663e+00
8.050000000000000211e-02 5.005222999999999978e+00
8.150000000000000300e-02 5.174433299999999569e+00
8.250000000000000389e-02 5.345327199999999834e+00
8.350000000000000477e-02 5.517704300000000117e+00
8.450000000000000566e-02 5.691354800000000047e+00
8.550000000000000655e-02 5.866059800000000379e+00
8.649999999999999356e-02 6.041591600000000284e+00
8.749999999999999445e-02 6.217714599999999869e+00
8.849999999999999534e-02 6.394185000000000230e+00
8.949999999999999623e-02 6.570751999999999704e+00
9.049999999999999711e-02 6.747157900000000375e+00
9.149999999999999800e-02 6.923139199999999605e+00
9.249999999999999889e-02 7.098426400000000136e+00
9.349999999999999978e-02 7.272745399999999805e+00
9.450000000000000067e-02 7.445817899999999767e+00
9.550000000000000155e-02 7.617362100000000247e+00
9.650000000000000244e-02 7.787093500000000112e+00
9.750000000000000333e-02 7.954725599999999730e+00
9.850000000000000422e-02 8.119970800000000821e+00
9.950000000000000511e-02 8.282541000000000153e+00
1.005000000000000060e-01 8.442148700000000616e+00
1.015000000000000069e-01 8.598507700000000753e+00
1.024999999999999939e-01 8.751333699999999993e+00
1.034999999999999948e-01 8.900345800000000196e+00
1.044999999999999957e-01 9.045266599999999713e+00
1.054999999999999966e-01 9.185823499999999697e+00
1.064999999999999974e-01 9.321749399999999852e+00
1.074999999999999983e-01 9.452783699999999456e+00
1.084999999999999992e-01 9.578673000000000215e+00
1.095000000000000001e-01 9.699171599999999671e+00
1.105000000000000010e-01 9.814042900000000458e+00
1.115000000000000019e-01 9.923059800000000763e+00
1.125000000000000028e-01 1.002600550000000013e+01
1.135000000000000037e-01 1.012267399999999995e+01
1.145000000000000046e-01 1.021287129999999976e+01
1.155000000000000054e-01 1.029641550000000016e+01
1.165000000000000063e-01 1.037313769999999913e+01
1.174999999999999933e-01 1.044288249999999962e+01
1.184999999999999942e-01 1.050550840000000008e+01
1.194999999999999951e-01 1.056088839999999962e+01
1.204999999999999960e-01 1.060891050000000035e+01
1.214999999999999969e-01 1.064947770000000027e+01
1.224999999999999978e-01 1.068250890000000020e+01
1.234999999999999987e-01 1.070793849999999914e+01
1.244999999999999996e-01 1.072571720000000006e+01
1.255000000000000004e-01 1.073581180000000046e+01
1.265000000000000013e-01 1.073820530000000062e+01
1.275000000000000022e-01 1.073289710000000063e+01
1.285000000000000031e-01 1.071990300000000040e+01
1.295000000000000040e-01 1.069925500000000085e+01
1.305000000000000049e-01 1.067100109999999979e+01
1.315000000000000058e-01 1.063520540000000025e+01
1.325000000000000067e-01 1.059194749999999985e+01
1.335000000000000075e-01 1.054132260000000088e+01
1.345000000000000084e-01 1.048344089999999973e+01
1.355000000000000093e-01 1.041842720000000000e+01
1.365000000000000102e-01 1.034642050000000069e+01
1.375000000000000111e-01 1.026757360000000041e+01
1.385000000000000120e-01 1.018205260000000045e+01
1.395000000000000129e-01 1.009003610000000073e+01
1.405000000000000138e-01 9.991714800000000452e+00
1.414999999999999869e-01 9.887290699999999433e+00
1.424999999999999878e-01 9.776976499999999959e+00
1.434999999999999887e-01 9.660994999999999777e+00
1.444999999999999896e-01 9.539578199999999342e+00
1.454999999999999905e-01 9.412966700000000131e+00
1.464999999999999913e-01 9.281408499999999506e+00
1.474999999999999922e-01 9.145158999999999594e+00
1.484999999999999931e-01 9.004479399999999245e+00
1.494999999999999940e-01 8.859636300000000020e+00
1.504999999999999949e-01 8.710900900000000391e+00
1.514999999999999958e-01 8.558547900000000652e+00
1.524999999999999967e-01 8.402854899999999461e+00
1.534999999999999976e-01 8.244101699999999866e+00
1.544999999999999984e-01 8.082569200000000009e+00
1.554999999999999993e-01 7.918538599999999761e+00
1.565000000000000002e-01 7.752290900000000207e+00
1.575000000000000011e-01 7.584106000000000236e+00
1.585000000000000020e-01 7.414261800000000235e+00
1.595000000000000029e-01 7.243033699999999797e+00
1.605000000000000038e-01 7.070693600000000245e+00
1.615000000000000047e-01 6.897509799999999913e+00
1.625000000000000056e-01 6.723745499999999709e+00
1.635000000000000064e-01 6.549658899999999839e+00
1.645000000000000073e-01 6.375502499999999628e+00
1.655000000000000082e-01 6.201522100000000037e+00
1.665000000000000091e-01 6.027956900000000395e+00
1.675000000000000100e-01 5.855038500000000035e+00
1.685000000000000109e-01 5.682990799999999787e+00
1.695000000000000118e-01 5.512029599999999974e+00
1.705000000000000127e-01 5.342361999999999611e+00
1.715000000000000135e-01 5.174186100000000010e+00
1.724999999999999867e-01 5.007691099999999729e+00
1.734999999999999876e-01 4.843056699999999992e+00
1.744999999999999885e-01 4.680452700000000021e+00
1.754999999999999893e-01 4.520039699999999883e+00
1.764999999999999902e-01 4.361967800000000395e+00
1.774999999999999911e-01 4.206377400000000044e+00
1.784999999999999920e-01 4.053399100000000033e+00
1.794999999999999929e-01 3.903152899999999814e+00
1.804999999999999938e-01 3.755749300000000179e+00
1.814999999999999947e-01 3.611288500000000123e+00
1.824999999999999956e-01 3.469860900000000026e+00
1.834999999999999964e-01 3.331547200000000153e+00
1.844999999999999973e-01 3.196418500000000051e+00
1.854999999999999982e-01 3.064536400000000160e+00
1.864999999999999991e-01 2.935953200000000152e+00
1.875000000000000000e-01 2.810712200000000216e+00
1.885000000000000009e-01 2.688848099999999963e+00
1.895000000000000018e-01 2.570386800000000083e+00
1.905000000000000027e-01 2.455346399999999818e+00
1.915000000000000036e-01 2.343736600000000170e+00
1.925000000000000044e-01 2.235559900000000155e+00
1.935000000000000053e-01 2.130811200000000127e+00
1.945000000000000062e-01 2.029478800000000138e+00
1.955000000000000071e-01 1.931544099999999986e+00
1.965000000000000080e-01 1.836982399999999904e+00
1.975000000000000089e-01 1.745763200000000070e+00
1.985000000000000098e-01 1.657850400000000057e+00
1.995000000000000107e-01 1.573202699999999954e+00
2.005000000000000115e-01 1.491774200000000050e+00
2.015000000000000124e-01 1.413514399999999949e+00
2.025000000000000133e-01 1.338368900000000083e+00
2.034999999999999865e-01 1.266279399999999944e+00
2.044999999999999873e-01 1.197184400000000037e+00
2.054999999999999882e-01 1.131019500000000066e+00
2.064999999999999891e-01 1.067717500000000097e+00
2.074999999999999900e-01 1.007208700000000068e+00
2.084999999999999909e-01 9.494217999999999824e-01
2.094999999999999918e-01 8.942835000000000090e-01
2.104999999999999927e-01 8.417191000000000534e-01
2.114999999999999936e-01 7.916530000000000511e-01
2.124999999999999944e-01 7.440084000000000142e-01
2.134999999999999953e-01 6.987082999999999489e-01
2.144999999999999962e-01 6.556752000000000136e-01
2.154999999999999971e-01 6.148314000000000279e-01
2.164999999999999980e-01 5.760994000000000392e-01
2.174999999999999989e-01 5.394022000000000538e-01
2.184999999999999998e-01 5.046629999999999727e-01
2.195000000000000007e-01 4.718061000000000060e-01
2.205000000000000016e-01 4.407562999999999898e-01
2.215000000000000024e-01 4.114397000000000193e-01
2.225000000000000033e-01 3.837833999999999968e-01
2.235000000000000042e-01 3.577158999999999756e-01
2.245000000000000051e-01 3.331670999999999938e-01
2.255000000000000060e-01 3.100683000000000189e-01
2.265000000000000069e-01 2.883526000000000145e-01
2.275000000000000078e-01 2.679546999999999901e-01
2.285000000000000087e-01 2.488109000000000015e-01
2.295000000000000095e-01 2.308594999999999953e-01
2.305000000000000104e-01 2.140407000000000004e-01
2.315000000000000113e-01 1.982963000000000087e-01
2.325000000000000122e-01 1.835702999999999918e-01
2.335000000000000131e-01 1.698085000000000011e-01
2.344999999999999862e-01 1.569587000000000065e-01
2.354999999999999871e-01 1.449706000000000050e-01
2.364999999999999880e-01 1.337959999999999983e-01
2.374999999999999889e-01 1.233883999999999953e-01
2.384999999999999898e-01 1.137033999999999961e-01
2.394999999999999907e-01 1.046983999999999970e-01
2.404999999999999916e-01 9.633279999999999621e-02
2.414999999999999925e-01 8.856769999999999921e-02
2.424999999999999933e-01 8.136609999999999676e-02
2.434999999999999942e-01 7.469280000000000364e-02
2.444999999999999951e-01 6.851400000000000545e-02
2.454999999999999960e-01 6.279809999999999559e-02
2.464999999999999969e-01 5.751479999999999787e-02
2.474999999999999978e-01 5.263550000000000173e-02
2.484999999999999987e-01 4.813300000000000217e-02
2.494999999999999996e-01 4.398169999999999857e-02
2.505000000000000004e-01 4.015749999999999875e-02
2.515000000000000013e-01 3.663740000000000052e-02
2.525000000000000022e-01 3.340010000000000201e-02
2.535000000000000031e-01 3.042539999999999828e-02
2.545000000000000040e-01 2.769409999999999927e-02
2.555000000000000049e-01 2.518849999999999908e-02
2.565000000000000058e-01 2.289189999999999975e-02
2.575000000000000067e-01 2.078850000000000142e-02
2.585000000000000075e-01 1.886380000000000001e-02
2.595000000000000084e-01 1.710400000000000115e-02
2.605000000000000093e-01 1.549629999999999931e-02
2.615000000000000102e-01 1.402879999999999926e-02
2.625000000000000111e-01 1.269050000000000039e-02
2.635000000000000120e-01 1.147079999999999975e-02
2.645000000000000129e-01 1.036040000000000051e-02
2.655000000000000138e-01 9.350100000000000078e-03
2.665000000000000147e-01 8.431799999999999712e-03
2.675000000000000155e-01 7.597699999999999766e-03
2.685000000000000164e-01 6.840800000000000179e-03
2.695000000000000173e-01 6.154500000000000248e-03
2.705000000000000182e-01 5.532699999999999771e-03
2.715000000000000191e-01 4.969900000000000186e-03
2.725000000000000200e-01 4.460800000000000008e-03
2.735000000000000209e-01 4.000799999999999669e-03
2.745000000000000218e-01 3.585300000000000032e-03
2.755000000000000226e-01 3.210499999999999812e-03
2.765000000000000235e-01 2.872700000000000167e-03
2.775000000000000244e-01 2.568299999999999923e-03
2.785000000000000253e-01 2.294399999999999825e-03
2.795000000000000262e-01 2.048200000000000021e-03
2.805000000000000271e-01 1.826900000000000008e-03
2.814999999999999725e-01 1.628200000000000003e-03
2.824999999999999734e-01 1.449999999999999900e-03
2.834999999999999742e-01 1.290300000000000084e-03
2.844999999999999751e-01 1.147299999999999969e-03
2.854999999999999760e-01 1.019299999999999894e-03
2.864999999999999769e-01 9.049000000000000403e-04
2.874999999999999778e-01 8.027000000000000498e-04
2.884999999999999787e-01 7.115000000000000014e-04
2.894999999999999796e-01 6.300999999999999743e-04
2.904999999999999805e-01 5.576000000000000010e-04
2.914999999999999813e-01 4.931000000000000053e-04
2.924999999999999822e-01 4.357000000000000196e-04
2.934999999999999831e-01 3.847000000000000267e-04
2.944999999999999840e-01 3.393000000000000074e-04
2.954999999999999849e-01 2.991000000000000061e-04
2.964999999999999858e-01 2.634000000000000057e-04
2.974999999999999867e-01 2.318999999999999989e-04
2.984999999999999876e-01 2.038999999999999960e-04
2.994999999999999885e-01 1.791999999999999919e-04
3.004999999999999893e-01 1.573000000000000017e-04
3.014999999999999902e-01 1.379999999999999933e-04
3.024999999999999911e-01 1.210000000000000002e-04
3.034999999999999920e-01 1.060000000000000016e-04
3.044999999999999929e-01 9.270000000000000353e-05
3.054999999999999938e-01 8.110000000000000618e-05
3.064999999999999947e-01 7.090000000000000219e-05
3.074999999999999956e-01 6.190000000000000027e-05
3.084999999999999964e-01 5.399999999999999798e-05
3.094999999999999973e-01 4.709999999999999967e-05
3.104999999999999982e-01 4.100000000000000047e-05
3.114999999999999991e-01 3.570000000000000040e-05
3.125000000000000000e-01 3.100000000000000135e-05
3.135000000000000009e-01 2.699999999999999899e-05
3.145000000000000018e-01 2.339999999999999958e-05
3.155000000000000027e-01 2.029999999999999876e-05
3.165000000000000036e-01 1.760000000000000090e-05
3.175000000000000044e-01 1.529999999999999920e-05
3.185000000000000053e-01 1.320000000000000067e-05
3.195000000000000062e-01 1.139999999999999927e-05
3.205000000000000071e-01 9.900000000000000081e-06
3.215000000000000080e-01 8.499999999999999933e-06
3.225000000000000089e-01 7.300000000000000411e-06
3.235000000000000098e-01 6.299999999999999821e-06
3.245000000000000107e-01 5.499999999999999857e-06
3.255000000000000115e-01 4.699999999999999893e-06
3.265000000000000124e-01 3.999999999999999819e-06
3.275000000000000133e-01 3.499999999999999947e-06
3.285000000000000142e-01 3.000000000000000076e-06
3.295000000000000151e-01 2.600000000000000094e-06
3.305000000000000160e-01 2.200000000000000112e-06
3.315000000000000169e-01 1.900000000000000020e-06
3.325000000000000178e-01 1.599999999999999928e-06
3.335000000000000187e-01 1.399999999999999937e-06
3.345000000000000195e-01 1.199999999999999946e-06
3.355000000000000204e-01 9.999999999999999547e-07
3.365000000000000213e-01 8.999999999999999593e-07
3.375000000000000222e-01 6.999999999999999683e-07
3.385000000000000231e-01 5.999999999999999728e-07
3.395000000000000240e-01 4.999999999999999774e-07
3.405000000000000249e-01 3.999999999999999819e-07
3.415000000000000258e-01 3.999999999999999819e-07
3.425000000000000266e-01 2.999999999999999864e-07
3.435000000000000275e-01 2.999999999999999864e-07
3.444999999999999729e-01 1.999999999999999909e-07
3.454999999999999738e-01 1.999999999999999909e-07
3.464999999999999747e-01 1.999999999999999909e-07
3.474999999999999756e-01 9.999999999999999547e-08
3.484999999999999765e-01 9.999999999999999547e-08
3.494999999999999774e-01 9.999999999999999547e-08
3.504999999999999782e-01 9.999999999999999547e-08
3.514999999999999791e-01 9.999999999999999547e-08
3.524999999999999800e-01 9.999999999999999547e-08
3.534999999999999809e-01 9.999999999999999547e-08
3.544999999999999818e-01 0.000000000000000000e+00
3.554999999999999827e-01 0.000000000000000000e+00
3.564999999999999836e-01 0.000000000000000000e+00
3.574999999999999845e-01 0.000000000000000000e+00
3.584999999999999853e-01 0.000000000000000000e+00
3.594999999999999862e-01 0.000000000000000000e+00
3.604999999999999871e-01 0.000000000000000000e+00
3.614999999999999880e-01 0.000000000000000000e+00
3.624999999999999889e-01 0.000000000000000000e+00
3.634999999999999898e-01 0.000000000000000000e+00
3.644999999999999907e-01 0.000000000000000000e+00
3.654999999999999916e-01 0.000000000000000000e+00
3.664999999999999925e-01 0.000000000000000000e+00
3.674999999999999933e-01 0.000000000000000000e+00
3.684999999999999942e-01 0.000000000000000000e+00
3.694999999999999951e-01 0.000000000000000000e+00
3.704999999999999960e-01 0.000000000000000000e+00
3.714999999999999969e-01 0.000000000000000000e+00
3.724999999999999978e-01 0.000000000000000000e+00
3.734999999999999987e-01 0.000000000000000000e+00
3.744999999999999996e-01 0.000000000000000000e+00
3.755000000000000004e-01 0.000000000000000000e+00
3.765000000000000013e-01 0.000000000000000000e+00
3.775000000000000022e-01 0.000000000000000000e+00
3.785000000000000031e-01 0.000000000000000000e+00
3.795000000000000040e-01 0.000000000000000000e+00
3.805000000000000049e-01 0.000000000000000000e+00
3.815000000000000058e-01 0.000000000000000000e+00
3.825000000000000067e-01 0.000000000000000000e+00
3.835000000000000075e-01 0.000000000000000000e+00
3.845000000000000084e-01 0.000000000000000000e+00
3.855000000000000093e-01 0.000000000000000000e+00
3.865000000000000102e-01 0.000000000000000000e+00
3.875000000000000111e-01 0.000000000000000000e+00
3.885000000000000120e-01 0.000000000000000000e+00
3.895000000000000129e-01 0.000000000000000000e+00
3.905000000000000138e-01 0.000000000000000000e+00
3.915000000000000147e-01 0.000000000000000000e+00
3.925000000000000155e-01 0.000000000000000000e+00
3.935000000000000164e-01 0.000000000000000000e+00
3.945000000000000173e-01 0.000000000000000000e+00
3.955000000000000182e-01 0.000000000000000000e+00
3.965000000000000191e-01 0.000000000000000000e+00
3.975000000000000200e-01 0.000000000000000000e+00
3.985000000000000209e-01 0.000000000000000000e+00
3.995000000000000218e-01 0.000000000000000000e+00
4.005000000000000226e-01 0.000000000000000000e+00
4.015000000000000235e-01 0.000000000000000000e+00
4.025000000000000244e-01 0.000000000000000000e+00
4.035000000000000253e-01 0.000000000000000000e+00
4.045000000000000262e-01 0.000000000000000000e+00
4.055000000000000271e-01 0.000000000000000000e+00
4.064999999999999725e-01 0.000000000000000000e+00
4.074999999999999734e-01 0.000000000000000000e+00
4.084999999999999742e-01 0.000000000000000000e+00
4.094999999999999751e-01 0.000000000000000000e+00
4.104999999999999760e-01 0.000000000000000000e+00
4.114999999999999769e-01 0.000000000000000000e+00
4.124999999999999778e-01 0.000000000000000000e+00
4.134999999999999787e-01 0.000000000000000000e+00
4.144999999999999796e-01 0.000000000000000000e+00
4.154999999999999805e-01 0.000000000000000000e+00
4.164999999999999813e-01 0.000000000000000000e+00
4.174999999999999822e-01 0.000000000000000000e+00
4.184999999999999831e-01 0.000000000000000000e+00
4.194999999999999840e-01 0.000000000000000000e+00
4.204999999999999849e-01 0.000000000000000000e+00
4.214999999999999858e-01 0.000000000000000000e+00
4.224999999999999867e-01 0.000000000000000000e+00
4.234999999999999876e-01 0.000000000000000000e+00
4.244999999999999885e-01 0.000000000000000000e+00
4.254999999999999893e-01 0.000000000000000000e+00
4.264999999999999902e-01 0.000000000000000000e+00
4.274999999999999911e-01 0.000000000000000000e+00
4.284999999999999920e-01 0.000000000000000000e+00
4.294999999999999929e-01 0.000000000000000000e+00
4.304999999999999938e-01 0.000000000000000000e+00
4.314999999999999947e-01 0.000000000000000000e+00
4.324999999999999956e-01 0.000000000000000000e+00
4.334999999999999964e-01 0.000000000000000000e+00
4.344999999999999973e-01 0.000000000000000000e+00
4.354999999999999982e-01 0.000000000000000000e+00
4.364999999999999991e-01 0.000000000000000000e+00
4.375000000000000000e-01 0.000000000000000000e+00
4.385000000000000009e-01 0.000000000000000000e+00
4.395000000000000018e-01 0.000000000000000000e+00
4.405000000000000027e-01 0.000000000000000000e+00
4.415000000000000036e-01 0.000000000000000000e+00
4.425000000000000044e-01 0.000000000000000000e+00
4.435000000000000053e-01 0.000000000000000000e+00
4.445000000000000062e-01 0.000000000000000000e+00
4.455000000000000071e-01 0.000000000000000000e+00
4.465000000000000080e-01 0.000000000000000000e+00
4.475000000000000089e-01 0.000000000000000000e+00
4.485000000000000098e-01 0.000000000000000000e+00
4.495000000000000107e-01 0.000000000000000000e+00
4.505000000000000115e-01 0.000000000000000000e+00
4.515000000000000124e-01 0.000000000000000000e+00
4.525000000000000133e-01 0.000000000000000000e+00
4.535000000000000142e-01 0.000000000000000000e+00
4.545000000000000151e-01 0.000000000000000000e+00
4.555000000000000160e-01 0.000000000000000000e+00
4.565000000000000169e-01 0.000000000000000000e+00
4.575000000000000178e-01 0.000000000000000000e+00
4.585000000000000187e-01 0.000000000000000000e+00
4.595000000000000195e-01 0.000000000000000000e+00
4.605000000000000204e-01 0.000000000000000000e+00
4.615000000000000213e-01 0.000000000000000000e+00
4.625000000000000222e-01 0.000000000000000000e+00
4.635000000000000231e-01 0.000000000000000000e+00
4.645000000000000240e-01 0.000000000000000000e+00
4.655000000000000249e-01 0.000000000000000000e+00
4.665000000000000258e-01 0.000000000000000000e+00
4.675000000000000266e-01 0.000000000000000000e+00
4.685000000000000275e-01 0.000000000000000000e+00
4.694999999999999729e-01 0.000000000000000000e+00
4.704999999999999738e-01 0.000000000000000000e+00
4.714999999999999747e-01 0.000000000000000000e+00
4.724999999999999756e-01 0.000000000000000000e+00
4.734999999999999765e-01 0.000000000000000000e+00
4.744999999999999774e-01 0.000000000000000000e+00
4.754999999999999782e-01 0.000000000000000000e+00
4.764999999999999791e-01 0.000000000000000000e+00
4.774999999999999800e-01 0.000000000000000000e+00
4.784999999999999809e-01 0.000000000000000000e+00
4.794999999999999818e-01 0.000000000000000000e+00
4.804999999999999827e-01 0.000000000000000000e+00
4.814999999999999836e-01 0.000000000000000000e+00
4.824999999999999845e-01 0.000000000000000000e+00
4.834999999999999853e-01 0.000000000000000000e+00
4.844999999999999862e-01 0.000000000000000000e+00
4.854999999999999871e-01 0.000000000000000000e+00
4.864999999999999880e-01 0.000000000000000000e+00
4.874999999999999889e-01 0.000000000000000000e+00
4.884999999999999898e-01 0.000000000000000000e+00
4.894999999999999907e-01 0.000000000000000000e+00
4.904999999999999916e-01 0.000000000000000000e+00
4.914999999999999925e-01 0.000000000000000000e+00
4.924999999999999933e-01 0.000000000000000000e+00
4.934999999999999942e-01 0.000000000000000000e+00
4.944999999999999951e-01 0.000000000000000000e+00
4.954999999999999960e-01 0.000000000000000000e+00
4.964999999999999969e-01 0.000000000000000000e+00
4.974999999999999978e-01 0.000000000000000000e+00
4.984999999999999987e-01 0.000000000000000000e+00
4.994999999999999996e-01 0.000000000000000000e+00
5.004999999999999449e-01 0.000000000000000000e+00
5.014999999999999458e-01 0.000000000000000000e+00
5.024999999999999467e-01 0.000000000000000000e+00
5.034999999999999476e-01 0.000000000000000000e+00
5.044999999999999485e-01 0.000000000000000000e+00
5.054999999999999494e-01 0.000000000000000000e+00
5.064999999999999503e-01 0.000000000000000000e+00
5.074999999999999512e-01 0.000000000000000000e+00
5.084999999999999520e-01 0.000000000000000000e+00
5.094999999999999529e-01 0.000000000000000000e+00
5.104999999999999538e-01 0.000000000000000000e+00
5.114999999999999547e-01 0.000000000000000000e+00
5.124999999999999556e-01 0.000000000000000000e+00
5.134999999999999565e-01 0.000000000000000000e+00
5.144999999999999574e-01 0.000000000000000000e+00
5.154999999999999583e-01 0.000000000000000000e+00
5.164999999999999591e-01 0.000000000000000000e+00
5.174999999999999600e-01 0.000000000000000000e+00
5.184999999999999609e-01 0.000000000000000000e+00
5.194999999999999618e-01 0.000000000000000000e+00
5.204999999999999627e-01 0.000000000000000000e+00
5.214999999999999636e-01 0.000000000000000000e+00
5.224999999999999645e-01 0.000000000000000000e+00
5.234999999999999654e-01 0.000000000000000000e+00
5.244999999999999662e-01 0.000000000000000000e+00
5.254999999999999671e-01 0.000000000000000000e+00
5.264999999999999680e-01 0.000000000000000000e+00
5.274999999999999689e-01 0.000000000000000000e+00
5.284999999999999698e-01 0.000000000000000000e+00
5.294999999999999707e-01 0.000000000000000000e+00
5.304999999999999716e-01 0.000000000000000000e+00
5.314999999999999725e-01 0.000000000000000000e+00
5.324999999999999734e-01 0.000000000000000000e+00
5.334999999999999742e-01 0.000000000000000000e+00
5.344999999999999751e-01 0.000000000000000000e+00
5.354999999999999760e-01 0.000000000000000000e+00
5.364999999999999769e-01 0.000000000000000000e+00
5.374999999999999778e-01 0.000000000000000000e+00
5.384999999999999787e-01 0.000000000000000000e+00
5.394999999999999796e-01 0.000000000000000000e+00
5.404999999999999805e-01 0.000000000000000000e+00
5.414999999999999813e-01 0.000000000000000000e+00
5.424999999999999822e-01 0.000000000000000000e+00
5.434999999999999831e-01 0.000000000000000000e+00
5.444999999999999840e-01 0.000000000000000000e+00
5.454999999999999849e-01 0.000000000000000000e+00
5.464999999999999858e-01 0.000000000000000000e+00
5.474999999999999867e-01 0.000000000000000000e+00
5.484999999999999876e-01 0.000000000000000000e+00
5.494999999999999885e-01 0.000000000000000000e+00
5.504999999999999893e-01 0.000000000000000000e+00
5.514999999999999902e-01 0.000000000000000000e+00
5.524999999999999911e-01 0.000000000000000000e+00
5.534999999999999920e-01 0.000000000000000000e+00
5.544999999999999929e-01 0.000000000000000000e+00
5.554999999999999938e-01 0.000000000000000000e+00
5.564999999999999947e-01 0.000000000000000000e+00
5.574999999999999956e-01 0.000000000000000000e+00
5.584999999999999964e-01 0.000000000000000000e+00
5.594999999999999973e-01 0.000000000000000000e+00
5.604999999999999982e-01 0.000000000000000000e+00
5.614999999999999991e-01 0.000000000000000000e+00
5.625000000000000000e-01 0.000000000000000000e+00
5.635000000000000009e-01 0.000000000000000000e+00
5.645000000000000018e-01 0.000000000000000000e+00
5.655000000000000027e-01 0.000000000000000000e+00
5.665000000000000036e-01 0.000000000000000000e+00
5.675000000000000044e-01 0.000000000000000000e+00
5.685000000000000053e-01 0.000000000000000000e+00
5.695000000000000062e-01 0.000000000000000000e+00
5.705000000000000071e-01 0.000000000000000000e+00
5.715000000000000080e-01 0.000000000000000000e+00
5.725000000000000089e-01 0.000000000000000000e+00
5.735000000000000098e-01 0.000000000000000000e+00
5.745000000000000107e-01 0.000000000000000000e+00
5.755000000000000115e-01 0.000000000000000000e+00
5.765000000000000124e-01 0.000000000000000000e+00
5.775000000000000133e-01 0.000000000000000000e+00
5.785000000000000142e-01 0.000000000000000000e+00
5.795000000000000151e-01 0.000000000000000000e+00
5.805000000000000160e-01 0.000000000000000000e+00
5.815000000000000169e-01 0.000000000000000000e+00
5.825000000000000178e-01 0.000000000000000000e+00
5.835000000000000187e-01 0.000000000000000000e+00
5.845000000000000195e-01 0.000000000000000000e+00
5.855000000000000204e-01 0.000000000000000000e+00
5.865000000000000213e-01 0.000000000000000000e+00
5.875000000000000222e-01 0.000000000000000000e+00
5.885000000000000231e-01 0.000000000000000000e+00
5.895000000000000240e-01 0.000000000000000000e+00
5.905000000000000249e-01 0.000000000000000000e+00
5.915000000000000258e-01 0.000000000000000000e+00
5.925000000000000266e-01 0.000000000000000000e+00
5.935000000000000275e-01 0.000000000000000000e+00
5.945000000000000284e-01 0.000000000000000000e+00
5.955000000000000293e-01 0.000000000000000000e+00
5.965000000000000302e-01 0.000000000000000000e+00
5.975000000000000311e-01 0.000000000000000000e+00
5.985000000000000320e-01 0.000000000000000000e+00
5.995000000000000329e-01 0.000000000000000000e+00
6.005000000000000338e-01 0.000000000000000000e+00
6.015000000000000346e-01 0.000000000000000000e+00
6.025000000000000355e-01 0.000000000000000000e+00
6.035000000000000364e-01 0.000000000000000000e+00
6.045000000000000373e-01 0.000000000000000000e+00
6.055000000000000382e-01 0.000000000000000000e+00
6.065000000000000391e-01 0.000000000000000000e+00
6.075000000000000400e-01 0.000000000000000000e+00
6.085000000000000409e-01 0.000000000000000000e+00
6.095000000000000417e-01 0.000000000000000000e+00
6.105000000000000426e-01 0.000000000000000000e+00
6.115000000000000435e-01 0.000000000000000000e+00
6.125000000000000444e-01 0.000000000000000000e+00
6.135000000000000453e-01 0.000000000000000000e+00
6.145000000000000462e-01 0.000000000000000000e+00
6.155000000000000471e-01 0.000000000000000000e+00
6.165000000000000480e-01 0.000000000000000000e+00
6.175000000000000488e-01 0.000000000000000000e+00
6.185000000000000497e-01 0.000000000000000000e+00
6.195000000000000506e-01 0.000000000000000000e+00
6.205000000000000515e-01 0.000000000000000000e+00
6.215000000000000524e-01 0.000000000000000000e+00
6.225000000000000533e-01 0.000000000000000000e+00
6.235000000000000542e-01 0.000000000000000000e+00
6.245000000000000551e-01 0.000000000000000000e+00
6.254999999999999449e-01 0.000000000000000000e+00
6.264999999999999458e-01 0.000000000000000000e+00
6.274999999999999467e-01 0.000000000000000000e+00
6.284999999999999476e-01 0.000000000000000000e+00
6.294999999999999485e-01 0.000000000000000000e+00
6.304999999999999494e-01 0.000000000000000000e+00
6.314999999999999503e-01 0.000000000000000000e+00
6.324999999999999512e-01 0.000000000000000000e+00
6.334999999999999520e-01 0.000000000000000000e+00
6.344999999999999529e-01 0.000000000000000000e+00
6.354999999999999538e-01 0.000000000000000000e+00
6.364999999999999547e-01 0.000000000000000000e+00
6.374999999999999556e-01 0.000000000000000000e+00
6.384999999999999565e-01 0.000000000000000000e+00
6.394999999999999574e-01 0.000000000000000000e+00
6.404999999999999583e-01 0.000000000000000000e+00
6.414999999999999591e-01 0.000000000000000000e+00
6.424999999999999600e-01 0.000000000000000000e+00
6.434999999999999609e-01 0.000000000000000000e+00
6.444999999999999618e-01 0.000000000000000000e+00
6.454999999999999627e-01 0.000000000000000000e+00
6.464999999999999636e-01 0.000000000000000000e+00
6.474999999999999645e-01 0.000000000000000000e+00
6.484999999999999654e-01 0.000000000000000000e+00
6.494999999999999662e-01 0.000000000000000000e+00
6.504999999999999671e-01 0.000000000000000000e+00
6.514999999999999680e-01 0.000000000000000000e+00
6.524999999999999689e-01 0.000000000000000000e+00
6.534999999999999698e-01 0.000000000000000000e+00
6.544999999999999707e-01 0.000000000000000000e+00
6.554999999999999716e-01 0.000000000000000000e+00
6.564999999999999725e-01 0.000000000000000000e+00
6.574999999999999734e-01 0.000000000000000000e+00
6.584999999999999742e-01 0.000000000000000000e+00
6.594999999999999751e-01 0.000000000000000000e+00
6.604999999999999760e-01 0.000000000000000000e+00
6.614999999999999769e-01 0.000000000000000000e+00
6.624999999999999778e-01 0.000000000000000000e+00
6.634999999999999787e-01 0.000000000000000000e+00
6.644999999999999796e-01 0.000000000000000000e+00
6.654999999999999805e-01 0.000000000000000000e+00
6.664999999999999813e-01 0.000000000000000000e+00
6.674999999999999822e-01 0.000000000000000000e+00
6.684999999999999831e-01 0.000000000000000000e+00
6.694999999999999840e-01 0.000000000000000000e+00
6.704999999999999849e-01 0.000000000000000000e+00
6.714999999999999858e-01 0.000000000000000000e+00
6.724999999999999867e-01 0.000000000000000000e+00
6.734999999999999876e-01 0.000000000000000000e+00
6.744999999999999885e-01 0.000000000000000000e+00
6.754999999999999893e-01 0.000000000000000000e+00
6.764999999999999902e-01 0.000000000000000000e+00
6.774999999999999911e-01 0.000000000000000000e+00
6.784999999999999920e-01 0.000000000000000000e+00
6.794999999999999929e-01 0.000000000000000000e+00
6.804999999999999938e-01 0.000000000000000000e+00
6.814999999999999947e-01 0.000000000000000000e+00
6.824999999999999956e-01 0.000000000000000000e+00
6.834999999999999964e-01 0.000000000000000000e+00
6.844999999999999973e-01 0.000000000000000000e+00
6.854999999999999982e-01 0.000000000000000000e+00
6.864999999999999991e-01 0.000000000000000000e+00
6.875000000000000000e-01 0.000000000000000000e+00
6.885000000000000009e-01 0.000000000000000000e+00
6.895000000000000018e-01 0.000000000000000000e+00
6.905000000000000027e-01 0.000000000000000000e+00
6.915000000000000036e-01 0.000000000000000000e+00
6.925000000000000044e-01 0.000000000000000000e+00
6.935000000000000053e-01 0.000000000000000000e+00
6.945000000000000062e-01 0.000000000000000000e+00
6.955000000000000071e-01 0.000000000000000000e+00
6.965000000000000080e-01 0.000000000000000000e+00
6.975000000000000089e-01 0.000000000000000000e+00
6.985000000000000098e-01 0.000000000000000000e+00
6.995000000000000107e-01 0.000000000000000000e+00
7.005000000000000115e-01 0.000000000000000000e+00
7.015000000000000124e-01 0.000000000000000000e+00
7.025000000000000133e-01 0.000000000000000000e+00
7.035000000000000142e-01 0.000000000000000000e+00
7.045000000000000151e-01 0.000000000000000000e+00
7.055000000000000160e-01 0.000000000000000000e+00
7.065000000000000169e-01 0.000000000000000000e+00
7.075000000000000178e-01 0.000000000000000000e+00
7.085000000000000187e-01 0.000000000000000000e+00
7.095000000000000195e-01 0.000000000000000000e+00
7.105000000000000204e-01 0.000000000000000000e+00
7.115000000000000213e-01 0.000000000000000000e+00
7.125000000000000222e-01 0.000000000000000000e+00
7.135000000000000231e-01 0.000000000000000000e+00
7.145000000000000240e-01 0.000000000000000000e+00
7.155000000000000249e-01 0.000000000000000000e+00
7.165000000000000258e-01 0.000000000000000000e+00
7.175000000000000266e-01 0.000000000000000000e+00
7.185000000000000275e-01 0.000000000000000000e+00
7.195000000000000284e-01 0.000000000000000000e+00
7.205000000000000293e-01 0.000000000000000000e+00
7.215000000000000302e-01 0.000000000000000000e+00
7.225000000000000311e-01 0.000000000000000000e+00
7.235000000000000320e-01 0.000000000000000000e+00
7.245000000000000329e-01 0.000000000000000000e+00
7.255000000000000338e-01 0.000000000000000000e+00
7.265000000000000346e-01 0.000000000000000000e+00
7.275000000000000355e-01 0.000000000000000000e+00
7.285000000000000364e-01 0.000000000000000000e+00
7.295000000000000373e-01 0.000000000000000000e+00
7.305000000000000382e-01 0.000000000000000000e+00
7.315000000000000391e-01 0.000000000000000000e+00
7.325000000000000400e-01 0.000000000000000000e+00
7.335000000000000409e-01 0.000000000000000000e+00
7.345000000000000417e-01 0.000000000000000000e+00
7.355000000000000426e-01 0.000000000000000000e+00
7.365000000000000435e-01 0.000000000000000000e+00
7.375000000000000444e-01 0.000000000000000000e+00
7.385000000000000453e-01 0.000000000000000000e+00
7.395000000000000462e-01 0.000000000000000000e+00
7.405000000000000471e-01 0.000000000000000000e+00
7.415000000000000480e-01 0.000000000000000000e+00
7.425000000000000488e-01 0.000000000000000000e+00
7.435000000000000497e-01 0.000000000000000000e+00
7.445000000000000506e-01 0.000000000000000000e+00
7.455000000000000515e-01 0.000000000000000000e+00
7.465000000000000524e-01 0.000000000000000000e+00
7.475000000000000533e-01 0.000000000000000000e+00
7.485000000000000542e-01 0.000000000000000000e+00
7.495000000000000551e-01 0.000000000000000000e+00
7.504999999999999449e-01 0.000000000000000000e+00
7.514999999999999458e-01 0.000000000000000000e+00
7.524999999999999467e-01 0.000000000000000000e+00
7.534999999999999476e-01 0.000000000000000000e+00
7.544999999999999485e-01 0.000000000000000000e+00
7.554999999999999494e-01 0.000000000000000000e+00
7.564999999999999503e-01 0.000000000000000000e+00
7.574999999999999512e-01 0.000000000000000000e+00
7.584999999999999520e-01 0.000000000000000000e+00
7.594999999999999529e-01 0.000000000000000000e+00
7.604999999999999538e-01 0.000000000000000000e+00
7.614999999999999547e-01 0.000000000000000000e+00
7.624999999999999556e-01 0.000000000000000000e+00
7.634999999999999565e-01 0.000000000000000000e+00
7.644999999999999574e-01 0.000000000000000000e+00
7.654999999999999583e-01 0.000000000000000000e+00
7.664999999999999591e-01 0.000000000000000000e+00
7.674999999999999600e-01 0.000000000000000000e+00
7.684999999999999609e-01 0.000000000000000000e+00
7.694999999999999618e-01 0.000000000000000000e+00
7.704999999999999627e-01 0.000000000000000000e+00
7.714999999999999636e-01 0.000000000000000000e+00
7.724999999999999645e-01 0.000000000000000000e+00
7.734999999999999654e-01 0.000000000000000000e+00
7.744999999999999662e-01 0.000000000000000000e+00
7.754999999999999671e-01 0.000000000000000000e+00
7.764999999999999680e-01 0.000000000000000000e+00
7.774999999999999689e-01 0.000000000000000000e+00
7.784999999999999698e-01 0.000000000000000000e+00
7.794999999999999707e-01 0.000000000000000000e+00
7.804999999999999716e-01 0.000000000000000000e+00
7.814999999999999725e-01 0.000000000000000000e+00
7.824999999999999734e-01 0.000000000000000000e+00
7.834999999999999742e-01 0.000000000000000000e+00
7.844999999999999751e-01 0.000000000000000000e+00
7.854999999999999760e-01 0.000000000000000000e+00
7.864999999999999769e-01 0.000000000000000000e+00
7.874999999999999778e-01 0.000000000000000000e+00
7.884999999999999787e-01 0.000000000000000000e+00
7.894999999999999796e-01 0.000000000000000000e+00
7.904999999999999805e-01 0.000000000000000000e+00
7.914999999999999813e-01 0.000000000000000000e+00
7.924999999999999822e-01 0.000000000000000000e+00
7.934999999999999831e-01 0.000000000000000000e+00
7.944999999999999840e-01 0.000000000000000000e+00
7.954999999999999849e-01 0.000000000000000000e+00
7.964999999999999858e-01 0.000000000000000000e+00
7.974999999999999867e-01 0.000000000000000000e+00
7.984999999999999876e-01 0.000000000000000000e+00
7.994999999999999885e-01 0.000000000000000000e+00
8.004999999999999893e-01 0.000000000000000000e+00
8.014999999999999902e-01 0.000000000000000000e+00
8.024999999999999911e-01 0.000000000000000000e+00
8.034999999999999920e-01 0.000000000000000000e+00
8.044999999999999929e-01 0.000000000000000000e+00
8.054999999999999938e-01 0.000000000000000000e+00
8.064999999999999947e-01 0.000000000000000000e+00
8.074999999999999956e-01 0.000000000000000000e+00
8.084999999999999964e-01 0.000000000000000000e+00
8.094999999999999973e-01 0.000000000000000000e+00
8.104999999999999982e-01 0.000000000000000000e+00
8.114999999999999991e-01 0.000000000000000000e+00
8.125000000000000000e-01 0.000000000000000000e+00
8.135000000000000009e-01 0.000000000000000000e+00
8.145000000000000018e-01 0.000000000000000000e+00
8.155000000000000027e-01 0.000000000000000000e+00
8.165000000000000036e-01 0.000000000000000000e+00
8.175000000000000044e-01 0.000000000000000000e+00
8.185000000000000053e-01 0.000000000000000000e+00
8.195000000000000062e-01 0.000000000000000000e+00
8.205000000000000071e-01 0.000000000000000000e+00
8.215000000000000080e-01 0.000000000000000000e+00
8.225000000000000089e-01 0.000000000000000000e+00
8.235000000000000098e-01 0.000000000000000000e+00
8.245000000000000107e-01 0.000000000000000000e+00
8.255000000000000115e-01 0.000000000000000000e+00
8.265000000000000124e-01 0.000000000000000000e+00
8.275000000000000133e-01 0.000000000000000000e+00
8.285000000000000142e-01 0.000000000000000000e+00
8.295000000000000151e-01 0.000000000000000000e+00
8.305000000000000160e-01 0.000000000000000000e+00
8.315000000000000169e-01 0.000000000000000000e+00
8.325000000000000178e-01 0.000000000000000000e+00
8.335000000000000187e-01 0.000000000000000000e+00
8.345000000000000195e-01 0.000000000000000000e+00
8.355000000000000204e-01 0.000000000000000000e+00
8.365000000000000213e-01 0.000000000000000000e+00
8.375000000000000222e-01 0.000000000000000000e+00
8.385000000000000231e-01 0.000000000000000000e+00
8.395000000000000240e-01 0.000000000000000000e+00
8.405000000000000249e-01 0.000000000000000000e+00
8.415000000000000258e-01 0.000000000000000000e+00
8.425000000000000266e-01 0.000000000000000000e+00
8.435000000000000275e-01 0.000000000000000000e+00
8.445000000000000284e-01 0.000000000000000000e+00
8.455000000000000293e-01 0.000000000000000000e+00
8.465000000000000302e-01 0.000000000000000000e+00
8.475000000000000311e-01 0.000000000000000000e+00
8.485000000000000320e-01 0.000000000000000000e+00
8.495000000000000329e-01 0.000000000000000000e+00
8.505000000000000338e-01 0.000000000000000000e+00
8.515000000000000346e-01 0.000000000000000000e+00
8.525000000000000355e-01 0.000000000000000000e+00
8.535000000000000364e-01 0.000000000000000000e+00
8.545000000000000373e-01 0.000000000000000000e+00
8.555000000000000382e-01 0.000000000000000000e+00
8.565000000000000391e-01 0.000000000000000000e+00
8.575000000000000400e-01 0.000000000000000000e+00
8.585000000000000409e-01 0.000000000000000000e+00
8.595000000000000417e-01 0.000000000000000000e+00
8.605000000000000426e-01 0.000000000000000000e+00
8.615000000000000435e-01 0.000000000000000000e+00
8.625000000000000444e-01 0.000000000000000000e+00
8.635000000000000453e-01 0.000000000000000000e+00
8.645000000000000462e-01 0.000000000000000000e+00
8.655000000000000471e-01 0.000000000000000000e+00
8.665000000000000480e-01 0.000000000000000000e+00
8.675000000000000488e-01 0.000000000000000000e+00
8.685000000000000497e-01 0.000000000000000000e+00
8.695000000000000506e-01 0.000000000000000000e+00
8.705000000000000515e-01 0.000000000000000000e+00
8.715000000000000524e-01 0.000000000000000000e+00
8.725000000000000533e-01 0.000000000000000000e+00
8.735000000000000542e-01 0.000000000000000000e+00
8.745000000000000551e-01 0.000000000000000000e+00
8.754999999999999449e-01 0.000000000000000000e+00
8.764999999999999458e-01 0.000000000000000000e+00
8.774999999999999467e-01 0.000000000000000000e+00
8.784999999999999476e-01 0.000000000000000000e+00
8.794999999999999485e-01 0.000000000000000000e+00
8.804999999999999494e-01 0.000000000000000000e+00
8.814999999999999503e-01 0.000000000000000000e+00
8.824999999999999512e-01 0.000000000000000000e+00
8.834999999999999520e-01 0.000000000000000000e+00
8.844999999999999529e-01 0.000000000000000000e+00
8.854999999999999538e-01 0.000000000000000000e+00
8.864999999999999547e-01 0.000000000000000000e+00
8.874999999999999556e-01 0.000000000000000000e+00
8.884999999999999565e-01 0.000000000000000000e+00
8.894999999999999574e-01 0.000000000000000000e+00
8.904999999999999583e-01 0.000000000000000000e+00
8.914999999999999591e-01 0.000000000000000000e+00
8.924999999999999600e-01 0.000000000000000000e+00
8.934999999999999609e-01 0.000000000000000000e+00
8.944999999999999618e-01 0.000000000000000000e+00
8.954999999999999627e-01 0.000000000000000000e+00
8.964999999999999636e-01 0.000000000000000000e+00
8.974999999999999645e-01 0.000000000000000000e+00
8.984999999999999654e-01 0.000000000000000000e+00
8.994999999999999662e-01 0.000000000000000000e+00
9.004999999999999671e-01 0.000000000000000000e+00
9.014999999999999680e-01 0.000000000000000000e+00
9.024999999999999689e-01 0.000000000000000000e+00
9.034999999999999698e-01 0.000000000000000000e+00
9.044999999999999707e-01 0.000000000000000000e+00
9.054999999999999716e-01 0.000000000000000000e+00
9.064999999999999725e-01 0.000000000000000000e+00
9.074999999999999734e-01 0.000000000000000000e+00
9.084999999999999742e-01 0.000000000000000000e+00
9.094999999999999751e-01 0.000000000000000000e+00
9.104999999999999760e-01 0.000000000000000000e+00
9.114999999999999769e-01 0.000000000000000000e+00
9.124999999999999778e-01 0.000000000000000000e+00
9.134999999999999787e-01 0.000000000000000000e+00
9.144999999999999796e-01 0.000000000000000000e+00
9.154999999999999805e-01 0.000000000000000000e+00
9.164999999999999813e-01 0.000000000000000000e+00
9.174999999999999822e-01 0.000000000000000000e+00
9.184999999999999831e-01 0.000000000000000000e+00
9.194999999999999840e-01 0.000000000000000000e+00
9.204999999999999849e-01 0.000000000000000000e+00
9.214999999999999858e-01 0.000000000000000000e+00
9.224999999999999867e-01 0.000000000000000000e+00
9.234999999999999876e-01 0.000000000000000000e+00
9.244999999999999885e-01 0.000000000000000000e+00
9.254999999999999893e-01 0.000000000000000000e+00
9.264999999999999902e-01 0.000000000000000000e+00
9.274999999999999911e-01 0.000000000000000000e+00
9.284999999999999920e-01 0.000000000000000000e+00
9.294999999999999929e-01 0.000000000000000000e+00
9.304999999999999938e-01 0.000000000000000000e+00
9.314999999999999947e-01 0.000000000000000000e+00
9.324999999999999956e-01 0.000000000000000000e+00
9.334999999999999964e-01 0.000000000000000000e+00
9.344999999999999973e-01 0.000000000000000000e+00
9.354999999999999982e-01 0.000000000000000000e+00
9.364999999999999991e-01 0.000000000000000000e+00
9.375000000000000000e-01 0.000000000000000000e+00
9.385000000000000009e-01 0.000000000000000000e+00
9.395000000000000018e-01 0.000000000000000000e+00
9.405000000000000027e-01 0.000000000000000000e+00
9.415000000000000036e-01 0.000000000000000000e+00
9.425000000000000044e-01 0.000000000000000000e+00
9.435000000000000053e-01 0.000000000000000000e+00
9.445000000000000062e-01 0.000000000000000000e+00
9.455000000000000071e-01 0.000000000000000000e+00
9.465000000000000080e-01 0.000000000000000000e+00
9.475000000000000089e-01 0.000000000000000000e+00
9.485000000000000098e-01 0.000000000000000000e+00
9.495000000000000107e-01 0.000000000000000000e+00
9.505000000000000115e-01 0.000000000000000000e+00
9.515000000000000124e-01 0.000000000000000000e+00
9.525000000000000133e-01 0.000000000000000000e+00
9.535000000000000142e-01 0.000000000000000000e+00
9.545000000000000151e-01 0.000000000000000000e+00
9.555000000000000160e-01 0.000000000000000000e+00
9.565000000000000169e-01 0.000000000000000000e+00
9.575000000000000178e-01 0.000000000000000000e+00
9.585000000000000187e-01 0.000000000000000000e+00
9.595000000000000195e-01 0.000000000000000000e+00
9.605000000000000204e-01 0.000000000000000000e+00
9.615000000000000213e-01 0.000000000000000000e+00
9.625000000000000222e-01 0.000000000000000000e+00
9.635000000000000231e-01 0.000000000000000000e+00
9.645000000000000240e-01 0.000000000000000000e+00
9.655000000000000249e-01 0.000000000000000000e+00
9.665000000000000258e-01 0.000000000000000000e+00
9.675000000000000266e-01 0.000000000000000000e+00
9.685000000000000275e-01 0.000000000000000000e+00
9.695000000000000284e-01 0.000000000000000000e+00
9.705000000000000293e-01 0.000000000000000000e+00
9.715000000000000302e-01 0.000000000000000000e+00
9.725000000000000311e-01 0.000000000000000000e+00
9.735000000000000320e-01 0.000000000000000000e+00
9.745000000000000329e-01 0.000000000000000000e+00
9.755000000000000338e-01 0.000000000000000000e+00
9.765000000000000346e-01 0.000000000000000000e+00
9.775000000000000355e-01 0.000000000000000000e+00
9.785000000000000364e-01 0.000000000000000000e+00
9.795000000000000373e-01 0.000000000000000000e+00
9.805000000000000382e-01 0.000000000000000000e+00
9.815000000000000391e-01 0.000000000000000000e+00
9.825000000000000400e-01 0.000000000000000000e+00
9.835000000000000409e-01 0.000000000000000000e+00
9.845000000000000417e-01 0.000000000000000000e+00
9.855000000000000426e-01 0.000000000000000000e+00
9.865000000000000435e-01 0.000000000000000000e+00
9.875000000000000444e-01 0.000000000000000000e+00
9.885000000000000453e-01 0.000000000000000000e+00
9.895000000000000462e-01 0.000000000000000000e+00
9.905000000000000471e-01 0.000000000000000000e+00
9.915000000000000480e-01 0.000000000000000000e+00
9.925000000000000488e-01 0.000000000000000000e+00
9.935000000000000497e-01 0.000000000000000000e+00
9.945000000000000506e-01 0.000000000000000000e+00
9.955000000000000515e-01 0.000000000000000000e+00
9.965000000000000524e-01 0.000000000000000000e+00
9.975000000000000533e-01 0.000000000000000000e+00
9.985000000000000542e-01 0.000000000000000000e+00
9.995000000000000551e-01 0.000000000000000000e+00
