5.000000000000000104e-04 1.165281100000000070e+00
1.500000000000000031e-03 1.264942900000000092e+00
2.500000000000000052e-03 1.371149799999999974e+00
3.500000000000000073e-03 1.484047399999999906e+00
4.499999999999999660e-03 1.603755400000000053e+00
5.499999999999999681e-03 1.730366099999999907e+00
6.499999999999999702e-03 1.863942399999999999e+00
7.499999999999999722e-03 2.004516900000000046e+00
8.500000000000000611e-03 2.152090999999999976e+00
9.499999999999999764e-03 2.306633999999999851e+00
1.050000000000000065e-02 2.468082900000000190e+00
1.149999999999999981e-02 2.636343399999999892e+00
1.250000000000000069e-02 2.811289799999999950e+00
1.349999999999999985e-02 2.992766899999999897e+00
1.450000000000000074e-02 3.180591699999999911e+00
1.549999999999999989e-02 3.374555599999999878e+00
1.650000000000000078e-02 3.574427399999999810e+00
1.750000000000000167e-02 3.779956199999999988e+00
1.849999999999999908e-02 3.990874799999999833e+00
1.949999999999999997e-02 4.206903500000000129e+00
2.050000000000000086e-02 4.427753400000000283e+00
2.149999999999999828e-02 4.653129999999999988e+00
2.249999999999999917e-02 4.882736799999999988e+00
2.350000000000000006e-02 5.116278000000000326e+00
2.450000000000000094e-02 5.353461499999999873e+00
2.549999999999999836e-02 5.594000499999999931e+00
2.649999999999999925e-02 5.837615800000000021e+00
2.750000000000000014e-02 6.084036099999999614e+00
2.850000000000000103e-02 6.332998599999999811e+00
2.949999999999999845e-02 6.584248800000000124e+00
3.049999999999999933e-02 6.837539200000000150e+00
3.150000000000000022e-02 7.092628099999999769e+00
3.250000000000000111e-02 7.349277700000000024e+00
3.350000000000000200e-02 7.607251500000000277e+00
3.450000000000000289e-02 7.866311900000000357e+00
3.549999999999999684e-02 8.126217000000000468e+00
3.649999999999999772e-02 8.386717900000000725e+00
3.749999999999999861e-02 8.647555399999999892e+00
3.849999999999999950e-02 8.908457099999999684e+00
3.950000000000000039e-02 9.169134200000000234e+00
4.050000000000000128e-02 9.429278999999999300e+00
4.150000000000000216e-02 9.688561800000000446e+00
4.250000000000000305e-02 9.946629099999999113e+00
4.349999999999999700e-02 1.020310090000000081e+01
4.449999999999999789e-02 1.045756940000000057e+01
4.549999999999999878e-02 1.070959779999999917e+01
4.649999999999999967e-02 1.095871900000000032e+01
4.750000000000000056e-02 1.120443569999999944e+01
4.850000000000000144e-02 1.144622020000000084e+01
4.950000000000000233e-02 1.168351569999999917e+01
5.050000000000000322e-02 1.191573720000000058e+01
5.149999999999999717e-02 1.214227389999999929e+01
5.249999999999999806e-02 1.236249180000000081e+01
5.349999999999999895e-02 1.257573690000000077e+01
5.449999999999999983e-02 1.278133899999999912e+01
5.550000000000000072e-02 1.297861679999999929e+01
5.650000000000000161e-02 1.316688189999999992e+01
5.750000000000000250e-02 1.334544479999999922e+01
5.850000000000000339e-02 1.351362029999999947e+01
5.949999999999999734e-02 1.367073320000000081e+01
6.049999999999999822e-02 1.381612359999999917e+01
6.149999999999999911e-02 1.394915270000000085e+01
6.250000000000000000e-02 1.406920739999999981e+01
6.350000000000000089e-02 1.417570480000000011e+01
6.450000000000000178e-02 1.426809579999999933e+01
6.550000000000000266e-02 1.434586790000000001e+01
6.650000000000000355e-02 1.440854709999999983e+01
6.750000000000000444e-02 1.445569869999999923e+01
6.850000000000000533e-02 1.448692750000000018e+01
6.950000000000000622e-02 1.450187679999999979e+01
7.049999999999999323e-02 1.450022629999999957e+01
7.149999999999999412e-02 1.448169039999999974e+01
7.249999999999999500e-02 1.444601480000000038e+01
7.349999999999999589e-02 1.439297299999999957e+01
7.449999999999999678e-02 1.432236349999999980e+01
7.549999999999999767e-02 1.423400619999999961e+01
7.649999999999999856e-02 1.412773950000000056e+01
7.749999999999999944e-02 1.400341829999999987e+01
7.850000000000000033e-02 1.386091329999999999e+01
7.950000000000000122e-02 1.370011099999999971e+01
8.050000000000000211e-02 1.352091640000000083e+01
8.150000000000000300e-02 1.332325720000000047e+01
8.250000000000000389e-02 1.310709179999999918e+01
8.350000000000000477e-02 1.287241889999999955e+01
8.450000000000000566e-02 1.261929119999999926e+01
8.550000000000000655e-02 1.234783219999999915e+01
8.649999999999999356e-02 1.205825590000000069e+01
8.749999999999999445e-02 1.175088919999999959e+01
8.849999999999999534e-02 1.142619619999999969e+01
8.949999999999999623e-02 1.108480319999999963e+01
9.049999999999999711e-02 1.072752279999999914e+01
9.149999999999999800e-02 1.035537569999999974e+01
9.249999999999999889e-02 9.969607999999999137e+00
9.349999999999999978e-02 9.571701300000000856e+00
9.450000000000000067e-02 9.163374599999999148e+00
9.550000000000000155e-02 8.746575999999999240e+00
9.650000000000000244e-02 8.323462700000000325e+00
9.750000000000000333e-02 7.896369100000000252e+00
9.850000000000000422e-02 7.467764400000000080e+00
9.950000000000000511e-02 7.040199799999999897e+00
1.005000000000000060e-01 6.616248800000000152e+00
1.015000000000000069e-01 6.198444000000000287e+00
1.024999999999999939e-01 5.789213000000000164e+00
1.034999999999999948e-01 5.390817900000000051e+00
1.044999999999999957e-01 5.005301900000000082e+00
1.054999999999999966e-01 4.634446099999999902e+00
1.064999999999999974e-01 4.279737500000000416e+00
1.074999999999999983e-01 3.942350400000000032e+00
1.084999999999999992e-01 3.623140999999999945e+00
1.095000000000000001e-01 3.322653400000000090e+00
1.105000000000000010e-01 3.041137099999999815e+00
1.115000000000000019e-01 2.778571599999999808e+00
1.125000000000000028e-01 2.534698199999999790e+00
1.135000000000000037e-01 2.309054600000000068e+00
1.145000000000000046e-01 2.101011600000000090e+00
1.155000000000000054e-01 1.909808699999999915e+00
1.165000000000000063e-01 1.734588800000000042e+00
1.174999999999999933e-01 1.574429000000000078e+00
1.184999999999999942e-01 1.428368499999999930e+00
1.194999999999999951e-01 1.295431999999999917e+00
1.204999999999999960e-01 1.174649300000000007e+00
1.214999999999999969e-01 1.065071099999999937e+00
1.224999999999999978e-01 9.657814000000000121e-01
1.234999999999999987e-01 8.759057000000000093e-01
1.244999999999999996e-01 7.946176999999999824e-01
1.255000000000000004e-01 7.211427999999999727e-01
1.265000000000000013e-01 6.547602000000000144e-01
1.275000000000000022e-01 5.948029999999999706e-01
1.285000000000000031e-01 5.406573999999999547e-01
1.295000000000000040e-01 4.917611000000000065e-01
1.305000000000000049e-01 4.476010000000000266e-01
1.315000000000000058e-01 4.077103000000000255e-01
1.325000000000000067e-01 3.716653999999999791e-01
1.335000000000000075e-01 3.390831999999999735e-01
1.345000000000000084e-01 3.096175999999999928e-01
1.355000000000000093e-01 2.829566000000000026e-01
1.365000000000000102e-01 2.588191000000000241e-01
1.375000000000000111e-01 2.369526000000000132e-01
1.385000000000000120e-01 2.171298999999999868e-01
1.395000000000000129e-01 1.991471999999999964e-01
1.405000000000000138e-01 1.828214999999999979e-01
1.414999999999999869e-01 1.679885999999999879e-01
1.424999999999999878e-01 1.545013000000000081e-01
1.434999999999999887e-01 1.422273000000000009e-01
1.444999999999999896e-01 1.310483000000000064e-01
1.454999999999999905e-01 1.208579999999999932e-01
1.464999999999999913e-01 1.115608000000000016e-01
1.474999999999999922e-01 1.030713000000000046e-01
1.484999999999999931e-01 9.531249999999999445e-02
1.494999999999999940e-01 8.821539999999999937e-02
1.504999999999999949e-01 8.171779999999999322e-02
1.514999999999999958e-01 7.576399999999999801e-02
1.524999999999999967e-01 7.030359999999999387e-02
1.534999999999999976e-01 6.529150000000000231e-02
1.544999999999999984e-01 6.068690000000000195e-02
1.554999999999999993e-01 5.645290000000000030e-02
1.565000000000000002e-01 5.255660000000000193e-02
1.575000000000000011e-01 4.896790000000000170e-02
1.585000000000000020e-01 4.565990000000000326e-02
1.595000000000000029e-01 4.260789999999999716e-02
1.605000000000000038e-01 3.978999999999999898e-02
1.615000000000000047e-01 3.718599999999999683e-02
1.625000000000000056e-01 3.477779999999999760e-02
1.635000000000000064e-01 3.254900000000000154e-02
1.645000000000000073e-01 3.048450000000000118e-02
1.655000000000000082e-01 2.857070000000000096e-02
1.665000000000000091e-01 2.679540000000000047e-02
1.675000000000000100e-01 2.514730000000000090e-02
1.685000000000000109e-01 2.361600000000000157e-02
1.695000000000000118e-01 2.219240000000000101e-02
1.705000000000000127e-01 2.086790000000000173e-02
1.715000000000000135e-01 1.963470000000000146e-02
1.724999999999999867e-01 1.848580000000000015e-02
1.734999999999999876e-01 1.741459999999999883e-02
1.744999999999999885e-01 1.641520000000000132e-02
1.754999999999999893e-01 1.548219999999999978e-02
1.764999999999999902e-01 1.461059999999999963e-02
1.774999999999999911e-01 1.379580000000000042e-02
1.784999999999999920e-01 1.303370000000000049e-02
1.794999999999999929e-01 1.232040000000000045e-02
1.804999999999999938e-01 1.165230000000000085e-02
1.814999999999999947e-01 1.102629999999999930e-02
1.824999999999999956e-01 1.043930000000000032e-02
1.834999999999999964e-01 9.888600000000000861e-03
1.844999999999999973e-01 9.371600000000000763e-03
1.854999999999999982e-01 8.885999999999999802e-03
1.864999999999999991e-01 8.429600000000000634e-03
1.875000000000000000e-01 8.000399999999999526e-03
1.885000000000000009e-01 7.596699999999999633e-03
1.895000000000000018e-01 7.216600000000000098e-03
1.905000000000000027e-01 6.858600000000000287e-03
1.915000000000000036e-01 6.521299999999999840e-03
1.925000000000000044e-01 6.203300000000000133e-03
1.935000000000000053e-01 5.903300000000000214e-03
1.945000000000000062e-01 5.620199999999999675e-03
1.955000000000000071e-01 5.352899999999999846e-03
1.965000000000000080e-01 5.100399999999999726e-03
1.975000000000000089e-01 4.861800000000000323e-03
1.985000000000000098e-01 4.636200000000000043e-03
1.995000000000000107e-01 4.422699999999999895e-03
2.005000000000000115e-01 4.220699999999999973e-03
2.015000000000000124e-01 4.029500000000000096e-03
2.025000000000000133e-01 3.848299999999999811e-03
2.034999999999999865e-01 3.676700000000000194e-03
2.044999999999999873e-01 3.513899999999999923e-03
2.054999999999999882e-01 3.359599999999999913e-03
2.064999999999999891e-01 3.213199999999999824e-03
2.074999999999999900e-01 3.074200000000000023e-03
2.084999999999999909e-01 2.942199999999999850e-03
2.094999999999999918e-01 2.816799999999999946e-03
2.104999999999999927e-01 2.697600000000000085e-03
2.114999999999999936e-01 2.584400000000000152e-03
2.124999999999999944e-01 2.476700000000000082e-03
2.134999999999999953e-01 2.374199999999999922e-03
2.144999999999999962e-01 2.276600000000000151e-03
2.154999999999999971e-01 2.183800000000000064e-03
2.164999999999999980e-01 2.095300000000000027e-03
2.174999999999999989e-01 2.011100000000000040e-03
2.184999999999999998e-01 1.930800000000000094e-03
2.195000000000000007e-01 1.854200000000000076e-03
2.205000000000000016e-01 1.781199999999999927e-03
2.215000000000000024e-01 1.711499999999999914e-03
2.225000000000000033e-01 1.644999999999999978e-03
2.235000000000000042e-01 1.581600000000000063e-03
2.245000000000000051e-01 1.520899999999999943e-03
2.255000000000000060e-01 1.463000000000000108e-03
2.265000000000000069e-01 1.407700000000000010e-03
2.275000000000000078e-01 1.354799999999999971e-03
2.285000000000000087e-01 1.304299999999999991e-03
2.295000000000000095e-01 1.255899999999999898e-03
2.305000000000000104e-01 1.209699999999999968e-03
2.315000000000000113e-01 1.165400000000000030e-03
2.325000000000000122e-01 1.123000000000000083e-03
2.335000000000000131e-01 1.082400000000000072e-03
2.344999999999999862e-01 1.043499999999999940e-03
2.354999999999999871e-01 1.006299999999999903e-03
2.364999999999999880e-01 9.705999999999999567e-04
2.374999999999999889e-01 9.363999999999999928e-04
2.384999999999999898e-01 9.035999999999999545e-04
2.394999999999999907e-01 8.721999999999999502e-04
2.404999999999999916e-01 8.419999999999999750e-04
2.414999999999999925e-01 8.130000000000000291e-04
2.424999999999999933e-01 7.852000000000000039e-04
2.434999999999999942e-01 7.584999999999999512e-04
2.444999999999999951e-01 7.328999999999999794e-04
2.454999999999999960e-01 7.083000000000000320e-04
2.464999999999999969e-01 6.847000000000000005e-04
2.474999999999999978e-01 6.618999999999999884e-04
2.484999999999999987e-01 6.401000000000000006e-04
2.494999999999999996e-01 6.191000000000000322e-04
2.505000000000000004e-01 5.988999999999999749e-04
2.515000000000000013e-01 5.795000000000000455e-04
2.525000000000000022e-01 5.607999999999999704e-04
2.535000000000000031e-01 5.427999999999999665e-04
2.545000000000000040e-01 5.255000000000000339e-04
2.555000000000000049e-01 5.088000000000000075e-04
2.565000000000000058e-01 4.928000000000000522e-04
2.575000000000000067e-01 4.773000000000000007e-04
2.585000000000000075e-01 4.624000000000000180e-04
2.595000000000000084e-01 4.480999999999999957e-04
2.605000000000000093e-01 4.342999999999999855e-04
2.615000000000000102e-01 4.208999999999999851e-04
2.625000000000000111e-01 4.080999999999999992e-04
2.635000000000000120e-01 3.957000000000000231e-04
2.645000000000000129e-01 3.837000000000000024e-04
2.655000000000000138e-01 3.721999999999999940e-04
2.665000000000000147e-01 3.610999999999999952e-04
2.675000000000000155e-01 3.504000000000000062e-04
2.685000000000000164e-01 3.400000000000000244e-04
2.695000000000000173e-01 3.299999999999999982e-04
2.705000000000000182e-01 3.202999999999999793e-04
2.715000000000000191e-01 3.110000000000000243e-04
2.725000000000000200e-01 3.020000000000000223e-04
2.735000000000000209e-01 2.932999999999999735e-04
2.745000000000000218e-01 2.848999999999999862e-04
2.755000000000000226e-01 2.767000000000000037e-04
2.765000000000000235e-01 2.688999999999999767e-04
2.775000000000000244e-01 2.613000000000000088e-04
2.785000000000000253e-01 2.538999999999999916e-04
2.795000000000000262e-01 2.467999999999999816e-04
2.805000000000000271e-01 2.400000000000000061e-04
2.814999999999999725e-01 2.333000000000000059e-04
2.824999999999999734e-01 2.269000000000000129e-04
2.834999999999999742e-01 2.205999999999999953e-04
2.844999999999999751e-01 2.146000000000000121e-04
2.854999999999999760e-01 2.088000000000000066e-04
2.864999999999999769e-01 2.031000000000000036e-04
2.874999999999999778e-01 1.977000000000000079e-04
2.884999999999999787e-01 1.923999999999999875e-04
2.894999999999999796e-01 1.871999999999999966e-04
2.904999999999999805e-01 1.823000000000000130e-04
2.914999999999999813e-01 1.774000000000000023e-04
2.924999999999999822e-01 1.727999999999999990e-04
2.934999999999999831e-01 1.681999999999999956e-04
2.944999999999999840e-01 1.638999999999999995e-04
2.954999999999999849e-01 1.596000000000000034e-04
2.964999999999999858e-01 1.555000000000000121e-04
2.974999999999999867e-01 1.514999999999999962e-04
2.984999999999999876e-01 1.476000000000000098e-04
2.994999999999999885e-01 1.437999999999999988e-04
3.004999999999999893e-01 1.401999999999999926e-04
3.014999999999999902e-01 1.366999999999999888e-04
3.024999999999999911e-01 1.332000000000000122e-04
3.034999999999999920e-01 1.299000000000000133e-04
3.044999999999999929e-01 1.265999999999999873e-04
3.054999999999999938e-01 1.234999999999999932e-04
3.064999999999999947e-01 1.203999999999999992e-04
3.074999999999999956e-01 1.174999999999999965e-04
3.084999999999999964e-01 1.145999999999999938e-04
3.094999999999999973e-01 1.117999999999999935e-04
3.104999999999999982e-01 1.090999999999999956e-04
3.114999999999999991e-01 1.063999999999999977e-04
3.125000000000000000e-01 1.039000000000000047e-04
3.135000000000000009e-01 1.013999999999999982e-04
3.145000000000000018e-01 9.899999999999999404e-05
3.155000000000000027e-01 9.660000000000000346e-05
3.165000000000000036e-01 9.430000000000000177e-05
3.175000000000000044e-01 9.210000000000000250e-05
3.185000000000000053e-01 8.990000000000000324e-05
3.195000000000000062e-01 8.780000000000000640e-05
3.205000000000000071e-01 8.579999999999999845e-05
3.215000000000000080e-01 8.380000000000000404e-05
3.225000000000000089e-01 8.179999999999999609e-05
3.235000000000000098e-01 8.000000000000000654e-05
3.245000000000000107e-01 7.810000000000000102e-05
3.255000000000000115e-01 7.629999999999999792e-05
3.265000000000000124e-01 7.459999999999999726e-05
3.275000000000000133e-01 7.289999999999999660e-05
3.285000000000000142e-01 7.129999999999999836e-05
3.295000000000000151e-01 6.970000000000000013e-05
3.305000000000000160e-01 6.810000000000000189e-05
3.315000000000000169e-01 6.660000000000000609e-05
3.325000000000000178e-01 6.509999999999999674e-05
3.335000000000000187e-01 6.370000000000000336e-05
3.345000000000000195e-01 6.229999999999999644e-05
3.355000000000000204e-01 6.090000000000000307e-05
3.365000000000000213e-01 5.959999999999999857e-05
3.375000000000000222e-01 5.830000000000000086e-05
3.385000000000000231e-01 5.700000000000000314e-05
3.395000000000000240e-01 5.580000000000000107e-05
3.405000000000000249e-01 5.459999999999999901e-05
3.415000000000000258e-01 5.339999999999999695e-05
3.425000000000000266e-01 5.220000000000000166e-05
3.435000000000000275e-01 5.110000000000000203e-05
3.444999999999999729e-01 5.000000000000000240e-05
3.454999999999999738e-01 4.899999999999999842e-05
3.464999999999999747e-01 4.789999999999999879e-05
3.474999999999999756e-01 4.690000000000000158e-05
3.484999999999999765e-01 4.600000000000000004e-05
3.494999999999999774e-01 4.500000000000000283e-05
3.504999999999999782e-01 4.410000000000000129e-05
3.514999999999999791e-01 4.319999999999999974e-05
3.524999999999999800e-01 4.229999999999999819e-05
3.534999999999999809e-01 4.139999999999999664e-05
3.544999999999999818e-01 4.050000000000000187e-05
3.554999999999999827e-01 3.970000000000000276e-05
3.564999999999999836e-01 3.889999999999999686e-05
3.574999999999999845e-01 3.809999999999999775e-05
3.584999999999999853e-01 3.729999999999999863e-05
3.594999999999999862e-01 3.660000000000000194e-05
3.604999999999999871e-01 3.589999999999999848e-05
3.614999999999999880e-01 3.509999999999999936e-05
3.624999999999999889e-01 3.440000000000000268e-05
3.634999999999999898e-01 3.380000000000000165e-05
3.644999999999999907e-01 3.309999999999999818e-05
3.654999999999999916e-01 3.240000000000000150e-05
3.664999999999999925e-01 3.180000000000000047e-05
3.674999999999999933e-01 3.119999999999999944e-05
3.684999999999999942e-01 3.059999999999999840e-05
3.694999999999999951e-01 3.000000000000000076e-05
3.704999999999999960e-01 2.939999999999999973e-05
3.714999999999999969e-01 2.879999999999999870e-05
3.724999999999999978e-01 2.830000000000000010e-05
3.734999999999999987e-01 2.769999999999999906e-05
3.744999999999999996e-01 2.720000000000000046e-05
3.755000000000000004e-01 2.669999999999999847e-05
3.765000000000000013e-01 2.619999999999999987e-05
3.775000000000000022e-01 2.570000000000000127e-05
3.785000000000000031e-01 2.519999999999999928e-05
3.795000000000000040e-01 2.470000000000000068e-05
3.805000000000000049e-01 2.430000000000000112e-05
3.815000000000000058e-01 2.379999999999999913e-05
3.825000000000000067e-01 2.339999999999999958e-05
3.835000000000000075e-01 2.290000000000000098e-05
3.845000000000000084e-01 2.250000000000000142e-05
3.855000000000000093e-01 2.209999999999999847e-05
3.865000000000000102e-01 2.169999999999999891e-05
3.875000000000000111e-01 2.129999999999999935e-05
3.885000000000000120e-01 2.089999999999999980e-05
3.895000000000000129e-01 2.050000000000000024e-05
3.905000000000000138e-01 2.010000000000000068e-05
3.915000000000000147e-01 1.980000000000000016e-05
3.925000000000000155e-01 1.940000000000000060e-05
3.935000000000000164e-01 1.910000000000000009e-05
3.945000000000000173e-01 1.870000000000000053e-05
3.955000000000000182e-01 1.840000000000000001e-05
3.965000000000000191e-01 1.809999999999999950e-05
3.975000000000000200e-01 1.769999999999999994e-05
3.985000000000000209e-01 1.739999999999999942e-05
3.995000000000000218e-01 1.709999999999999891e-05
4.005000000000000226e-01 1.679999999999999839e-05
4.015000000000000235e-01 1.650000000000000127e-05
4.025000000000000244e-01 1.620000000000000075e-05
4.035000000000000253e-01 1.599999999999999928e-05
4.045000000000000262e-01 1.569999999999999876e-05
4.055000000000000271e-01 1.540000000000000163e-05
4.064999999999999725e-01 1.509999999999999942e-05
4.074999999999999734e-01 1.489999999999999964e-05
4.084999999999999742e-01 1.460000000000000082e-05
4.094999999999999751e-01 1.439999999999999935e-05
4.104999999999999760e-01 1.410000000000000053e-05
4.114999999999999769e-01 1.390000000000000075e-05
4.124999999999999778e-01 1.360000000000000023e-05
4.134999999999999787e-01 1.340000000000000045e-05
4.144999999999999796e-01 1.320000000000000067e-05
4.154999999999999805e-01 1.299999999999999920e-05
4.164999999999999813e-01 1.270000000000000038e-05
4.174999999999999822e-01 1.250000000000000060e-05
4.184999999999999831e-01 1.230000000000000082e-05
4.194999999999999840e-01 1.209999999999999935e-05
4.204999999999999849e-01 1.189999999999999957e-05
4.214999999999999858e-01 1.169999999999999979e-05
4.224999999999999867e-01 1.150000000000000001e-05
4.234999999999999876e-01 1.130000000000000023e-05
4.244999999999999885e-01 1.119999999999999949e-05
4.254999999999999893e-01 1.099999999999999971e-05
4.264999999999999902e-01 1.079999999999999993e-05
4.274999999999999911e-01 1.060000000000000016e-05
4.284999999999999920e-01 1.040000000000000038e-05
4.294999999999999929e-01 1.029999999999999964e-05
4.304999999999999938e-01 1.009999999999999986e-05
4.314999999999999947e-01 9.900000000000000081e-06
4.324999999999999956e-01 9.799999999999999345e-06
4.334999999999999964e-01 9.599999999999999566e-06
4.344999999999999973e-01 9.500000000000000523e-06
4.354999999999999982e-01 9.300000000000000744e-06
4.364999999999999991e-01 9.200000000000000007e-06
4.375000000000000000e-01 9.000000000000000228e-06
4.385000000000000009e-01 8.899999999999999491e-06
4.395000000000000018e-01 8.699999999999999712e-06
4.405000000000000027e-01 8.600000000000000670e-06
4.415000000000000036e-01 8.499999999999999933e-06
4.425000000000000044e-01 8.300000000000000154e-06
4.435000000000000053e-01 8.199999999999999417e-06
4.445000000000000062e-01 8.100000000000000375e-06
4.455000000000000071e-01 7.999999999999999638e-06
4.465000000000000080e-01 7.799999999999999859e-06
4.475000000000000089e-01 7.700000000000000816e-06
4.485000000000000098e-01 7.600000000000000080e-06
4.495000000000000107e-01 7.500000000000000190e-06
4.505000000000000115e-01 7.400000000000000300e-06
4.515000000000000124e-01 7.300000000000000411e-06
4.525000000000000133e-01 7.099999999999999785e-06
4.535000000000000142e-01 6.999999999999999895e-06
4.545000000000000151e-01 6.900000000000000005e-06
4.555000000000000160e-01 6.800000000000000116e-06
4.565000000000000169e-01 6.700000000000000226e-06
4.575000000000000178e-01 6.600000000000000337e-06
4.585000000000000187e-01 6.499999999999999600e-06
4.595000000000000195e-01 6.399999999999999710e-06
4.605000000000000204e-01 6.299999999999999821e-06
4.615000000000000213e-01 6.199999999999999931e-06
4.625000000000000222e-01 6.100000000000000042e-06
4.635000000000000231e-01 6.100000000000000042e-06
4.645000000000000240e-01 6.000000000000000152e-06
4.655000000000000249e-01 5.900000000000000262e-06
4.665000000000000258e-01 5.800000000000000373e-06
4.675000000000000266e-01 5.699999999999999636e-06
4.685000000000000275e-01 5.599999999999999747e-06
4.694999999999999729e-01 5.499999999999999857e-06
4.704999999999999738e-01 5.499999999999999857e-06
4.714999999999999747e-01 5.399999999999999967e-06
4.724999999999999756e-01 5.300000000000000078e-06
4.734999999999999765e-01 5.200000000000000188e-06
4.744999999999999774e-01 5.200000000000000188e-06
4.754999999999999782e-01 5.100000000000000299e-06
4.764999999999999791e-01 5.000000000000000409e-06
4.774999999999999800e-01 4.899999999999999672e-06
4.784999999999999809e-01 4.899999999999999672e-06
4.794999999999999818e-01 4.799999999999999783e-06
4.804999999999999827e-01 4.699999999999999893e-06
4.814999999999999836e-01 4.699999999999999893e-06
4.824999999999999845e-01 4.600000000000000004e-06
4.834999999999999853e-01 4.500000000000000114e-06
4.844999999999999862e-01 4.500000000000000114e-06
4.854999999999999871e-01 4.400000000000000224e-06
4.864999999999999880e-01 4.300000000000000335e-06
4.874999999999999889e-01 4.300000000000000335e-06
4.884999999999999898e-01 4.199999999999999598e-06
4.894999999999999907e-01 4.199999999999999598e-06
4.904999999999999916e-01 4.099999999999999709e-06
4.914999999999999925e-01 3.999999999999999819e-06
4.924999999999999933e-01 3.999999999999999819e-06
4.934999999999999942e-01 3.899999999999999929e-06
4.944999999999999951e-01 3.899999999999999929e-06
4.954999999999999960e-01 3.800000000000000040e-06
4.964999999999999969e-01 3.800000000000000040e-06
4.974999999999999978e-01 3.700000000000000150e-06
4.984999999999999987e-01 3.700000000000000150e-06
4.994999999999999996e-01 3.599999999999999837e-06
5.004999999999999449e-01 3.599999999999999837e-06
5.014999999999999458e-01 3.499999999999999947e-06
5.024999999999999467e-01 3.499999999999999947e-06
5.034999999999999476e-01 3.400000000000000058e-06
5.044999999999999485e-01 3.400000000000000058e-06
5.054999999999999494e-01 3.300000000000000168e-06
5.064999999999999503e-01 3.300000000000000168e-06
5.074999999999999512e-01 3.300000000000000168e-06
5.084999999999999520e-01 3.199999999999999855e-06
5.094999999999999529e-01 3.199999999999999855e-06
5.104999999999999538e-01 3.099999999999999966e-06
5.114999999999999547e-01 3.099999999999999966e-06
5.124999999999999556e-01 3.000000000000000076e-06
5.134999999999999565e-01 3.000000000000000076e-06
5.144999999999999574e-01 3.000000000000000076e-06
5.154999999999999583e-01 2.900000000000000186e-06
5.164999999999999591e-01 2.900000000000000186e-06
5.174999999999999600e-01 2.900000000000000186e-06
5.184999999999999609e-01 2.799999999999999873e-06
5.194999999999999618e-01 2.799999999999999873e-06
5.204999999999999627e-01 2.699999999999999984e-06
5.214999999999999636e-01 2.699999999999999984e-06
5.224999999999999645e-01 2.699999999999999984e-06
5.234999999999999654e-01 2.600000000000000094e-06
5.244999999999999662e-01 2.600000000000000094e-06
5.254999999999999671e-01 2.600000000000000094e-06
5.264999999999999680e-01 2.500000000000000205e-06
5.274999999999999689e-01 2.500000000000000205e-06
5.284999999999999698e-01 2.500000000000000205e-06
5.294999999999999707e-01 2.399999999999999891e-06
5.304999999999999716e-01 2.399999999999999891e-06
5.314999999999999725e-01 2.399999999999999891e-06
5.324999999999999734e-01 2.399999999999999891e-06
5.334999999999999742e-01 2.300000000000000002e-06
5.344999999999999751e-01 2.300000000000000002e-06
5.354999999999999760e-01 2.300000000000000002e-06
5.364999999999999769e-01 2.200000000000000112e-06
5.374999999999999778e-01 2.200000000000000112e-06
5.384999999999999787e-01 2.200000000000000112e-06
5.394999999999999796e-01 2.200000000000000112e-06
5.404999999999999805e-01 2.099999999999999799e-06
5.414999999999999813e-01 2.099999999999999799e-06
5.424999999999999822e-01 2.099999999999999799e-06
5.434999999999999831e-01 2.099999999999999799e-06
5.444999999999999840e-01 1.999999999999999909e-06
5.454999999999999849e-01 1.999999999999999909e-06
5.464999999999999858e-01 1.999999999999999909e-06
5.474999999999999867e-01 1.999999999999999909e-06
5.484999999999999876e-01 1.900000000000000020e-06
5.494999999999999885e-01 1.900000000000000020e-06
5.504999999999999893e-01 1.900000000000000020e-06
5.514999999999999902e-01 1.900000000000000020e-06
5.524999999999999911e-01 1.799999999999999919e-06
5.534999999999999920e-01 1.799999999999999919e-06
5.544999999999999929e-01 1.799999999999999919e-06
5.554999999999999938e-01 1.799999999999999919e-06
5.564999999999999947e-01 1.799999999999999919e-06
5.574999999999999956e-01 1.700000000000000029e-06
5.584999999999999964e-01 1.700000000000000029e-06
5.594999999999999973e-01 1.700000000000000029e-06
5.604999999999999982e-01 1.700000000000000029e-06
5.614999999999999991e-01 1.599999999999999928e-06
5.625000000000000000e-01 1.599999999999999928e-06
5.635000000000000009e-01 1.599999999999999928e-06
5.645000000000000018e-01 1.599999999999999928e-06
5.655000000000000027e-01 1.599999999999999928e-06
5.665000000000000036e-01 1.599999999999999928e-06
5.675000000000000044e-01 1.500000000000000038e-06
5.685000000000000053e-01 1.500000000000000038e-06
5.695000000000000062e-01 1.500000000000000038e-06
5.705000000000000071e-01 1.500000000000000038e-06
5.715000000000000080e-01 1.500000000000000038e-06
5.725000000000000089e-01 1.399999999999999937e-06
5.735000000000000098e-01 1.399999999999999937e-06
5.745000000000000107e-01 1.399999999999999937e-06
5.755000000000000115e-01 1.399999999999999937e-06
5.765000000000000124e-01 1.399999999999999937e-06
5.775000000000000133e-01 1.399999999999999937e-06
5.785000000000000142e-01 1.399999999999999937e-06
5.795000000000000151e-01 1.300000000000000047e-06
5.805000000000000160e-01 1.300000000000000047e-06
5.815000000000000169e-01 1.300000000000000047e-06
5.825000000000000178e-01 1.300000000000000047e-06
5.835000000000000187e-01 1.300000000000000047e-06
5.845000000000000195e-01 1.300000000000000047e-06
5.855000000000000204e-01 1.199999999999999946e-06
5.865000000000000213e-01 1.199999999999999946e-06
5.875000000000000222e-01 1.199999999999999946e-06
5.885000000000000231e-01 1.199999999999999946e-06
5.895000000000000240e-01 1.199999999999999946e-06
5.905000000000000249e-01 1.199999999999999946e-06
5.915000000000000258e-01 1.199999999999999946e-06
5.925000000000000266e-01 1.199999999999999946e-06
5.935000000000000275e-01 1.100000000000000056e-06
5.945000000000000284e-01 1.100000000000000056e-06
5.955000000000000293e-01 1.100000000000000056e-06
5.965000000000000302e-01 1.100000000000000056e-06
5.975000000000000311e-01 1.100000000000000056e-06
5.985000000000000320e-01 1.100000000000000056e-06
5.995000000000000329e-01 1.100000000000000056e-06
6.005000000000000338e-01 1.100000000000000056e-06
6.015000000000000346e-01 9.999999999999999547e-07
6.025000000000000355e-01 9.999999999999999547e-07
6.035000000000000364e-01 9.999999999999999547e-07
6.045000000000000373e-01 9.999999999999999547e-07
6.055000000000000382e-01 9.999999999999999547e-07
6.065000000000000391e-01 9.999999999999999547e-07
6.075000000000000400e-01 9.999999999999999547e-07
6.085000000000000409e-01 9.999999999999999547e-07
6.095000000000000417e-01 9.999999999999999547e-07
6.105000000000000426e-01 8.999999999999999593e-07
6.115000000000000435e-01 8.999999999999999593e-07
6.125000000000000444e-01 8.999999999999999593e-07
6.135000000000000453e-01 8.999999999999999593e-07
6.145000000000000462e-01 8.999999999999999593e-07
6.155000000000000471e-01 8.999999999999999593e-07
6.165000000000000480e-01 8.999999999999999593e-07
6.175000000000000488e-01 8.999999999999999593e-07
6.185000000000000497e-01 8.999999999999999593e-07
6.195000000000000506e-01 8.999999999999999593e-07
6.205000000000000515e-01 8.999999999999999593e-07
6.215000000000000524e-01 7.999999999999999638e-07
6.225000000000000533e-01 7.999999999999999638e-07
6.235000000000000542e-01 7.999999999999999638e-07
6.245000000000000551e-01 7.999999999999999638e-07
6.254999999999999449e-01 7.999999999999999638e-07
6.264999999999999458e-01 7.999999999999999638e-07
6.274999999999999467e-01 7.999999999999999638e-07
6.284999999999999476e-01 7.999999999999999638e-07
6.294999999999999485e-01 7.999999999999999638e-07
6.304999999999999494e-01 7.999999999999999638e-07
6.314999999999999503e-01 7.999999999999999638e-07
6.324999999999999512e-01 6.999999999999999683e-07
6.334999999999999520e-01 6.999999999999999683e-07
6.344999999999999529e-01 6.999999999999999683e-07
6.354999999999999538e-01 6.999999999999999683e-07
6.364999999999999547e-01 6.999999999999999683e-07
6.374999999999999556e-01 6.999999999999999683e-07
6.384999999999999565e-01 6.999999999999999683e-07
6.394999999999999574e-01 6.999999999999999683e-07
6.404999999999999583e-01 6.999999999999999683e-07
6.414999999999999591e-01 6.999999999999999683e-07
6.424999999999999600e-01 6.999999999999999683e-07
6.434999999999999609e-01 6.999999999999999683e-07
6.444999999999999618e-01 6.999999999999999683e-07
6.454999999999999627e-01 6.999999999999999683e-07
6.464999999999999636e-01 5.999999999999999728e-07
6.474999999999999645e-01 5.999999999999999728e-07
6.484999999999999654e-01 5.999999999999999728e-07
6.494999999999999662e-01 5.999999999999999728e-07
6.504999999999999671e-01 5.999999999999999728e-07
6.514999999999999680e-01 5.999999999999999728e-07
6.524999999999999689e-01 5.999999999999999728e-07
6.534999999999999698e-01 5.999999999999999728e-07
6.544999999999999707e-01 5.999999999999999728e-07
6.554999999999999716e-01 5.999999999999999728e-07
6.564999999999999725e-01 5.999999999999999728e-07
6.574999999999999734e-01 5.999999999999999728e-07
6.584999999999999742e-01 5.999999999999999728e-07
6.594999999999999751e-01 5.999999999999999728e-07
6.604999999999999760e-01 5.999999999999999728e-07
6.614999999999999769e-01 5.999999999999999728e-07
6.624999999999999778e-01 5.999999999999999728e-07
6.634999999999999787e-01 4.999999999999999774e-07
6.644999999999999796e-01 4.999999999999999774e-07
6.654999999999999805e-01 4.999999999999999774e-07
6.664999999999999813e-01 4.999999999999999774e-07
6.674999999999999822e-01 4.999999999999999774e-07
6.684999999999999831e-01 4.999999999999999774e-07
6.694999999999999840e-01 4.999999999999999774e-07
6.704999999999999849e-01 4.999999999999999774e-07
6.714999999999999858e-01 4.999999999999999774e-07
6.724999999999999867e-01 4.999999999999999774e-07
6.734999999999999876e-01 4.999999999999999774e-07
6.744999999999999885e-01 4.999999999999999774e-07
6.754999999999999893e-01 4.999999999999999774e-07
6.764999999999999902e-01 4.999999999999999774e-07
6.774999999999999911e-01 4.999999999999999774e-07
6.784999999999999920e-01 4.999999999999999774e-07
6.794999999999999929e-01 4.999999999999999774e-07
6.804999999999999938e-01 4.999999999999999774e-07
6.814999999999999947e-01 4.999999999999999774e-07
6.824999999999999956e-01 4.999999999999999774e-07
6.834999999999999964e-01 4.999999999999999774e-07
6.844999999999999973e-01 3.999999999999999819e-07
6.854999999999999982e-01 3.999999999999999819e-07
6.864999999999999991e-01 3.999999999999999819e-07
6.875000000000000000e-01 3.999999999999999819e-07
6.885000000000000009e-01 3.999999999999999819e-07
6.895000000000000018e-01 3.999999999999999819e-07
6.905000000000000027e-01 3.999999999999999819e-07
6.915000000000000036e-01 3.999999999999999819e-07
6.925000000000000044e-01 3.999999999999999819e-07
6.935000000000000053e-01 3.999999999999999819e-07
6.945000000000000062e-01 3.999999999999999819e-07
6.955000000000000071e-01 3.999999999999999819e-07
6.965000000000000080e-01 3.999999999999999819e-07
6.975000000000000089e-01 3.999999999999999819e-07
6.985000000000000098e-01 3.999999999999999819e-07
6.995000000000000107e-01 3.999999999999999819e-07
7.005000000000000115e-01 3.999999999999999819e-07
7.015000000000000124e-01 3.999999999999999819e-07
7.025000000000000133e-01 3.999999999999999819e-07
7.035000000000000142e-01 3.999999999999999819e-07
7.045000000000000151e-01 3.999999999999999819e-07
7.055000000000000160e-01 3.999999999999999819e-07
7.065000000000000169e-01 3.999999999999999819e-07
7.075000000000000178e-01 3.999999999999999819e-07
7.085000000000000187e-01 3.999999999999999819e-07
7.095000000000000195e-01 3.999999999999999819e-07
7.105000000000000204e-01 3.999999999999999819e-07
7.115000000000000213e-01 2.999999999999999864e-07
7.125000000000000222e-01 2.999999999999999864e-07
7.135000000000000231e-01 2.999999999999999864e-07
7.145000000000000240e-01 2.999999999999999864e-07
7.155000000000000249e-01 2.999999999999999864e-07
7.165000000000000258e-01 2.999999999999999864e-07
7.175000000000000266e-01 2.999999999999999864e-07
7.185000000000000275e-01 2.999999999999999864e-07
7.195000000000000284e-01 2.999999999999999864e-07
7.205000000000000293e-01 2.999999999999999864e-07
7.215000000000000302e-01 2.999999999999999864e-07
7.225000000000000311e-01 2.999999999999999864e-07
7.235000000000000320e-01 2.999999999999999864e-07
7.245000000000000329e-01 2.999999999999999864e-07
7.255000000000000338e-01 2.999999999999999864e-07
7.265000000000000346e-01 2.999999999999999864e-07
7.275000000000000355e-01 2.999999999999999864e-07
7.285000000000000364e-01 2.999999999999999864e-07
7.295000000000000373e-01 2.999999999999999864e-07
7.305000000000000382e-01 2.999999999999999864e-07
7.315000000000000391e-01 2.999999999999999864e-07
7.325000000000000400e-01 2.999999999999999864e-07
7.335000000000000409e-01 2.999999999999999864e-07
7.345000000000000417e-01 2.999999999999999864e-07
7.355000000000000426e-01 2.999999999999999864e-07
7.365000000000000435e-01 2.999999999999999864e-07
7.375000000000000444e-01 2.999999999999999864e-07
7.385000000000000453e-01 2.999999999999999864e-07
7.395000000000000462e-01 2.999999999999999864e-07
7.405000000000000471e-01 2.999999999999999864e-07
7.415000000000000480e-01 2.999999999999999864e-07
7.425000000000000488e-01 2.999999999999999864e-07
7.435000000000000497e-01 2.999999999999999864e-07
7.445000000000000506e-01 2.999999999999999864e-07
7.455000000000000515e-01 2.999999999999999864e-07
7.465000000000000524e-01 2.999999999999999864e-07
7.475000000000000533e-01 2.999999999999999864e-07
7.485000000000000542e-01 2.999999999999999864e-07
7.495000000000000551e-01 1.999999999999999909e-07
7.504999999999999449e-01 1.999999999999999909e-07
7.514999999999999458e-01 1.999999999999999909e-07
7.524999999999999467e-01 1.999999999999999909e-07
7.534999999999999476e-01 1.999999999999999909e-07
7.544999999999999485e-01 1.999999999999999909e-07
7.554999999999999494e-01 1.999999999999999909e-07
7.564999999999999503e-01 1.999999999999999909e-07
7.574999999999999512e-01 1.999999999999999909e-07
7.584999999999999520e-01 1.999999999999999909e-07
7.594999999999999529e-01 1.999999999999999909e-07
7.604999999999999538e-01 1.999999999999999909e-07
7.614999999999999547e-01 1.999999999999999909e-07
7.624999999999999556e-01 1.999999999999999909e-07
7.634999999999999565e-01 1.999999999999999909e-07
7.644999999999999574e-01 1.999999999999999909e-07
7.654999999999999583e-01 1.999999999999999909e-07
7.664999999999999591e-01 1.999999999999999909e-07
7.674999999999999600e-01 1.999999999999999909e-07
7.684999999999999609e-01 1.999999999999999909e-07
7.694999999999999618e-01 1.999999999999999909e-07
7.704999999999999627e-01 1.999999999999999909e-07
7.714999999999999636e-01 1.999999999999999909e-07
7.724999999999999645e-01 1.999999999999999909e-07
7.734999999999999654e-01 1.999999999999999909e-07
7.744999999999999662e-01 1.999999999999999909e-07
7.754999999999999671e-01 1.999999999999999909e-07
7.764999999999999680e-01 1.999999999999999909e-07
7.774999999999999689e-01 1.999999999999999909e-07
7.784999999999999698e-01 1.999999999999999909e-07
7.794999999999999707e-01 1.999999999999999909e-07
7.804999999999999716e-01 1.999999999999999909e-07
7.814999999999999725e-01 1.999999999999999909e-07
7.824999999999999734e-01 1.999999999999999909e-07
7.834999999999999742e-01 1.999999999999999909e-07
7.844999999999999751e-01 1.999999999999999909e-07
7.854999999999999760e-01 1.999999999999999909e-07
7.864999999999999769e-01 1.999999999999999909e-07
7.874999999999999778e-01 1.999999999999999909e-07
7.884999999999999787e-01 1.999999999999999909e-07
7.894999999999999796e-01 1.999999999999999909e-07
7.904999999999999805e-01 1.999999999999999909e-07
7.914999999999999813e-01 1.999999999999999909e-07
7.924999999999999822e-01 1.999999999999999909e-07
7.934999999999999831e-01 1.999999999999999909e-07
7.944999999999999840e-01 1.999999999999999909e-07
7.954999999999999849e-01 1.999999999999999909e-07
7.964999999999999858e-01 1.999999999999999909e-07
7.974999999999999867e-01 1.999999999999999909e-07
7.984999999999999876e-01 1.999999999999999909e-07
7.994999999999999885e-01 1.999999999999999909e-07
8.004999999999999893e-01 1.999999999999999909e-07
8.014999999999999902e-01 1.999999999999999909e-07
8.024999999999999911e-01 1.999999999999999909e-07
8.034999999999999920e-01 1.999999999999999909e-07
8.044999999999999929e-01 1.999999999999999909e-07
8.054999999999999938e-01 1.999999999999999909e-07
8.064999999999999947e-01 1.999999999999999909e-07
8.074999999999999956e-01 1.999999999999999909e-07
8.084999999999999964e-01 1.999999999999999909e-07
8.094999999999999973e-01 1.999999999999999909e-07
8.104999999999999982e-01 1.999999999999999909e-07
8.114999999999999991e-01 9.999999999999999547e-08
8.125000000000000000e-01 9.999999999999999547e-08
8.135000000000000009e-01 9.999999999999999547e-08
8.145000000000000018e-01 9.999999999999999547e-08
8.155000000000000027e-01 9.999999999999999547e-08
8.165000000000000036e-01 9.999999999999999547e-08
8.175000000000000044e-01 9.999999999999999547e-08
8.185000000000000053e-01 9.999999999999999547e-08
8.195000000000000062e-01 9.999999999999999547e-08
8.205000000000000071e-01 9.999999999999999547e-08
8.215000000000000080e-01 9.999999999999999547e-08
8.225000000000000089e-01 9.999999999999999547e-08
8.235000000000000098e-01 9.999999999999999547e-08
8.245000000000000107e-01 9.999999999999999547e-08
8.255000000000000115e-01 9.999999999999999547e-08
8.265000000000000124e-01 9.999999999999999547e-08
8.275000000000000133e-01 9.999999999999999547e-08
8.285000000000000142e-01 9.999999999999999547e-08
8.295000000000000151e-01 9.999999999999999547e-08
8.305000000000000160e-01 9.999999999999999547e-08
8.315000000000000169e-01 9.999999999999999547e-08
8.325000000000000178e-01 9.999999999999999547e-08
8.335000000000000187e-01 9.999999999999999547e-08
8.345000000000000195e-01 9.999999999999999547e-08
8.355000000000000204e-01 9.999999999999999547e-08
8.365000000000000213e-01 9.999999999999999547e-08
8.375000000000000222e-01 9.999999999999999547e-08
8.385000000000000231e-01 9.999999999999999547e-08
8.395000000000000240e-01 9.999999999999999547e-08
8.405000000000000249e-01 9.999999999999999547e-08
8.415000000000000258e-01 9.999999999999999547e-08
8.425000000000000266e-01 9.999999999999999547e-08
8.435000000000000275e-01 9.999999999999999547e-08
8.445000000000000284e-01 9.999999999999999547e-08
8.455000000000000293e-01 9.999999999999999547e-08
8.465000000000000302e-01 9.999999999999999547e-08
8.475000000000000311e-01 9.999999999999999547e-08
8.485000000000000320e-01 9.999999999999999547e-08
8.495000000000000329e-01 9.999999999999999547e-08
8.505000000000000338e-01 9.999999999999999547e-08
8.515000000000000346e-01 9.999999999999999547e-08
8.525000000000000355e-01 9.999999999999999547e-08
8.535000000000000364e-01 9.999999999999999547e-08
8.545000000000000373e-01 9.999999999999999547e-08
8.555000000000000382e-01 9.999999999999999547e-08
8.565000000000000391e-01 9.999999999999999547e-08
8.575000000000000400e-01 9.999999999999999547e-08
8.585000000000000409e-01 9.999999999999999547e-08
8.595000000000000417e-01 9.999999999999999547e-08
8.605000000000000426e-01 9.999999999999999547e-08
8.615000000000000435e-01 9.999999999999999547e-08
8.625000000000000444e-01 9.999999999999999547e-08
8.635000000000000453e-01 9.999999999999999547e-08
8.645000000000000462e-01 9.999999999999999547e-08
8.655000000000000471e-01 9.999999999999999547e-08
8.665000000000000480e-01 9.999999999999999547e-08
8.675000000000000488e-01 9.999999999999999547e-08
8.685000000000000497e-01 9.999999999999999547e-08
8.695000000000000506e-01 9.999999999999999547e-08
8.705000000000000515e-01 9.999999999999999547e-08
8.715000000000000524e-01 9.999999999999999547e-08
8.725000000000000533e-01 9.999999999999999547e-08
8.735000000000000542e-01 9.999999999999999547e-08
8.745000000000000551e-01 9.999999999999999547e-08
8.754999999999999449e-01 9.999999999999999547e-08
8.764999999999999458e-01 9.999999999999999547e-08
8.774999999999999467e-01 9.999999999999999547e-08
8.784999999999999476e-01 9.999999999999999547e-08
8.794999999999999485e-01 9.999999999999999547e-08
8.804999999999999494e-01 9.999999999999999547e-08
8.814999999999999503e-01 9.999999999999999547e-08
8.824999999999999512e-01 9.999999999999999547e-08
8.834999999999999520e-01 9.999999999999999547e-08
8.844999999999999529e-01 9.999999999999999547e-08
8.854999999999999538e-01 9.999999999999999547e-08
8.864999999999999547e-01 9.999999999999999547e-08
8.874999999999999556e-01 9.999999999999999547e-08
8.884999999999999565e-01 9.999999999999999547e-08
8.894999999999999574e-01 9.999999999999999547e-08
8.904999999999999583e-01 9.999999999999999547e-08
8.914999999999999591e-01 9.999999999999999547e-08
8.924999999999999600e-01 9.999999999999999547e-08
8.934999999999999609e-01 9.999999999999999547e-08
8.944999999999999618e-01 9.999999999999999547e-08
8.954999999999999627e-01 9.999999999999999547e-08
8.964999999999999636e-01 9.999999999999999547e-08
8.974999999999999645e-01 9.999999999999999547e-08
8.984999999999999654e-01 9.999999999999999547e-08
8.994999999999999662e-01 9.999999999999999547e-08
9.004999999999999671e-01 9.999999999999999547e-08
9.014999999999999680e-01 9.999999999999999547e-08
9.024999999999999689e-01 9.999999999999999547e-08
9.034999999999999698e-01 9.999999999999999547e-08
9.044999999999999707e-01 9.999999999999999547e-08
9.054999999999999716e-01 9.999999999999999547e-08
9.064999999999999725e-01 9.999999999999999547e-08
9.074999999999999734e-01 9.999999999999999547e-08
9.084999999999999742e-01 9.999999999999999547e-08
9.094999999999999751e-01 9.999999999999999547e-08
9.104999999999999760e-01 9.999999999999999547e-08
9.114999999999999769e-01 9.999999999999999547e-08
9.124999999999999778e-01 9.999999999999999547e-08
9.134999999999999787e-01 9.999999999999999547e-08
9.144999999999999796e-01 9.999999999999999547e-08
9.154999999999999805e-01 9.999999999999999547e-08
9.164999999999999813e-01 9.999999999999999547e-08
9.174999999999999822e-01 9.999999999999999547e-08
9.184999999999999831e-01 9.999999999999999547e-08
9.194999999999999840e-01 9.999999999999999547e-08
9.204999999999999849e-01 9.999999999999999547e-08
9.214999999999999858e-01 9.999999999999999547e-08
9.224999999999999867e-01 9.999999999999999547e-08
9.234999999999999876e-01 9.999999999999999547e-08
9.244999999999999885e-01 9.999999999999999547e-08
9.254999999999999893e-01 9.999999999999999547e-08
9.264999999999999902e-01 9.999999999999999547e-08
9.274999999999999911e-01 9.999999999999999547e-08
9.284999999999999920e-01 9.999999999999999547e-08
9.294999999999999929e-01 9.999999999999999547e-08
9.304999999999999938e-01 9.999999999999999547e-08
9.314999999999999947e-01 9.999999999999999547e-08
9.324999999999999956e-01 9.999999999999999547e-08
9.334999999999999964e-01 9.999999999999999547e-08
9.344999999999999973e-01 9.999999999999999547e-08
9.354999999999999982e-01 9.999999999999999547e-08
9.364999999999999991e-01 9.999999999999999547e-08
9.375000000000000000e-01 9.999999999999999547e-08
9.385000000000000009e-01 9.999999999999999547e-08
9.395000000000000018e-01 9.999999999999999547e-08
9.405000000000000027e-01 9.999999999999999547e-08
9.415000000000000036e-01 9.999999999999999547e-08
9.425000000000000044e-01 9.999999999999999547e-08
9.435000000000000053e-01 9.999999999999999547e-08
9.445000000000000062e-01 9.999999999999999547e-08
9.455000000000000071e-01 9.999999999999999547e-08
9.465000000000000080e-01 9.999999999999999547e-08
9.475000000000000089e-01 9.999999999999999547e-08
9.485000000000000098e-01 9.999999999999999547e-08
9.495000000000000107e-01 9.999999999999999547e-08
9.505000000000000115e-01 9.999999999999999547e-08
9.515000000000000124e-01 9.999999999999999547e-08
9.525000000000000133e-01 9.999999999999999547e-08
9.535000000000000142e-01 9.999999999999999547e-08
9.545000000000000151e-01 9.999999999999999547e-08
9.555000000000000160e-01 9.999999999999999547e-08
9.565000000000000169e-01 9.999999999999999547e-08
9.575000000000000178e-01 9.999999999999999547e-08
9.585000000000000187e-01 9.999999999999999547e-08
9.595000000000000195e-01 9.999999999999999547e-08
9.605000000000000204e-01 9.999999999999999547e-08
9.615000000000000213e-01 9.999999999999999547e-08
9.625000000000000222e-01 9.999999999999999547e-08
9.635000000000000231e-01 9.999999999999999547e-08
9.645000000000000240e-01 0.000000000000000000e+00
9.655000000000000249e-01 0.000000000000000000e+00
9.665000000000000258e-01 0.000000000000000000e+00
9.675000000000000266e-01 0.000000000000000000e+00
9.685000000000000275e-01 0.000000000000000000e+00
9.695000000000000284e-01 0.000000000000000000e+00
9.705000000000000293e-01 0.000000000000000000e+00
9.715000000000000302e-01 0.000000000000000000e+00
9.725000000000000311e-01 0.000000000000000000e+00
9.735000000000000320e-01 0.000000000000000000e+00
9.745000000000000329e-01 0.000000000000000000e+00
9.755000000000000338e-01 0.000000000000000000e+00
9.765000000000000346e-01 0.000000000000000000e+00
9.775000000000000355e-01 0.000000000000000000e+00
9.785000000000000364e-01 0.000000000000000000e+00
9.795000000000000373e-01 0.000000000000000000e+00
9.805000000000000382e-01 0.000000000000000000e+00
9.815000000000000391e-01 0.000000000000000000e+00
9.825000000000000400e-01 0.000000000000000000e+00
9.835000000000000409e-01 0.000000000000000000e+00
9.845000000000000417e-01 0.000000000000000000e+00
9.855000000000000426e-01 0.000000000000000000e+00
9.865000000000000435e-01 0.000000000000000000e+00
9.875000000000000444e-01 0.000000000000000000e+00
9.885000000000000453e-01 0.000000000000000000e+00
9.895000000000000462e-01 0.000000000000000000e+00
9.905000000000000471e-01 0.000000000000000000e+00
9.915000000000000480e-01 0.000000000000000000e+00
9.925000000000000488e-01 0.000000000000000000e+00
9.935000000000000497e-01 0.000000000000000000e+00
9.945000000000000506e-01 0.000000000000000000e+00
9.955000000000000515e-01 0.000000000000000000e+00
9.965000000000000524e-01 0.000000000000000000e+00
9.975000000000000533e-01 0.000000000000000000e+00
9.985000000000000542e-01 0.000000000000000000e+00
9.995000000000000551e-01 0.000000000000000000e+00
