5.000000000000000104e-04 1.874000000000000015e-04
1.500000000000000031e-03 2.130000000000000003e-04
2.500000000000000052e-03 2.418999999999999981e-04
3.500000000000000073e-03 2.745000000000000044e-04
4.499999999999999660e-03 3.111999999999999749e-04
5.499999999999999681e-03 3.527000000000000079e-04
6.499999999999999702e-03 3.993000000000000022e-04
7.499999999999999722e-03 4.516999999999999748e-04
8.500000000000000611e-03 5.106000000000000512e-04
9.499999999999999764e-03 5.766999999999999774e-04
1.050000000000000065e-02 6.509000000000000462e-04
1.149999999999999981e-02 7.339999999999999520e-04
1.250000000000000069e-02 8.270999999999999923e-04
1.349999999999999985e-02 9.313000000000000314e-04
1.450000000000000074e-02 1.047799999999999990e-03
1.549999999999999989e-02 1.177899999999999954e-03
1.650000000000000078e-02 1.323100000000000014e-03
1.750000000000000167e-02 1.485200000000000105e-03
1.849999999999999908e-02 1.665699999999999993e-03
1.949999999999999997e-02 1.866700000000000000e-03
2.050000000000000086e-02 2.090400000000000071e-03
2.149999999999999828e-02 2.339100000000000207e-03
2.249999999999999917e-02 2.615300000000000090e-03
2.350000000000000006e-02 2.921800000000000005e-03
2.450000000000000094e-02 3.261700000000000189e-03
2.549999999999999836e-02 3.638300000000000128e-03
2.649999999999999925e-02 4.055200000000000124e-03
2.750000000000000014e-02 4.516499999999999682e-03
2.850000000000000103e-02 5.026199999999999765e-03
2.949999999999999845e-02 5.589199999999999897e-03
3.049999999999999933e-02 6.210399999999999601e-03
3.150000000000000022e-02 6.895300000000000040e-03
3.250000000000000111e-02 7.649800000000000003e-03
3.350000000000000200e-02 8.480200000000000238e-03
3.450000000000000289e-02 9.393600000000000214e-03
3.549999999999999684e-02 1.039729999999999994e-02
3.649999999999999772e-02 1.149930000000000049e-02
3.749999999999999861e-02 1.270839999999999990e-02
3.849999999999999950e-02 1.403369999999999965e-02
3.950000000000000039e-02 1.548530000000000045e-02
4.050000000000000128e-02 1.707389999999999949e-02
4.150000000000000216e-02 1.881089999999999846e-02
4.250000000000000305e-02 2.070870000000000002e-02
4.349999999999999700e-02 2.278049999999999867e-02
4.449999999999999789e-02 2.504019999999999857e-02
4.549999999999999878e-02 2.750299999999999967e-02
4.649999999999999967e-02 3.018480000000000121e-02
4.750000000000000056e-02 3.310269999999999879e-02
4.850000000000000144e-02 3.627489999999999881e-02
4.950000000000000233e-02 3.972069999999999768e-02
5.050000000000000322e-02 4.346049999999999913e-02
5.149999999999999717e-02 4.751600000000000268e-02
5.249999999999999806e-02 5.191029999999999950e-02
5.349999999999999895e-02 5.666779999999999734e-02
5.449999999999999983e-02 6.181400000000000089e-02
5.550000000000000072e-02 6.737630000000000008e-02
5.650000000000000161e-02 7.338310000000000666e-02
5.750000000000000250e-02 7.986459999999999393e-02
5.850000000000000339e-02 8.685260000000000202e-02
5.949999999999999734e-02 9.438030000000000030e-02
6.049999999999999822e-02 1.024825999999999931e-01
6.149999999999999911e-02 1.111961000000000060e-01
6.250000000000000000e-02 1.205589999999999995e-01
6.350000000000000089e-02 1.306113999999999886e-01
6.450000000000000178e-02 1.413949999999999929e-01
6.550000000000000266e-02 1.529532999999999865e-01
6.650000000000000355e-02 1.653314999999999924e-01
6.750000000000000444e-02 1.785767000000000049e-01
6.850000000000000533e-02 1.927377000000000118e-01
6.950000000000000622e-02 2.078649999999999942e-01
7.049999999999999323e-02 2.240110999999999908e-01
7.149999999999999412e-02 2.412298999999999971e-01
7.249999999999999500e-02 2.595774000000000137e-01
7.349999999999999589e-02 2.791107999999999922e-01
7.449999999999999678e-02 2.998893999999999727e-01
7.549999999999999767e-02 3.219736999999999738e-01
7.649999999999999856e-02 3.454258000000000051e-01
7.749999999999999944e-02 3.703094000000000108e-01
7.850000000000000033e-02 3.966894000000000253e-01
7.950000000000000122e-02 4.246319000000000066e-01
8.050000000000000211e-02 4.542043000000000053e-01
8.150000000000000300e-02 4.854746999999999812e-01
8.250000000000000389e-02 5.185125000000000428e-01
8.350000000000000477e-02 5.533875000000000322e-01
8.450000000000000566e-02 5.901703999999999839e-01
8.550000000000000655e-02 6.289320000000000466e-01
8.649999999999999356e-02 6.697435999999999945e-01
8.749999999999999445e-02 7.126763999999999877e-01
8.849999999999999534e-02 7.578015999999999641e-01
8.949999999999999623e-02 8.051897999999999556e-01
9.049999999999999711e-02 8.549113000000000406e-01
9.149999999999999800e-02 9.070352999999999888e-01
9.249999999999999889e-02 9.616303000000000489e-01
9.349999999999999978e-02 1.018762900000000027e+00
9.450000000000000067e-02 1.078498699999999921e+00
9.550000000000000155e-02 1.140900999999999943e+00
9.650000000000000244e-02 1.206031199999999970e+00
9.750000000000000333e-02 1.273948099999999917e+00
9.850000000000000422e-02 1.344707700000000061e+00
9.950000000000000511e-02 1.418363000000000040e+00
1.005000000000000060e-01 1.494963700000000006e+00
1.015000000000000069e-01 1.574555600000000055e+00
1.024999999999999939e-01 1.657180799999999898e+00
1.034999999999999948e-01 1.742876700000000056e+00
1.044999999999999957e-01 1.831676300000000035e+00
1.054999999999999966e-01 1.923607400000000078e+00
1.064999999999999974e-01 2.018692699999999896e+00
1.074999999999999983e-01 2.116949299999999923e+00
1.084999999999999992e-01 2.218388200000000143e+00
1.095000000000000001e-01 2.323014199999999807e+00
1.105000000000000010e-01 2.430825700000000200e+00
1.115000000000000019e-01 2.541814299999999971e+00
1.125000000000000028e-01 2.655964299999999945e+00
1.135000000000000037e-01 2.773252999999999968e+00
1.145000000000000046e-01 2.893649700000000102e+00
1.155000000000000054e-01 3.017116399999999921e+00
1.165000000000000063e-01 3.143606600000000029e+00
1.174999999999999933e-01 3.273065900000000195e+00
1.184999999999999942e-01 3.405431399999999886e+00
1.194999999999999951e-01 3.540631600000000212e+00
1.204999999999999960e-01 3.678586600000000040e+00
1.214999999999999969e-01 3.819207500000000088e+00
1.224999999999999978e-01 3.962396700000000216e+00
1.234999999999999987e-01 4.108047700000000191e+00
1.244999999999999996e-01 4.256045300000000253e+00
1.255000000000000004e-01 4.406265199999999993e+00
1.265000000000000013e-01 4.558574400000000360e+00
1.275000000000000022e-01 4.712831200000000109e+00
1.285000000000000031e-01 4.868885399999999919e+00
1.295000000000000040e-01 5.026578100000000049e+00
1.305000000000000049e-01 5.185742199999999968e+00
1.315000000000000058e-01 5.346202700000000085e+00
1.325000000000000067e-01 5.507776599999999689e+00
1.335000000000000075e-01 5.670273500000000411e+00
1.345000000000000084e-01 5.833495400000000330e+00
1.355000000000000093e-01 5.997238000000000291e+00
1.365000000000000102e-01 6.161290000000000155e+00
1.375000000000000111e-01 6.325434200000000118e+00
1.385000000000000120e-01 6.489447900000000047e+00
1.395000000000000129e-01 6.653102800000000094e+00
1.405000000000000138e-01 6.816166400000000181e+00
1.414999999999999869e-01 6.978401700000000041e+00
1.424999999999999878e-01 7.139568200000000253e+00
1.434999999999999887e-01 7.299422400000000088e+00
1.444999999999999896e-01 7.457718299999999800e+00
1.454999999999999905e-01 7.614208099999999924e+00
1.464999999999999913e-01 7.768642800000000292e+00
1.474999999999999922e-01 7.920772900000000227e+00
1.484999999999999931e-01 8.070349000000000217e+00
1.494999999999999940e-01 8.217122500000000329e+00
1.504999999999999949e-01 8.360846199999999229e+00
1.514999999999999958e-01 8.501275100000000862e+00
1.524999999999999967e-01 8.638167199999999823e+00
1.534999999999999976e-01 8.771283900000000244e+00
1.544999999999999984e-01 8.900390700000000876e+00
1.554999999999999993e-01 9.025258400000000236e+00
1.565000000000000002e-01 9.145662899999999595e+00
1.575000000000000011e-01 9.261386800000000363e+00
1.585000000000000020e-01 9.372219199999999972e+00
1.595000000000000029e-01 9.477957099999999357e+00
1.605000000000000038e-01 9.578405399999999403e+00
1.615000000000000047e-01 9.673377699999999635e+00
1.625000000000000056e-01 9.762697199999999853e+00
1.635000000000000064e-01 9.846196700000000135e+00
1.645000000000000073e-01 9.923719399999999524e+00
1.655000000000000082e-01 9.995119499999999491e+00
1.665000000000000091e-01 1.006026229999999977e+01
1.675000000000000100e-01 1.011902489999999943e+01
1.685000000000000109e-01 1.017129650000000041e+01
1.695000000000000118e-01 1.021697879999999969e+01
1.705000000000000127e-01 1.025598630000000000e+01
1.715000000000000135e-01 1.028824610000000028e+01
1.724999999999999867e-01 1.031369909999999912e+01
1.734999999999999876e-01 1.033229919999999957e+01
1.744999999999999885e-01 1.034401399999999960e+01
1.754999999999999893e-01 1.034882460000000037e+01
1.764999999999999902e-01 1.034672589999999914e+01
1.774999999999999911e-01 1.033772629999999992e+01
1.784999999999999920e-01 1.032184799999999925e+01
1.794999999999999929e-01 1.029912670000000041e+01
1.804999999999999938e-01 1.026961129999999933e+01
1.814999999999999947e-01 1.023336429999999986e+01
1.824999999999999956e-01 1.019046080000000032e+01
1.834999999999999964e-01 1.014098899999999936e+01
1.844999999999999973e-01 1.008504929999999966e+01
1.854999999999999982e-01 1.002275430000000078e+01
1.864999999999999991e-01 9.954228499999999258e+00
1.875000000000000000e-01 9.879607599999999934e+00
1.885000000000000009e-01 9.799038100000000640e+00
1.895000000000000018e-01 9.712677100000000507e+00
1.905000000000000027e-01 9.620691600000000676e+00
1.915000000000000036e-01 9.523257900000000831e+00
1.925000000000000044e-01 9.420561199999999857e+00
1.935000000000000053e-01 9.312794999999999490e+00
1.945000000000000062e-01 9.200160399999999683e+00
1.955000000000000071e-01 9.082865599999999873e+00
1.965000000000000080e-01 8.961125300000000848e+00
1.975000000000000089e-01 8.835159700000000171e+00
1.985000000000000098e-01 8.705194600000000449e+00
1.995000000000000107e-01 8.571459799999999518e+00
2.005000000000000115e-01 8.434189299999999889e+00
2.015000000000000124e-01 8.293620100000000050e+00
2.025000000000000133e-01 8.149991500000000499e+00
2.034999999999999865e-01 8.003545100000000190e+00
2.044999999999999873e-01 7.854523200000000038e+00
2.054999999999999882e-01 7.703168899999999653e+00
2.064999999999999891e-01 7.549725099999999856e+00
2.074999999999999900e-01 7.394434000000000395e+00
2.084999999999999909e-01 7.237536600000000320e+00
2.094999999999999918e-01 7.079271699999999612e+00
2.104999999999999927e-01 6.919875799999999799e+00
2.114999999999999936e-01 6.759582299999999933e+00
2.124999999999999944e-01 6.598620900000000233e+00
2.134999999999999953e-01 6.437217399999999756e+00
2.144999999999999962e-01 6.275592800000000082e+00
2.154999999999999971e-01 6.113963400000000270e+00
2.164999999999999980e-01 5.952539699999999989e+00
2.174999999999999989e-01 5.791526499999999800e+00
2.184999999999999998e-01 5.631122300000000358e+00
2.195000000000000007e-01 5.471519100000000080e+00
2.205000000000000016e-01 5.312902000000000236e+00
2.215000000000000024e-01 5.155448800000000276e+00
2.225000000000000033e-01 4.999329900000000215e+00
2.235000000000000042e-01 4.844708299999999745e+00
2.245000000000000051e-01 4.691738899999999823e+00
2.255000000000000060e-01 4.540568699999999680e+00
2.265000000000000069e-01 4.391336500000000420e+00
2.275000000000000078e-01 4.244173100000000254e+00
2.285000000000000087e-01 4.099200699999999919e+00
2.295000000000000095e-01 3.956533400000000089e+00
2.305000000000000104e-01 3.816276799999999803e+00
2.315000000000000113e-01 3.678528399999999809e+00
2.325000000000000122e-01 3.543377099999999835e+00
2.335000000000000131e-01 3.410903799999999819e+00
2.344999999999999862e-01 3.281181099999999962e+00
2.354999999999999871e-01 3.154273799999999905e+00
2.364999999999999880e-01 3.030238600000000115e+00
2.374999999999999889e-01 2.909124600000000171e+00
2.384999999999999898e-01 2.790973099999999985e+00
2.394999999999999907e-01 2.675818299999999983e+00
2.404999999999999916e-01 2.563687100000000108e+00
2.414999999999999925e-01 2.454599500000000045e+00
2.424999999999999933e-01 2.348568600000000117e+00
2.434999999999999942e-01 2.245601199999999853e+00
2.444999999999999951e-01 2.145697900000000047e+00
2.454999999999999960e-01 2.048853199999999930e+00
2.464999999999999969e-01 1.955056099999999963e+00
2.474999999999999978e-01 1.864290100000000061e+00
2.484999999999999987e-01 1.776533499999999988e+00
2.494999999999999996e-01 1.691759900000000094e+00
2.505000000000000004e-01 1.609938300000000044e+00
2.515000000000000013e-01 1.531033599999999995e+00
2.525000000000000022e-01 1.455006299999999975e+00
2.535000000000000031e-01 1.381813799999999981e+00
2.545000000000000040e-01 1.311409800000000070e+00
2.555000000000000049e-01 1.243744900000000042e+00
2.565000000000000058e-01 1.178766999999999898e+00
2.575000000000000067e-01 1.116421300000000061e+00
2.585000000000000075e-01 1.056650899999999949e+00
2.595000000000000084e-01 9.993969000000000324e-01
2.605000000000000093e-01 9.445985000000000076e-01
2.615000000000000102e-01 8.921934000000000253e-01
2.625000000000000111e-01 8.421182999999999863e-01
2.635000000000000120e-01 7.943084999999999729e-01
2.645000000000000129e-01 7.486987999999999976e-01
2.655000000000000138e-01 7.052232000000000500e-01
2.665000000000000147e-01 6.638155000000000028e-01
2.675000000000000155e-01 6.244091000000000502e-01
2.685000000000000164e-01 5.869375999999999483e-01
2.695000000000000173e-01 5.513344999999999496e-01
2.705000000000000182e-01 5.175338999999999912e-01
2.715000000000000191e-01 4.854701000000000155e-01
2.725000000000000200e-01 4.550780999999999854e-01
2.735000000000000209e-01 4.262939000000000034e-01
2.745000000000000218e-01 3.990539000000000169e-01
2.755000000000000226e-01 3.732958000000000109e-01
2.765000000000000235e-01 3.489584000000000019e-01
2.775000000000000244e-01 3.259812999999999739e-01
2.785000000000000253e-01 3.043058000000000152e-01
2.795000000000000262e-01 2.838741000000000181e-01
2.805000000000000271e-01 2.646301999999999821e-01
2.814999999999999725e-01 2.465190999999999910e-01
2.824999999999999734e-01 2.294876000000000138e-01
2.834999999999999742e-01 2.134839000000000042e-01
2.844999999999999751e-01 1.984576999999999869e-01
2.854999999999999760e-01 1.843604000000000076e-01
2.864999999999999769e-01 1.711448000000000136e-01
2.874999999999999778e-01 1.587655000000000038e-01
2.884999999999999787e-01 1.471784999999999899e-01
2.894999999999999796e-01 1.363417000000000101e-01
2.904999999999999805e-01 1.262143000000000015e-01
2.914999999999999813e-01 1.167572000000000054e-01
2.924999999999999822e-01 1.079330000000000012e-01
2.934999999999999831e-01 9.970560000000000533e-02
2.944999999999999840e-01 9.204060000000000019e-02
2.954999999999999849e-01 8.490509999999999724e-02
2.964999999999999858e-01 7.826769999999999561e-02
2.974999999999999867e-01 7.209840000000000693e-02
2.984999999999999876e-01 6.636849999999999694e-02
2.994999999999999885e-01 6.105089999999999822e-02
3.004999999999999893e-01 5.611979999999999746e-02
3.014999999999999902e-01 5.155049999999999910e-02
3.024999999999999911e-01 4.731980000000000214e-02
3.034999999999999920e-01 4.340560000000000251e-02
3.044999999999999929e-01 3.978700000000000292e-02
3.054999999999999938e-01 3.644420000000000298e-02
3.064999999999999947e-01 3.335869999999999808e-02
3.074999999999999956e-01 3.051270000000000024e-02
3.084999999999999964e-01 2.788969999999999991e-02
3.094999999999999973e-01 2.547409999999999952e-02
3.104999999999999982e-01 2.325119999999999965e-02
3.114999999999999991e-01 2.120719999999999897e-02
3.125000000000000000e-01 1.932920000000000124e-02
3.135000000000000009e-01 1.760489999999999972e-02
3.145000000000000018e-01 1.602299999999999905e-02
3.155000000000000027e-01 1.457280000000000034e-02
3.165000000000000036e-01 1.324449999999999933e-02
3.175000000000000044e-01 1.202869999999999981e-02
3.185000000000000053e-01 1.091660000000000026e-02
3.195000000000000062e-01 9.900300000000000766e-03
3.205000000000000071e-01 8.972199999999999620e-03
3.215000000000000080e-01 8.125300000000000231e-03
3.225000000000000089e-01 7.353099999999999567e-03
3.235000000000000098e-01 6.649500000000000029e-03
3.245000000000000107e-01 6.008900000000000179e-03
3.255000000000000115e-01 5.426099999999999673e-03
3.265000000000000124e-01 4.896400000000000405e-03
3.275000000000000133e-01 4.415200000000000201e-03
3.285000000000000142e-01 3.978399999999999992e-03
3.295000000000000151e-01 3.582300000000000068e-03
3.305000000000000160e-01 3.223300000000000123e-03
3.315000000000000169e-01 2.898099999999999808e-03
3.325000000000000178e-01 2.603900000000000138e-03
3.335000000000000187e-01 2.337899999999999961e-03
3.345000000000000195e-01 2.097599999999999812e-03
3.355000000000000204e-01 1.880600000000000067e-03
3.365000000000000213e-01 1.684799999999999969e-03
3.375000000000000222e-01 1.508400000000000019e-03
3.385000000000000231e-01 1.349399999999999948e-03
3.395000000000000240e-01 1.206299999999999994e-03
3.405000000000000249e-01 1.077599999999999955e-03
3.415000000000000258e-01 9.619999999999999645e-04
3.425000000000000266e-01 8.580999999999999869e-04
3.435000000000000275e-01 7.648999999999999983e-04
3.444999999999999729e-01 6.813000000000000262e-04
3.454999999999999738e-01 6.065000000000000512e-04
3.464999999999999747e-01 5.393999999999999923e-04
3.474999999999999756e-01 4.793999999999999976e-04
3.484999999999999765e-01 4.257999999999999958e-04
3.494999999999999774e-01 3.779000000000000241e-04
3.504999999999999782e-01 3.352000000000000162e-04
3.514999999999999791e-01 2.970000000000000092e-04
3.524999999999999800e-01 2.630999999999999984e-04
3.534999999999999809e-01 2.327999999999999937e-04
3.544999999999999818e-01 2.058999999999999904e-04
3.554999999999999827e-01 1.819000000000000033e-04
3.564999999999999836e-01 1.606000000000000006e-04
3.574999999999999845e-01 1.417000000000000020e-04
3.584999999999999853e-01 1.250000000000000026e-04
3.594999999999999862e-01 1.101000000000000063e-04
3.604999999999999871e-01 9.699999999999999963e-05
3.614999999999999880e-01 8.529999999999999985e-05
3.624999999999999889e-01 7.499999999999999343e-05
3.634999999999999898e-01 6.590000000000000263e-05
3.644999999999999907e-01 5.780000000000000225e-05
3.654999999999999916e-01 5.069999999999999908e-05
3.664999999999999925e-01 4.449999999999999746e-05
3.674999999999999933e-01 3.899999999999999929e-05
3.684999999999999942e-01 3.410000000000000216e-05
3.694999999999999951e-01 2.979999999999999929e-05
3.704999999999999960e-01 2.610000000000000083e-05
3.714999999999999969e-01 2.279999999999999854e-05
3.724999999999999978e-01 1.989999999999999921e-05
3.734999999999999987e-01 1.730000000000000038e-05
3.744999999999999996e-01 1.509999999999999942e-05
3.755000000000000004e-01 1.320000000000000067e-05
3.765000000000000013e-01 1.150000000000000001e-05
3.775000000000000022e-01 1.000000000000000082e-05
3.785000000000000031e-01 8.699999999999999712e-06
3.795000000000000040e-01 7.500000000000000190e-06
3.805000000000000049e-01 6.499999999999999600e-06
3.815000000000000058e-01 5.699999999999999636e-06
3.825000000000000067e-01 4.899999999999999672e-06
3.835000000000000075e-01 4.199999999999999598e-06
3.845000000000000084e-01 3.700000000000000150e-06
3.855000000000000093e-01 3.199999999999999855e-06
3.865000000000000102e-01 2.699999999999999984e-06
3.875000000000000111e-01 2.399999999999999891e-06
3.885000000000000120e-01 1.999999999999999909e-06
3.895000000000000129e-01 1.799999999999999919e-06
3.905000000000000138e-01 1.500000000000000038e-06
3.915000000000000147e-01 1.300000000000000047e-06
3.925000000000000155e-01 1.100000000000000056e-06
3.935000000000000164e-01 9.999999999999999547e-07
3.945000000000000173e-01 7.999999999999999638e-07
3.955000000000000182e-01 6.999999999999999683e-07
3.965000000000000191e-01 5.999999999999999728e-07
3.975000000000000200e-01 4.999999999999999774e-07
3.985000000000000209e-01 3.999999999999999819e-07
3.995000000000000218e-01 3.999999999999999819e-07
4.005000000000000226e-01 2.999999999999999864e-07
4.015000000000000235e-01 2.999999999999999864e-07
4.025000000000000244e-01 1.999999999999999909e-07
4.035000000000000253e-01 1.999999999999999909e-07
4.045000000000000262e-01 1.999999999999999909e-07
4.055000000000000271e-01 9.999999999999999547e-08
4.064999999999999725e-01 9.999999999999999547e-08
4.074999999999999734e-01 9.999999999999999547e-08
4.084999999999999742e-01 9.999999999999999547e-08
4.094999999999999751e-01 9.999999999999999547e-08
4.104999999999999760e-01 9.999999999999999547e-08
4.114999999999999769e-01 9.999999999999999547e-08
4.124999999999999778e-01 0.000000000000000000e+00
4.134999999999999787e-01 0.000000000000000000e+00
4.144999999999999796e-01 0.000000000000000000e+00
4.154999999999999805e-01 0.000000000000000000e+00
4.164999999999999813e-01 0.000000000000000000e+00
4.174999999999999822e-01 0.000000000000000000e+00
4.184999999999999831e-01 0.000000000000000000e+00
4.194999999999999840e-01 0.000000000000000000e+00
4.204999999999999849e-01 0.000000000000000000e+00
4.214999999999999858e-01 0.000000000000000000e+00
4.224999999999999867e-01 0.000000000000000000e+00
4.234999999999999876e-01 0.000000000000000000e+00
4.244999999999999885e-01 0.000000000000000000e+00
4.254999999999999893e-01 0.000000000000000000e+00
4.264999999999999902e-01 0.000000000000000000e+00
4.274999999999999911e-01 0.000000000000000000e+00
4.284999999999999920e-01 0.000000000000000000e+00
4.294999999999999929e-01 0.000000000000000000e+00
4.304999999999999938e-01 0.000000000000000000e+00
4.314999999999999947e-01 0.000000000000000000e+00
4.324999999999999956e-01 0.000000000000000000e+00
4.334999999999999964e-01 0.000000000000000000e+00
4.344999999999999973e-01 0.000000000000000000e+00
4.354999999999999982e-01 0.000000000000000000e+00
4.364999999999999991e-01 0.000000000000000000e+00
4.375000000000000000e-01 0.000000000000000000e+00
4.385000000000000009e-01 0.000000000000000000e+00
4.395000000000000018e-01 0.000000000000000000e+00
4.405000000000000027e-01 0.000000000000000000e+00
4.415000000000000036e-01 0.000000000000000000e+00
4.425000000000000044e-01 0.000000000000000000e+00
4.435000000000000053e-01 0.000000000000000000e+00
4.445000000000000062e-01 0.000000000000000000e+00
4.455000000000000071e-01 0.000000000000000000e+00
4.465000000000000080e-01 0.000000000000000000e+00
4.475000000000000089e-01 0.000000000000000000e+00
4.485000000000000098e-01 0.000000000000000000e+00
4.495000000000000107e-01 0.000000000000000000e+00
4.505000000000000115e-01 0.000000000000000000e+00
4.515000000000000124e-01 0.000000000000000000e+00
4.525000000000000133e-01 0.000000000000000000e+00
4.535000000000000142e-01 0.000000000000000000e+00
4.545000000000000151e-01 0.000000000000000000e+00
4.555000000000000160e-01 0.000000000000000000e+00
4.565000000000000169e-01 0.000000000000000000e+00
4.575000000000000178e-01 0.000000000000000000e+00
4.585000000000000187e-01 0.000000000000000000e+00
4.595000000000000195e-01 0.000000000000000000e+00
4.605000000000000204e-01 0.000000000000000000e+00
4.615000000000000213e-01 0.000000000000000000e+00
4.625000000000000222e-01 0.000000000000000000e+00
4.635000000000000231e-01 0.000000000000000000e+00
4.645000000000000240e-01 0.000000000000000000e+00
4.655000000000000249e-01 0.000000000000000000e+00
4.665000000000000258e-01 0.000000000000000000e+00
4.675000000000000266e-01 0.000000000000000000e+00
4.685000000000000275e-01 0.000000000000000000e+00
4.694999999999999729e-01 0.000000000000000000e+00
4.704999999999999738e-01 0.000000000000000000e+00
4.714999999999999747e-01 0.000000000000000000e+00
4.724999999999999756e-01 0.000000000000000000e+00
4.734999999999999765e-01 0.000000000000000000e+00
4.744999999999999774e-01 0.000000000000000000e+00
4.754999999999999782e-01 0.000000000000000000e+00
4.764999999999999791e-01 0.000000000000000000e+00
4.774999999999999800e-01 0.000000000000000000e+00
4.784999999999999809e-01 0.000000000000000000e+00
4.794999999999999818e-01 0.000000000000000000e+00
4.804999999999999827e-01 0.000000000000000000e+00
4.814999999999999836e-01 0.000000000000000000e+00
4.824999999999999845e-01 0.000000000000000000e+00
4.834999999999999853e-01 0.000000000000000000e+00
4.844999999999999862e-01 0.000000000000000000e+00
4.854999999999999871e-01 0.000000000000000000e+00
4.864999999999999880e-01 0.000000000000000000e+00
4.874999999999999889e-01 0.000000000000000000e+00
4.884999999999999898e-01 0.000000000000000000e+00
4.894999999999999907e-01 0.000000000000000000e+00
4.904999999999999916e-01 0.000000000000000000e+00
4.914999999999999925e-01 0.000000000000000000e+00
4.924999999999999933e-01 0.000000000000000000e+00
4.934999999999999942e-01 0.000000000000000000e+00
4.944999999999999951e-01 0.000000000000000000e+00
4.954999999999999960e-01 0.000000000000000000e+00
4.964999999999999969e-01 0.000000000000000000e+00
4.974999999999999978e-01 0.000000000000000000e+00
4.984999999999999987e-01 0.000000000000000000e+00
4.994999999999999996e-01 0.000000000000000000e+00
5.004999999999999449e-01 0.000000000000000000e+00
5.014999999999999458e-01 0.000000000000000000e+00
5.024999999999999467e-01 0.000000000000000000e+00
5.034999999999999476e-01 0.000000000000000000e+00
5.044999999999999485e-01 0.000000000000000000e+00
5.054999999999999494e-01 0.000000000000000000e+00
5.064999999999999503e-01 0.000000000000000000e+00
5.074999999999999512e-01 0.000000000000000000e+00
5.084999999999999520e-01 0.000000000000000000e+00
5.094999999999999529e-01 0.000000000000000000e+00
5.104999999999999538e-01 0.000000000000000000e+00
5.114999999999999547e-01 0.000000000000000000e+00
5.124999999999999556e-01 0.000000000000000000e+00
5.134999999999999565e-01 0.000000000000000000e+00
5.144999999999999574e-01 0.000000000000000000e+00
5.154999999999999583e-01 0.000000000000000000e+00
5.164999999999999591e-01 0.000000000000000000e+00
5.174999999999999600e-01 0.000000000000000000e+00
5.184999999999999609e-01 0.000000000000000000e+00
5.194999999999999618e-01 0.000000000000000000e+00
5.204999999999999627e-01 0.000000000000000000e+00
5.214999999999999636e-01 0.000000000000000000e+00
5.224999999999999645e-01 0.000000000000000000e+00
5.234999999999999654e-01 0.000000000000000000e+00
5.244999999999999662e-01 0.000000000000000000e+00
5.254999999999999671e-01 0.000000000000000000e+00
5.264999999999999680e-01 0.000000000000000000e+00
5.274999999999999689e-01 0.000000000000000000e+00
5.284999999999999698e-01 0.000000000000000000e+00
5.294999999999999707e-01 0.000000000000000000e+00
5.304999999999999716e-01 0.000000000000000000e+00
5.314999999999999725e-01 0.000000000000000000e+00
5.324999999999999734e-01 0.000000000000000000e+00
5.334999999999999742e-01 0.000000000000000000e+00
5.344999999999999751e-01 0.000000000000000000e+00
5.354999999999999760e-01 0.000000000000000000e+00
5.364999999999999769e-01 0.000000000000000000e+00
5.374999999999999778e-01 0.000000000000000000e+00
5.384999999999999787e-01 0.000000000000000000e+00
5.394999999999999796e-01 0.000000000000000000e+00
5.404999999999999805e-01 0.000000000000000000e+00
5.414999999999999813e-01 0.000000000000000000e+00
5.424999999999999822e-01 0.000000000000000000e+00
5.434999999999999831e-01 0.000000000000000000e+00
5.444999999999999840e-01 0.000000000000000000e+00
5.454999999999999849e-01 0.000000000000000000e+00
5.464999999999999858e-01 0.000000000000000000e+00
5.474999999999999867e-01 0.000000000000000000e+00
5.484999999999999876e-01 0.000000000000000000e+00
5.494999999999999885e-01 0.000000000000000000e+00
5.504999999999999893e-01 0.000000000000000000e+00
5.514999999999999902e-01 0.000000000000000000e+00
5.524999999999999911e-01 0.000000000000000000e+00
5.534999999999999920e-01 0.000000000000000000e+00
5.544999999999999929e-01 0.000000000000000000e+00
5.554999999999999938e-01 0.000000000000000000e+00
5.564999999999999947e-01 0.000000000000000000e+00
5.574999999999999956e-01 0.000000000000000000e+00
5.584999999999999964e-01 0.000000000000000000e+00
5.594999999999999973e-01 0.000000000000000000e+00
5.604999999999999982e-01 0.000000000000000000e+00
5.614999999999999991e-01 0.000000000000000000e+00
5.625000000000000000e-01 0.000000000000000000e+00
5.635000000000000009e-01 0.000000000000000000e+00
5.645000000000000018e-01 0.000000000000000000e+00
5.655000000000000027e-01 0.000000000000000000e+00
5.665000000000000036e-01 0.000000000000000000e+00
5.675000000000000044e-01 0.000000000000000000e+00
5.685000000000000053e-01 0.000000000000000000e+00
5.695000000000000062e-01 0.000000000000000000e+00
5.705000000000000071e-01 0.000000000000000000e+00
5.715000000000000080e-01 0.000000000000000000e+00
5.725000000000000089e-01 0.000000000000000000e+00
5.735000000000000098e-01 0.000000000000000000e+00
5.745000000000000107e-01 0.000000000000000000e+00
5.755000000000000115e-01 0.000000000000000000e+00
5.765000000000000124e-01 0.000000000000000000e+00
5.775000000000000133e-01 0.000000000000000000e+00
5.785000000000000142e-01 0.000000000000000000e+00
5.795000000000000151e-01 0.000000000000000000e+00
5.805000000000000160e-01 0.000000000000000000e+00
5.815000000000000169e-01 0.000000000000000000e+00
5.825000000000000178e-01 0.000000000000000000e+00
5.835000000000000187e-01 0.000000000000000000e+00
5.845000000000000195e-01 0.000000000000000000e+00
5.855000000000000204e-01 0.000000000000000000e+00
5.865000000000000213e-01 0.000000000000000000e+00
5.875000000000000222e-01 0.000000000000000000e+00
5.885000000000000231e-01 0.000000000000000000e+00
5.895000000000000240e-01 0.000000000000000000e+00
5.905000000000000249e-01 0.000000000000000000e+00
5.915000000000000258e-01 0.000000000000000000e+00
5.925000000000000266e-01 0.000000000000000000e+00
5.935000000000000275e-01 0.000000000000000000e+00
5.945000000000000284e-01 0.000000000000000000e+00
5.955000000000000293e-01 0.000000000000000000e+00
5.965000000000000302e-01 0.000000000000000000e+00
5.975000000000000311e-01 0.000000000000000000e+00
5.985000000000000320e-01 0.000000000000000000e+00
5.995000000000000329e-01 0.000000000000000000e+00
6.005000000000000338e-01 0.000000000000000000e+00
6.015000000000000346e-01 0.000000000000000000e+00
6.025000000000000355e-01 0.000000000000000000e+00
6.035000000000000364e-01 0.000000000000000000e+00
6.045000000000000373e-01 0.000000000000000000e+00
6.055000000000000382e-01 0.000000000000000000e+00
6.065000000000000391e-01 0.000000000000000000e+00
6.075000000000000400e-01 0.000000000000000000e+00
6.085000000000000409e-01 0.000000000000000000e+00
6.095000000000000417e-01 0.000000000000000000e+00
6.105000000000000426e-01 0.000000000000000000e+00
6.115000000000000435e-01 0.000000000000000000e+00
6.125000000000000444e-01 0.000000000000000000e+00
6.135000000000000453e-01 0.000000000000000000e+00
6.145000000000000462e-01 0.000000000000000000e+00
6.155000000000000471e-01 0.000000000000000000e+00
6.165000000000000480e-01 0.000000000000000000e+00
6.175000000000000488e-01 0.000000000000000000e+00
6.185000000000000497e-01 0.000000000000000000e+00
6.195000000000000506e-01 0.000000000000000000e+00
6.205000000000000515e-01 0.000000000000000000e+00
6.215000000000000524e-01 0.000000000000000000e+00
6.225000000000000533e-01 0.000000000000000000e+00
6.235000000000000542e-01 0.000000000000000000e+00
6.245000000000000551e-01 0.000000000000000000e+00
6.254999999999999449e-01 0.000000000000000000e+00
6.264999999999999458e-01 0.000000000000000000e+00
6.274999999999999467e-01 0.000000000000000000e+00
6.284999999999999476e-01 0.000000000000000000e+00
6.294999999999999485e-01 0.000000000000000000e+00
6.304999999999999494e-01 0.000000000000000000e+00
6.314999999999999503e-01 0.000000000000000000e+00
6.324999999999999512e-01 0.000000000000000000e+00
6.334999999999999520e-01 0.000000000000000000e+00
6.344999999999999529e-01 0.000000000000000000e+00
6.354999999999999538e-01 0.000000000000000000e+00
6.364999999999999547e-01 0.000000000000000000e+00
6.374999999999999556e-01 0.000000000000000000e+00
6.384999999999999565e-01 0.000000000000000000e+00
6.394999999999999574e-01 0.000000000000000000e+00
6.404999999999999583e-01 0.000000000000000000e+00
6.414999999999999591e-01 0.000000000000000000e+00
6.424999999999999600e-01 0.000000000000000000e+00
6.434999999999999609e-01 0.000000000000000000e+00
6.444999999999999618e-01 0.000000000000000000e+00
6.454999999999999627e-01 0.000000000000000000e+00
6.464999999999999636e-01 0.000000000000000000e+00
6.474999999999999645e-01 0.000000000000000000e+00
6.484999999999999654e-01 0.000000000000000000e+00
6.494999999999999662e-01 0.000000000000000000e+00
6.504999999999999671e-01 0.000000000000000000e+00
6.514999999999999680e-01 0.000000000000000000e+00
6.524999999999999689e-01 0.000000000000000000e+00
6.534999999999999698e-01 0.000000000000000000e+00
6.544999999999999707e-01 0.000000000000000000e+00
6.554999999999999716e-01 0.000000000000000000e+00
6.564999999999999725e-01 0.000000000000000000e+00
6.574999999999999734e-01 0.000000000000000000e+00
6.584999999999999742e-01 0.000000000000000000e+00
6.594999999999999751e-01 0.000000000000000000e+00
6.604999999999999760e-01 0.000000000000000000e+00
6.614999999999999769e-01 0.000000000000000000e+00
6.624999999999999778e-01 0.000000000000000000e+00
6.634999999999999787e-01 0.000000000000000000e+00
6.644999999999999796e-01 0.000000000000000000e+00
6.654999999999999805e-01 0.000000000000000000e+00
6.664999999999999813e-01 0.000000000000000000e+00
6.674999999999999822e-01 0.000000000000000000e+00
6.684999999999999831e-01 0.000000000000000000e+00
6.694999999999999840e-01 0.000000000000000000e+00
6.704999999999999849e-01 0.000000000000000000e+00
6.714999999999999858e-01 0.000000000000000000e+00
6.724999999999999867e-01 0.000000000000000000e+00
6.734999999999999876e-01 0.000000000000000000e+00
6.744999999999999885e-01 0.000000000000000000e+00
6.754999999999999893e-01 0.000000000000000000e+00
6.764999999999999902e-01 0.000000000000000000e+00
6.774999999999999911e-01 0.000000000000000000e+00
6.784999999999999920e-01 0.000000000000000000e+00
6.794999999999999929e-01 0.000000000000000000e+00
6.804999999999999938e-01 0.000000000000000000e+00
6.814999999999999947e-01 0.000000000000000000e+00
6.824999999999999956e-01 0.000000000000000000e+00
6.834999999999999964e-01 0.000000000000000000e+00
6.844999999999999973e-01 0.000000000000000000e+00
6.854999999999999982e-01 0.000000000000000000e+00
6.864999999999999991e-01 0.000000000000000000e+00
6.875000000000000000e-01 0.000000000000000000e+00
6.885000000000000009e-01 0.000000000000000000e+00
6.895000000000000018e-01 0.000000000000000000e+00
6.905000000000000027e-01 0.000000000000000000e+00
6.915000000000000036e-01 0.000000000000000000e+00
6.925000000000000044e-01 0.000000000000000000e+00
6.935000000000000053e-01 0.000000000000000000e+00
6.945000000000000062e-01 0.000000000000000000e+00
6.955000000000000071e-01 0.000000000000000000e+00
6.965000000000000080e-01 0.000000000000000000e+00
6.975000000000000089e-01 0.000000000000000000e+00
6.985000000000000098e-01 0.000000000000000000e+00
6.995000000000000107e-01 0.000000000000000000e+00
7.005000000000000115e-01 0.000000000000000000e+00
7.015000000000000124e-01 0.000000000000000000e+00
7.025000000000000133e-01 0.000000000000000000e+00
7.035000000000000142e-01 0.000000000000000000e+00
7.045000000000000151e-01 0.000000000000000000e+00
7.055000000000000160e-01 0.000000000000000000e+00
7.065000000000000169e-01 0.000000000000000000e+00
7.075000000000000178e-01 0.000000000000000000e+00
7.085000000000000187e-01 0.000000000000000000e+00
7.095000000000000195e-01 0.000000000000000000e+00
7.105000000000000204e-01 0.000000000000000000e+00
7.115000000000000213e-01 0.000000000000000000e+00
7.125000000000000222e-01 0.000000000000000000e+00
7.135000000000000231e-01 0.000000000000000000e+00
7.145000000000000240e-01 0.000000000000000000e+00
7.155000000000000249e-01 0.000000000000000000e+00
7.165000000000000258e-01 0.000000000000000000e+00
7.175000000000000266e-01 0.000000000000000000e+00
7.185000000000000275e-01 0.000000000000000000e+00
7.195000000000000284e-01 0.000000000000000000e+00
7.205000000000000293e-01 0.000000000000000000e+00
7.215000000000000302e-01 0.000000000000000000e+00
7.225000000000000311e-01 0.000000000000000000e+00
7.235000000000000320e-01 0.000000000000000000e+00
7.245000000000000329e-01 0.000000000000000000e+00
7.255000000000000338e-01 0.000000000000000000e+00
7.265000000000000346e-01 0.000000000000000000e+00
7.275000000000000355e-01 0.000000000000000000e+00
7.285000000000000364e-01 0.000000000000000000e+00
7.295000000000000373e-01 0.000000000000000000e+00
7.305000000000000382e-01 0.000000000000000000e+00
7.315000000000000391e-01 0.000000000000000000e+00
7.325000000000000400e-01 0.000000000000000000e+00
7.335000000000000409e-01 0.000000000000000000e+00
7.345000000000000417e-01 0.000000000000000000e+00
7.355000000000000426e-01 0.000000000000000000e+00
7.365000000000000435e-01 0.000000000000000000e+00
7.375000000000000444e-01 0.000000000000000000e+00
7.385000000000000453e-01 0.000000000000000000e+00
7.395000000000000462e-01 0.000000000000000000e+00
7.405000000000000471e-01 0.000000000000000000e+00
7.415000000000000480e-01 0.000000000000000000e+00
7.425000000000000488e-01 0.000000000000000000e+00
7.435000000000000497e-01 0.000000000000000000e+00
7.445000000000000506e-01 0.000000000000000000e+00
7.455000000000000515e-01 0.000000000000000000e+00
7.465000000000000524e-01 0.000000000000000000e+00
7.475000000000000533e-01 0.000000000000000000e+00
7.485000000000000542e-01 0.000000000000000000e+00
7.495000000000000551e-01 0.000000000000000000e+00
7.504999999999999449e-01 0.000000000000000000e+00
7.514999999999999458e-01 0.000000000000000000e+00
7.524999999999999467e-01 0.000000000000000000e+00
7.534999999999999476e-01 0.000000000000000000e+00
7.544999999999999485e-01 0.000000000000000000e+00
7.554999999999999494e-01 0.000000000000000000e+00
7.564999999999999503e-01 0.000000000000000000e+00
7.574999999999999512e-01 0.000000000000000000e+00
7.584999999999999520e-01 0.000000000000000000e+00
7.594999999999999529e-01 0.000000000000000000e+00
7.604999999999999538e-01 0.000000000000000000e+00
7.614999999999999547e-01 0.000000000000000000e+00
7.624999999999999556e-01 0.000000000000000000e+00
7.634999999999999565e-01 0.000000000000000000e+00
7.644999999999999574e-01 0.000000000000000000e+00
7.654999999999999583e-01 0.000000000000000000e+00
7.664999999999999591e-01 0.000000000000000000e+00
7.674999999999999600e-01 0.000000000000000000e+00
7.684999999999999609e-01 0.000000000000000000e+00
7.694999999999999618e-01 0.000000000000000000e+00
7.704999999999999627e-01 0.000000000000000000e+00
7.714999999999999636e-01 0.000000000000000000e+00
7.724999999999999645e-01 0.000000000000000000e+00
7.734999999999999654e-01 0.000000000000000000e+00
7.744999999999999662e-01 0.000000000000000000e+00
7.754999999999999671e-01 0.000000000000000000e+00
7.764999999999999680e-01 0.000000000000000000e+00
7.774999999999999689e-01 0.000000000000000000e+00
7.784999999999999698e-01 0.000000000000000000e+00
7.794999999999999707e-01 0.000000000000000000e+00
7.804999999999999716e-01 0.000000000000000000e+00
7.814999999999999725e-01 0.000000000000000000e+00
7.824999999999999734e-01 0.000000000000000000e+00
7.834999999999999742e-01 0.000000000000000000e+00
7.844999999999999751e-01 0.000000000000000000e+00
7.854999999999999760e-01 0.000000000000000000e+00
7.864999999999999769e-01 0.000000000000000000e+00
7.874999999999999778e-01 0.000000000000000000e+00
7.884999999999999787e-01 0.000000000000000000e+00
7.894999999999999796e-01 0.000000000000000000e+00
7.904999999999999805e-01 0.000000000000000000e+00
7.914999999999999813e-01 0.000000000000000000e+00
7.924999999999999822e-01 0.000000000000000000e+00
7.934999999999999831e-01 0.000000000000000000e+00
7.944999999999999840e-01 0.000000000000000000e+00
7.954999999999999849e-01 0.000000000000000000e+00
7.964999999999999858e-01 0.000000000000000000e+00
7.974999999999999867e-01 0.000000000000000000e+00
7.984999999999999876e-01 0.000000000000000000e+00
7.994999999999999885e-01 0.000000000000000000e+00
8.004999999999999893e-01 0.000000000000000000e+00
8.014999999999999902e-01 0.000000000000000000e+00
8.024999999999999911e-01 0.000000000000000000e+00
8.034999999999999920e-01 0.000000000000000000e+00
8.044999999999999929e-01 0.000000000000000000e+00
8.054999999999999938e-01 0.000000000000000000e+00
8.064999999999999947e-01 0.000000000000000000e+00
8.074999999999999956e-01 0.000000000000000000e+00
8.084999999999999964e-01 0.000000000000000000e+00
8.094999999999999973e-01 0.000000000000000000e+00
8.104999999999999982e-01 0.000000000000000000e+00
8.114999999999999991e-01 0.000000000000000000e+00
8.125000000000000000e-01 0.000000000000000000e+00
8.135000000000000009e-01 0.000000000000000000e+00
8.145000000000000018e-01 0.000000000000000000e+00
8.155000000000000027e-01 0.000000000000000000e+00
8.165000000000000036e-01 0.000000000000000000e+00
8.175000000000000044e-01 0.000000000000000000e+00
8.185000000000000053e-01 0.000000000000000000e+00
8.195000000000000062e-01 0.000000000000000000e+00
8.205000000000000071e-01 0.000000000000000000e+00
8.215000000000000080e-01 0.000000000000000000e+00
8.225000000000000089e-01 0.000000000000000000e+00
8.235000000000000098e-01 0.000000000000000000e+00
8.245000000000000107e-01 0.000000000000000000e+00
8.255000000000000115e-01 0.000000000000000000e+00
8.265000000000000124e-01 0.000000000000000000e+00
8.275000000000000133e-01 0.000000000000000000e+00
8.285000000000000142e-01 0.000000000000000000e+00
8.295000000000000151e-01 0.000000000000000000e+00
8.305000000000000160e-01 0.000000000000000000e+00
8.315000000000000169e-01 0.000000000000000000e+00
8.325000000000000178e-01 0.000000000000000000e+00
8.335000000000000187e-01 0.000000000000000000e+00
8.345000000000000195e-01 0.000000000000000000e+00
8.355000000000000204e-01 0.000000000000000000e+00
8.365000000000000213e-01 0.000000000000000000e+00
8.375000000000000222e-01 0.000000000000000000e+00
8.385000000000000231e-01 0.000000000000000000e+00
8.395000000000000240e-01 0.000000000000000000e+00
8.405000000000000249e-01 0.000000000000000000e+00
8.415000000000000258e-01 0.000000000000000000e+00
8.425000000000000266e-01 0.000000000000000000e+00
8.435000000000000275e-01 0.000000000000000000e+00
8.445000000000000284e-01 0.000000000000000000e+00
8.455000000000000293e-01 0.000000000000000000e+00
8.465000000000000302e-01 0.000000000000000000e+00
8.475000000000000311e-01 0.000000000000000000e+00
8.485000000000000320e-01 0.000000000000000000e+00
8.495000000000000329e-01 0.000000000000000000e+00
8.505000000000000338e-01 0.000000000000000000e+00
8.515000000000000346e-01 0.000000000000000000e+00
8.525000000000000355e-01 0.000000000000000000e+00
8.535000000000000364e-01 0.000000000000000000e+00
8.545000000000000373e-01 0.000000000000000000e+00
8.555000000000000382e-01 0.000000000000000000e+00
8.565000000000000391e-01 0.000000000000000000e+00
8.575000000000000400e-01 0.000000000000000000e+00
8.585000000000000409e-01 0.000000000000000000e+00
8.595000000000000417e-01 0.000000000000000000e+00
8.605000000000000426e-01 0.000000000000000000e+00
8.615000000000000435e-01 0.000000000000000000e+00
8.625000000000000444e-01 0.000000000000000000e+00
8.635000000000000453e-01 0.000000000000000000e+00
8.645000000000000462e-01 0.000000000000000000e+00
8.655000000000000471e-01 0.000000000000000000e+00
8.665000000000000480e-01 0.000000000000000000e+00
8.675000000000000488e-01 0.000000000000000000e+00
8.685000000000000497e-01 0.000000000000000000e+00
8.695000000000000506e-01 0.000000000000000000e+00
8.705000000000000515e-01 0.000000000000000000e+00
8.715000000000000524e-01 0.000000000000000000e+00
8.725000000000000533e-01 0.000000000000000000e+00
8.735000000000000542e-01 0.000000000000000000e+00
8.745000000000000551e-01 0.000000000000000000e+00
8.754999999999999449e-01 0.000000000000000000e+00
8.764999999999999458e-01 0.000000000000000000e+00
8.774999999999999467e-01 0.000000000000000000e+00
8.784999999999999476e-01 0.000000000000000000e+00
8.794999999999999485e-01 0.000000000000000000e+00
8.804999999999999494e-01 0.000000000000000000e+00
8.814999999999999503e-01 0.000000000000000000e+00
8.824999999999999512e-01 0.000000000000000000e+00
8.834999999999999520e-01 0.000000000000000000e+00
8.844999999999999529e-01 0.000000000000000000e+00
8.854999999999999538e-01 0.000000000000000000e+00
8.864999999999999547e-01 0.000000000000000000e+00
8.874999999999999556e-01 0.000000000000000000e+00
8.884999999999999565e-01 0.000000000000000000e+00
8.894999999999999574e-01 0.000000000000000000e+00
8.904999999999999583e-01 0.000000000000000000e+00
8.914999999999999591e-01 0.000000000000000000e+00
8.924999999999999600e-01 0.000000000000000000e+00
8.934999999999999609e-01 0.000000000000000000e+00
8.944999999999999618e-01 0.000000000000000000e+00
8.954999999999999627e-01 0.000000000000000000e+00
8.964999999999999636e-01 0.000000000000000000e+00
8.974999999999999645e-01 0.000000000000000000e+00
8.984999999999999654e-01 0.000000000000000000e+00
8.994999999999999662e-01 0.000000000000000000e+00
9.004999999999999671e-01 0.000000000000000000e+00
9.014999999999999680e-01 0.000000000000000000e+00
9.024999999999999689e-01 0.000000000000000000e+00
9.034999999999999698e-01 0.000000000000000000e+00
9.044999999999999707e-01 0.000000000000000000e+00
9.054999999999999716e-01 0.000000000000000000e+00
9.064999999999999725e-01 0.000000000000000000e+00
9.074999999999999734e-01 0.000000000000000000e+00
9.084999999999999742e-01 0.000000000000000000e+00
9.094999999999999751e-01 0.000000000000000000e+00
9.104999999999999760e-01 0.000000000000000000e+00
9.114999999999999769e-01 0.000000000000000000e+00
9.124999999999999778e-01 0.000000000000000000e+00
9.134999999999999787e-01 0.000000000000000000e+00
9.144999999999999796e-01 0.000000000000000000e+00
9.154999999999999805e-01 0.000000000000000000e+00
9.164999999999999813e-01 0.000000000000000000e+00
9.174999999999999822e-01 0.000000000000000000e+00
9.184999999999999831e-01 0.000000000000000000e+00
9.194999999999999840e-01 0.000000000000000000e+00
9.204999999999999849e-01 0.000000000000000000e+00
9.214999999999999858e-01 0.000000000000000000e+00
9.224999999999999867e-01 0.000000000000000000e+00
9.234999999999999876e-01 0.000000000000000000e+00
9.244999999999999885e-01 0.000000000000000000e+00
9.254999999999999893e-01 0.000000000000000000e+00
9.264999999999999902e-01 0.000000000000000000e+00
9.274999999999999911e-01 0.000000000000000000e+00
9.284999999999999920e-01 0.000000000000000000e+00
9.294999999999999929e-01 0.000000000000000000e+00
9.304999999999999938e-01 0.000000000000000000e+00
9.314999999999999947e-01 0.000000000000000000e+00
9.324999999999999956e-01 0.000000000000000000e+00
9.334999999999999964e-01 0.000000000000000000e+00
9.344999999999999973e-01 0.000000000000000000e+00
9.354999999999999982e-01 0.000000000000000000e+00
9.364999999999999991e-01 0.000000000000000000e+00
9.375000000000000000e-01 0.000000000000000000e+00
9.385000000000000009e-01 0.000000000000000000e+00
9.395000000000000018e-01 0.000000000000000000e+00
9.405000000000000027e-01 0.000000000000000000e+00
9.415000000000000036e-01 0.000000000000000000e+00
9.425000000000000044e-01 0.000000000000000000e+00
9.435000000000000053e-01 0.000000000000000000e+00
9.445000000000000062e-01 0.000000000000000000e+00
9.455000000000000071e-01 0.000000000000000000e+00
9.465000000000000080e-01 0.000000000000000000e+00
9.475000000000000089e-01 0.000000000000000000e+00
9.485000000000000098e-01 0.000000000000000000e+00
9.495000000000000107e-01 0.000000000000000000e+00
9.505000000000000115e-01 0.000000000000000000e+00
9.515000000000000124e-01 0.000000000000000000e+00
9.525000000000000133e-01 0.000000000000000000e+00
9.535000000000000142e-01 0.000000000000000000e+00
9.545000000000000151e-01 0.000000000000000000e+00
9.555000000000000160e-01 0.000000000000000000e+00
9.565000000000000169e-01 0.000000000000000000e+00
9.575000000000000178e-01 0.000000000000000000e+00
9.585000000000000187e-01 0.000000000000000000e+00
9.595000000000000195e-01 0.000000000000000000e+00
9.605000000000000204e-01 0.000000000000000000e+00
9.615000000000000213e-01 0.000000000000000000e+00
9.625000000000000222e-01 0.000000000000000000e+00
9.635000000000000231e-01 0.000000000000000000e+00
9.645000000000000240e-01 0.000000000000000000e+00
9.655000000000000249e-01 0.000000000000000000e+00
9.665000000000000258e-01 0.000000000000000000e+00
9.675000000000000266e-01 0.000000000000000000e+00
9.685000000000000275e-01 0.000000000000000000e+00
9.695000000000000284e-01 0.000000000000000000e+00
9.705000000000000293e-01 0.000000000000000000e+00
9.715000000000000302e-01 0.000000000000000000e+00
9.725000000000000311e-01 0.000000000000000000e+00
9.735000000000000320e-01 0.000000000000000000e+00
9.745000000000000329e-01 0.000000000000000000e+00
9.755000000000000338e-01 0.000000000000000000e+00
9.765000000000000346e-01 0.000000000000000000e+00
9.775000000000000355e-01 0.000000000000000000e+00
9.785000000000000364e-01 0.000000000000000000e+00
9.795000000000000373e-01 0.000000000000000000e+00
9.805000000000000382e-01 0.000000000000000000e+00
9.815000000000000391e-01 0.000000000000000000e+00
9.825000000000000400e-01 0.000000000000000000e+00
9.835000000000000409e-01 0.000000000000000000e+00
9.845000000000000417e-01 0.000000000000000000e+00
9.855000000000000426e-01 0.000000000000000000e+00
9.865000000000000435e-01 0.000000000000000000e+00
9.875000000000000444e-01 0.000000000000000000e+00
9.885000000000000453e-01 0.000000000000000000e+00
9.895000000000000462e-01 0.000000000000000000e+00
9.905000000000000471e-01 0.000000000000000000e+00
9.915000000000000480e-01 0.000000000000000000e+00
9.925000000000000488e-01 0.000000000000000000e+00
9.935000000000000497e-01 0.000000000000000000e+00
9.945000000000000506e-01 0.000000000000000000e+00
9.955000000000000515e-01 0.000000000000000000e+00
9.965000000000000524e-01 0.000000000000000000e+00
9.975000000000000533e-01 0.000000000000000000e+00
9.985000000000000542e-01 0.000000000000000000e+00
9.995000000000000551e-01 0.000000000000000000e+00
