5.000000000000000104e-04 0.000000000000000000e+00
1.500000000000000031e-03 0.000000000000000000e+00
2.500000000000000052e-03 0.000000000000000000e+00
3.500000000000000073e-03 0.000000000000000000e+00
4.499999999999999660e-03 0.000000000000000000e+00
5.499999999999999681e-03 0.000000000000000000e+00
6.499999999999999702e-03 0.000000000000000000e+00
7.499999999999999722e-03 0.000000000000000000e+00
8.500000000000000611e-03 0.000000000000000000e+00
9.499999999999999764e-03 0.000000000000000000e+00
1.050000000000000065e-02 0.000000000000000000e+00
1.149999999999999981e-02 0.000000000000000000e+00
1.250000000000000069e-02 0.000000000000000000e+00
1.349999999999999985e-02 0.000000000000000000e+00
1.450000000000000074e-02 0.000000000000000000e+00
1.549999999999999989e-02 0.000000000000000000e+00
1.650000000000000078e-02 0.000000000000000000e+00
1.750000000000000167e-02 0.000000000000000000e+00
1.849999999999999908e-02 0.000000000000000000e+00
1.949999999999999997e-02 0.000000000000000000e+00
2.050000000000000086e-02 0.000000000000000000e+00
2.149999999999999828e-02 0.000000000000000000e+00
2.249999999999999917e-02 0.000000000000000000e+00
2.350000000000000006e-02 0.000000000000000000e+00
2.450000000000000094e-02 0.000000000000000000e+00
2.549999999999999836e-02 0.000000000000000000e+00
2.649999999999999925e-02 0.000000000000000000e+00
2.750000000000000014e-02 0.000000000000000000e+00
2.850000000000000103e-02 9.999999999999999547e-08
2.949999999999999845e-02 9.999999999999999547e-08
3.049999999999999933e-02 9.999999999999999547e-08
3.150000000000000022e-02 9.999999999999999547e-08
3.250000000000000111e-02 9.999999999999999547e-08
3.350000000000000200e-02 9.999999999999999547e-08
3.450000000000000289e-02 9.999999999999999547e-08
3.549999999999999684e-02 1.999999999999999909e-07
3.649999999999999772e-02 1.999999999999999909e-07
3.749999999999999861e-02 1.999999999999999909e-07
3.849999999999999950e-02 2.999999999999999864e-07
3.950000000000000039e-02 2.999999999999999864e-07
4.050000000000000128e-02 2.999999999999999864e-07
4.150000000000000216e-02 3.999999999999999819e-07
4.250000000000000305e-02 4.999999999999999774e-07
4.349999999999999700e-02 4.999999999999999774e-07
4.449999999999999789e-02 5.999999999999999728e-07
4.549999999999999878e-02 6.999999999999999683e-07
4.649999999999999967e-02 7.999999999999999638e-07
4.750000000000000056e-02 9.999999999999999547e-07
4.850000000000000144e-02 1.100000000000000056e-06
4.950000000000000233e-02 1.300000000000000047e-06
5.050000000000000322e-02 1.500000000000000038e-06
5.149999999999999717e-02 1.700000000000000029e-06
5.249999999999999806e-02 1.999999999999999909e-06
5.349999999999999895e-02 2.300000000000000002e-06
5.449999999999999983e-02 2.600000000000000094e-06
5.550000000000000072e-02 3.000000000000000076e-06
5.650000000000000161e-02 3.499999999999999947e-06
5.750000000000000250e-02 3.999999999999999819e-06
5.850000000000000339e-02 4.600000000000000004e-06
5.949999999999999734e-02 5.300000000000000078e-06
6.049999999999999822e-02 6.100000000000000042e-06
6.149999999999999911e-02 6.999999999999999895e-06
6.250000000000000000e-02 7.999999999999999638e-06
6.350000000000000089e-02 9.099999999999999271e-06
6.450000000000000178e-02 1.040000000000000038e-05
6.550000000000000266e-02 1.189999999999999957e-05
6.650000000000000355e-02 1.360000000000000023e-05
6.750000000000000444e-02 1.550000000000000068e-05
6.850000000000000533e-02 1.769999999999999994e-05
6.950000000000000622e-02 2.010000000000000068e-05
7.049999999999999323e-02 2.290000000000000098e-05
7.149999999999999412e-02 2.610000000000000083e-05
7.249999999999999500e-02 2.960000000000000120e-05
7.349999999999999589e-02 3.369999999999999922e-05
7.449999999999999678e-02 3.830000000000000261e-05
7.549999999999999767e-02 4.339999999999999782e-05
7.649999999999999856e-02 4.920000000000000328e-05
7.749999999999999944e-02 5.580000000000000107e-05
7.850000000000000033e-02 6.320000000000000476e-05
7.950000000000000122e-02 7.150000000000000322e-05
8.050000000000000211e-02 8.090000000000000132e-05
8.150000000000000300e-02 9.139999999999999904e-05
8.250000000000000389e-02 1.033000000000000037e-04
8.350000000000000477e-02 1.166000000000000017e-04
8.450000000000000566e-02 1.314999999999999980e-04
8.550000000000000655e-02 1.482999999999999997e-04
8.649999999999999356e-02 1.669999999999999935e-04
8.749999999999999445e-02 1.879999999999999890e-04
8.849999999999999534e-02 2.114999999999999910e-04
8.949999999999999623e-02 2.378000000000000068e-04
9.049999999999999711e-02 2.671999999999999896e-04
9.149999999999999800e-02 2.999999999999999737e-04
9.249999999999999889e-02 3.365999999999999960e-04
9.349999999999999978e-02 3.774000000000000119e-04
9.450000000000000067e-02 4.228999999999999795e-04
9.550000000000000155e-02 4.735000000000000168e-04
9.650000000000000244e-02 5.299000000000000325e-04
9.750000000000000333e-02 5.925999999999999844e-04
9.850000000000000422e-02 6.622000000000000499e-04
9.950000000000000511e-02 7.395999999999999797e-04
1.005000000000000060e-01 8.254000000000000052e-04
1.015000000000000069e-01 9.206000000000000424e-04
1.024999999999999939e-01 1.026100000000000059e-03
1.034999999999999948e-01 1.142900000000000079e-03
1.044999999999999957e-01 1.272200000000000024e-03
1.054999999999999966e-01 1.415199999999999922e-03
1.064999999999999974e-01 1.573100000000000019e-03
1.074999999999999983e-01 1.747599999999999978e-03
1.084999999999999992e-01 1.940099999999999941e-03
1.095000000000000001e-01 2.152400000000000060e-03
1.105000000000000010e-01 2.386399999999999893e-03
1.115000000000000019e-01 2.644000000000000083e-03
1.125000000000000028e-01 2.927499999999999981e-03
1.135000000000000037e-01 3.239300000000000079e-03
1.145000000000000046e-01 3.581899999999999841e-03
1.155000000000000054e-01 3.958200000000000260e-03
1.165000000000000063e-01 4.370999999999999885e-03
1.174999999999999933e-01 4.823799999999999616e-03
1.184999999999999942e-01 5.320000000000000076e-03
1.194999999999999951e-01 5.863300000000000109e-03
1.204999999999999960e-01 6.457899999999999925e-03
1.214999999999999969e-01 7.108100000000000009e-03
1.224999999999999978e-01 7.818600000000000202e-03
1.234999999999999987e-01 8.594499999999999709e-03
1.244999999999999996e-01 9.441200000000000286e-03
1.255000000000000004e-01 1.036459999999999985e-02
1.265000000000000013e-01 1.137069999999999921e-02
1.275000000000000022e-01 1.246640000000000074e-02
1.285000000000000031e-01 1.365859999999999991e-02
1.295000000000000040e-01 1.495510000000000068e-02
1.305000000000000049e-01 1.636400000000000007e-02
1.315000000000000058e-01 1.789390000000000078e-02
1.325000000000000067e-01 1.955399999999999847e-02
1.335000000000000075e-01 2.135420000000000026e-02
1.345000000000000084e-01 2.330489999999999992e-02
1.355000000000000093e-01 2.541720000000000090e-02
1.365000000000000102e-01 2.770289999999999905e-02
1.375000000000000111e-01 3.017440000000000053e-02
1.385000000000000120e-01 3.284510000000000207e-02
1.395000000000000129e-01 3.572890000000000094e-02
1.405000000000000138e-01 3.884050000000000002e-02
1.414999999999999869e-01 4.219579999999999859e-02
1.424999999999999878e-01 4.581110000000000043e-02
1.434999999999999887e-01 4.970390000000000225e-02
1.444999999999999896e-01 5.389259999999999884e-02
1.454999999999999905e-01 5.839629999999999821e-02
1.464999999999999913e-01 6.323539999999999717e-02
1.474999999999999922e-01 6.843119999999999759e-02
1.484999999999999931e-01 7.400600000000000234e-02
1.494999999999999940e-01 7.998320000000000429e-02
1.504999999999999949e-01 8.638730000000000020e-02
1.514999999999999958e-01 9.324390000000000456e-02
1.524999999999999967e-01 1.005798999999999999e-01
1.534999999999999976e-01 1.084230000000000055e-01
1.544999999999999984e-01 1.168024000000000007e-01
1.554999999999999993e-01 1.257485000000000130e-01
1.565000000000000002e-01 1.352926000000000128e-01
1.575000000000000011e-01 1.454676000000000025e-01
1.585000000000000020e-01 1.563073000000000101e-01
1.595000000000000029e-01 1.678468999999999933e-01
1.605000000000000038e-01 1.801229000000000025e-01
1.615000000000000047e-01 1.931728000000000056e-01
1.625000000000000056e-01 2.070355000000000112e-01
1.635000000000000064e-01 2.217509000000000008e-01
1.645000000000000073e-01 2.373605000000000020e-01
1.655000000000000082e-01 2.539064999999999794e-01
1.665000000000000091e-01 2.714324000000000181e-01
1.675000000000000100e-01 2.899829999999999908e-01
1.685000000000000109e-01 3.096038999999999874e-01
1.695000000000000118e-01 3.303418000000000188e-01
1.705000000000000127e-01 3.522445000000000159e-01
1.715000000000000135e-01 3.753604999999999858e-01
1.724999999999999867e-01 3.997393000000000196e-01
1.734999999999999876e-01 4.254311000000000065e-01
1.744999999999999885e-01 4.524869999999999726e-01
1.754999999999999893e-01 4.809585000000000110e-01
1.764999999999999902e-01 5.108977000000000102e-01
1.774999999999999911e-01 5.423571999999999838e-01
1.784999999999999920e-01 5.753897999999999513e-01
1.794999999999999929e-01 6.100486000000000519e-01
1.804999999999999938e-01 6.463868999999999865e-01
1.814999999999999947e-01 6.844578999999999525e-01
1.824999999999999956e-01 7.243144000000000249e-01
1.834999999999999964e-01 7.660093000000000041e-01
1.844999999999999973e-01 8.095949000000000062e-01
1.854999999999999982e-01 8.551227000000000134e-01
1.864999999999999991e-01 9.026435999999999904e-01
1.875000000000000000e-01 9.522076999999999902e-01
1.885000000000000009e-01 1.003863900000000031e+00
1.895000000000000018e-01 1.057659600000000033e+00
1.905000000000000027e-01 1.113641000000000103e+00
1.915000000000000036e-01 1.171852600000000022e+00
1.925000000000000044e-01 1.232337000000000016e+00
1.935000000000000053e-01 1.295134800000000030e+00
1.945000000000000062e-01 1.360284199999999943e+00
1.955000000000000071e-01 1.427821199999999902e+00
1.965000000000000080e-01 1.497778999999999971e+00
1.975000000000000089e-01 1.570187800000000022e+00
1.985000000000000098e-01 1.645075000000000065e+00
1.995000000000000107e-01 1.722464599999999901e+00
2.005000000000000115e-01 1.802377099999999954e+00
2.015000000000000124e-01 1.884829300000000041e+00
2.025000000000000133e-01 1.969834000000000085e+00
2.034999999999999865e-01 2.057400200000000012e+00
2.044999999999999873e-01 2.147532200000000113e+00
2.054999999999999882e-01 2.240230200000000060e+00
2.064999999999999891e-01 2.335489299999999879e+00
2.074999999999999900e-01 2.433300200000000135e+00
2.084999999999999909e-01 2.533648200000000017e+00
2.094999999999999918e-01 2.636513599999999791e+00
2.104999999999999927e-01 2.741871199999999842e+00
2.114999999999999936e-01 2.849690400000000068e+00
2.124999999999999944e-01 2.959935000000000205e+00
2.134999999999999953e-01 3.072563000000000155e+00
2.144999999999999962e-01 3.187526300000000035e+00
2.154999999999999971e-01 3.304771399999999915e+00
2.164999999999999980e-01 3.424238100000000173e+00
2.174999999999999989e-01 3.545860499999999860e+00
2.184999999999999998e-01 3.669566600000000012e+00
2.195000000000000007e-01 3.795277800000000035e+00
2.205000000000000016e-01 3.922909699999999944e+00
2.215000000000000024e-01 4.052371599999999852e+00
2.225000000000000033e-01 4.183566400000000129e+00
2.235000000000000042e-01 4.316391000000000311e+00
2.245000000000000051e-01 4.450736499999999651e+00
2.255000000000000060e-01 4.586487400000000214e+00
2.265000000000000069e-01 4.723522799999999577e+00
2.275000000000000078e-01 4.861715900000000090e+00
2.285000000000000087e-01 5.000934100000000271e+00
2.295000000000000095e-01 5.141039499999999762e+00
2.305000000000000104e-01 5.281888699999999659e+00
2.315000000000000113e-01 5.423333399999999749e+00
2.325000000000000122e-01 5.565220400000000289e+00
2.335000000000000131e-01 5.707391799999999904e+00
2.344999999999999862e-01 5.849685299999999977e+00
2.354999999999999871e-01 5.991934600000000444e+00
2.364999999999999880e-01 6.133969699999999747e+00
2.374999999999999889e-01 6.275616699999999604e+00
2.384999999999999898e-01 6.416699099999999767e+00
2.394999999999999907e-01 6.557037300000000180e+00
2.404999999999999916e-01 6.696449399999999663e+00
2.414999999999999925e-01 6.834751299999999752e+00
2.424999999999999933e-01 6.971757400000000438e+00
2.434999999999999942e-01 7.107280799999999843e+00
2.444999999999999951e-01 7.241133699999999784e+00
2.454999999999999960e-01 7.373128099999999741e+00
2.464999999999999969e-01 7.503075800000000406e+00
2.474999999999999978e-01 7.630789100000000325e+00
2.484999999999999987e-01 7.756081400000000237e+00
2.494999999999999996e-01 7.878767299999999807e+00
2.505000000000000004e-01 7.998663299999999587e+00
2.515000000000000013e-01 8.115588100000000082e+00
2.525000000000000022e-01 8.229363100000000486e+00
2.535000000000000031e-01 8.339812999999999477e+00
2.545000000000000040e-01 8.446766099999999611e+00
2.555000000000000049e-01 8.550054700000000452e+00
2.565000000000000058e-01 8.649515600000000859e+00
2.575000000000000067e-01 8.744990700000000672e+00
2.585000000000000075e-01 8.836326899999999540e+00
2.595000000000000084e-01 8.923377300000000290e+00
2.605000000000000093e-01 9.006000800000000694e+00
2.615000000000000102e-01 9.084062899999999274e+00
2.625000000000000111e-01 9.157436099999999968e+00
2.635000000000000120e-01 9.225999899999999698e+00
2.645000000000000129e-01 9.289641700000000668e+00
2.655000000000000138e-01 9.348256499999999747e+00
2.665000000000000147e-01 9.401747399999999644e+00
2.675000000000000155e-01 9.450026100000000540e+00
2.685000000000000164e-01 9.493012900000000087e+00
2.695000000000000173e-01 9.530636899999999301e+00
2.705000000000000182e-01 9.562836300000000733e+00
2.715000000000000191e-01 9.589558500000000762e+00
2.725000000000000200e-01 9.610760300000000811e+00
2.735000000000000209e-01 9.626407999999999632e+00
2.745000000000000218e-01 9.636477299999999246e+00
2.755000000000000226e-01 9.640953800000000129e+00
2.765000000000000235e-01 9.639832500000000692e+00
2.775000000000000244e-01 9.633118299999999579e+00
2.785000000000000253e-01 9.620825399999999306e+00
2.795000000000000262e-01 9.602978099999999628e+00
2.805000000000000271e-01 9.579609599999999503e+00
2.814999999999999725e-01 9.550762999999999892e+00
2.824999999999999734e-01 9.516490499999999741e+00
2.834999999999999742e-01 9.476853399999999539e+00
2.844999999999999751e-01 9.431921900000000747e+00
2.854999999999999760e-01 9.381775100000000478e+00
2.864999999999999769e-01 9.326500400000000468e+00
2.874999999999999778e-01 9.266193700000000533e+00
2.884999999999999787e-01 9.200958500000000484e+00
2.894999999999999796e-01 9.130906500000000037e+00
2.904999999999999805e-01 9.056156200000000212e+00
2.914999999999999813e-01 8.976833700000000249e+00
2.924999999999999822e-01 8.893071400000000182e+00
2.934999999999999831e-01 8.805008199999999619e+00
2.944999999999999840e-01 8.712788899999999614e+00
2.954999999999999849e-01 8.616563799999999773e+00
2.964999999999999858e-01 8.516488499999999462e+00
2.974999999999999867e-01 8.412723299999999682e+00
2.984999999999999876e-01 8.305432700000000779e+00
2.994999999999999885e-01 8.194785200000000103e+00
3.004999999999999893e-01 8.080952899999999772e+00
3.014999999999999902e-01 7.964110599999999707e+00
3.024999999999999911e-01 7.844435999999999964e+00
3.034999999999999920e-01 7.722108699999999715e+00
3.044999999999999929e-01 7.597310199999999902e+00
3.054999999999999938e-01 7.470223200000000396e+00
3.064999999999999947e-01 7.341031199999999757e+00
3.074999999999999956e-01 7.209918300000000002e+00
3.084999999999999964e-01 7.077068200000000253e+00
3.094999999999999973e-01 6.942664699999999911e+00
3.104999999999999982e-01 6.806890199999999780e+00
3.114999999999999991e-01 6.669926399999999589e+00
3.125000000000000000e-01 6.531953099999999957e+00
3.135000000000000009e-01 6.393148000000000053e+00
3.145000000000000018e-01 6.253686899999999937e+00
3.155000000000000027e-01 6.113742399999999577e+00
3.165000000000000036e-01 5.973484599999999922e+00
3.175000000000000044e-01 5.833079699999999868e+00
3.185000000000000053e-01 5.692690800000000273e+00
3.195000000000000062e-01 5.552476799999999990e+00
3.205000000000000071e-01 5.412592499999999696e+00
3.215000000000000080e-01 5.273188300000000162e+00
3.225000000000000089e-01 5.134409999999999918e+00
3.235000000000000098e-01 4.996398300000000070e+00
3.245000000000000107e-01 4.859289300000000367e+00
3.255000000000000115e-01 4.723213399999999673e+00
3.265000000000000124e-01 4.588296099999999988e+00
3.275000000000000133e-01 4.454657100000000369e+00
3.285000000000000142e-01 4.322410699999999828e+00
3.295000000000000151e-01 4.191665200000000091e+00
3.305000000000000160e-01 4.062523500000000176e+00
3.315000000000000169e-01 3.935082400000000202e+00
3.325000000000000178e-01 3.809432999999999847e+00
3.335000000000000187e-01 3.685660500000000006e+00
3.345000000000000195e-01 3.563843900000000176e+00
3.355000000000000204e-01 3.444056799999999807e+00
3.365000000000000213e-01 3.326366600000000062e+00
3.375000000000000222e-01 3.210834999999999884e+00
3.385000000000000231e-01 3.097517999999999994e+00
3.395000000000000240e-01 2.986465799999999948e+00
3.405000000000000249e-01 2.877723099999999867e+00
3.415000000000000258e-01 2.771329000000000153e+00
3.425000000000000266e-01 2.667317499999999786e+00
3.435000000000000275e-01 2.565716899999999967e+00
3.444999999999999729e-01 2.466550600000000149e+00
3.454999999999999738e-01 2.369837200000000088e+00
3.464999999999999747e-01 2.275589999999999780e+00
3.474999999999999756e-01 2.183818000000000037e+00
3.484999999999999765e-01 2.094525599999999876e+00
3.494999999999999774e-01 2.007712600000000069e+00
3.504999999999999782e-01 1.923374899999999998e+00
3.514999999999999791e-01 1.841504299999999983e+00
3.524999999999999800e-01 1.762088799999999900e+00
3.534999999999999809e-01 1.685112799999999966e+00
3.544999999999999818e-01 1.610557199999999911e+00
3.554999999999999827e-01 1.538399599999999978e+00
3.564999999999999836e-01 1.468614700000000051e+00
3.574999999999999845e-01 1.401174300000000095e+00
3.584999999999999853e-01 1.336047500000000054e+00
3.594999999999999862e-01 1.273200700000000074e+00
3.604999999999999871e-01 1.212598499999999913e+00
3.614999999999999880e-01 1.154202799999999973e+00
3.624999999999999889e-01 1.097974100000000064e+00
3.634999999999999898e-01 1.043870800000000099e+00
3.644999999999999907e-01 9.918498000000000037e-01
3.654999999999999916e-01 9.418668000000000040e-01
3.664999999999999925e-01 8.938760999999999513e-01
3.674999999999999933e-01 8.478309000000000539e-01
3.684999999999999942e-01 8.036836000000000535e-01
3.694999999999999951e-01 7.613858000000000015e-01
3.704999999999999960e-01 7.208883999999999848e-01
3.714999999999999969e-01 6.821420000000000261e-01
3.724999999999999978e-01 6.450968000000000258e-01
3.734999999999999987e-01 6.097027000000000418e-01
3.744999999999999996e-01 5.759096999999999689e-01
3.755000000000000004e-01 5.436676000000000286e-01
3.765000000000000013e-01 5.129266999999999577e-01
3.775000000000000022e-01 4.836371999999999893e-01
3.785000000000000031e-01 4.557496999999999798e-01
3.795000000000000040e-01 4.292155000000000276e-01
3.805000000000000049e-01 4.039862000000000175e-01
3.815000000000000058e-01 3.800139000000000156e-01
3.825000000000000067e-01 3.572516000000000025e-01
3.835000000000000075e-01 3.356530999999999820e-01
3.845000000000000084e-01 3.151726000000000250e-01
3.855000000000000093e-01 2.957655000000000145e-01
3.865000000000000102e-01 2.773881000000000263e-01
3.875000000000000111e-01 2.599973999999999896e-01
3.885000000000000120e-01 2.435517000000000098e-01
3.895000000000000129e-01 2.280099999999999905e-01
3.905000000000000138e-01 2.133325000000000082e-01
3.915000000000000147e-01 1.994806000000000079e-01
3.925000000000000155e-01 1.864165999999999879e-01
3.935000000000000164e-01 1.741039000000000059e-01
3.945000000000000173e-01 1.625070999999999877e-01
3.955000000000000182e-01 1.515917999999999988e-01
3.965000000000000191e-01 1.413250000000000062e-01
3.975000000000000200e-01 1.316744999999999999e-01
3.985000000000000209e-01 1.226093000000000044e-01
3.995000000000000218e-01 1.140996999999999983e-01
4.005000000000000226e-01 1.061169000000000001e-01
4.015000000000000235e-01 9.863320000000000420e-02
4.025000000000000244e-01 9.162220000000000086e-02
4.035000000000000253e-01 8.505830000000000335e-02
4.045000000000000262e-01 7.891720000000000679e-02
4.055000000000000271e-01 7.317519999999999580e-02
4.064999999999999725e-01 6.781020000000000103e-02
4.074999999999999734e-01 6.280059999999999809e-02
4.084999999999999742e-01 5.812599999999999711e-02
4.094999999999999751e-01 5.376689999999999942e-02
4.104999999999999760e-01 4.970460000000000156e-02
4.114999999999999769e-01 4.592149999999999704e-02
4.124999999999999778e-01 4.240059999999999663e-02
4.134999999999999787e-01 3.912600000000000106e-02
4.144999999999999796e-01 3.608250000000000346e-02
4.154999999999999805e-01 3.325550000000000034e-02
4.164999999999999813e-01 3.063139999999999960e-02
4.174999999999999822e-01 2.819730000000000153e-02
4.184999999999999831e-01 2.594089999999999938e-02
4.194999999999999840e-01 2.385050000000000017e-02
4.204999999999999849e-01 2.191529999999999867e-02
4.214999999999999858e-01 2.012490000000000112e-02
4.224999999999999867e-01 1.846949999999999981e-02
4.234999999999999876e-01 1.693990000000000079e-02
4.244999999999999885e-01 1.552760000000000078e-02
4.254999999999999893e-01 1.422430000000000049e-02
4.264999999999999902e-01 1.302249999999999935e-02
4.274999999999999911e-01 1.191500000000000024e-02
4.284999999999999920e-01 1.089500000000000017e-02
4.294999999999999929e-01 9.956299999999999525e-03
4.304999999999999938e-01 9.092899999999999247e-03
4.314999999999999947e-01 8.299199999999999633e-03
4.324999999999999956e-01 7.570300000000000293e-03
4.334999999999999964e-01 6.901100000000000290e-03
4.344999999999999973e-01 6.287199999999999733e-03
4.354999999999999982e-01 5.724500000000000421e-03
4.364999999999999991e-01 5.208899999999999815e-03
4.375000000000000000e-01 4.736899999999999618e-03
4.385000000000000009e-01 4.304999999999999799e-03
4.395000000000000018e-01 3.910000000000000281e-03
4.405000000000000027e-01 3.549200000000000185e-03
4.415000000000000036e-01 3.219599999999999979e-03
4.425000000000000044e-01 2.918899999999999880e-03
4.435000000000000053e-01 2.644599999999999989e-03
4.445000000000000062e-01 2.394600000000000201e-03
4.455000000000000071e-01 2.167000000000000089e-03
4.465000000000000080e-01 1.959699999999999984e-03
4.475000000000000089e-01 1.771199999999999901e-03
4.485000000000000098e-01 1.599900000000000020e-03
4.495000000000000107e-01 1.444200000000000084e-03
4.505000000000000115e-01 1.302900000000000065e-03
4.515000000000000124e-01 1.174700000000000093e-03
4.525000000000000133e-01 1.058399999999999922e-03
4.535000000000000142e-01 9.531000000000000192e-04
4.545000000000000151e-01 8.576999999999999772e-04
4.555000000000000160e-01 7.713999999999999937e-04
4.565000000000000169e-01 6.932999999999999927e-04
4.575000000000000178e-01 6.227999999999999595e-04
4.585000000000000187e-01 5.590999999999999833e-04
4.595000000000000195e-01 5.016000000000000493e-04
4.605000000000000204e-01 4.496999999999999804e-04
4.615000000000000213e-01 4.029999999999999837e-04
4.625000000000000222e-01 3.607999999999999879e-04
4.635000000000000231e-01 3.228999999999999882e-04
4.645000000000000240e-01 2.888000000000000267e-04
4.655000000000000249e-01 2.581999999999999877e-04
4.665000000000000258e-01 2.305999999999999944e-04
4.675000000000000266e-01 2.058999999999999904e-04
4.685000000000000275e-01 1.836999999999999929e-04
4.694999999999999729e-01 1.637999999999999970e-04
4.704999999999999738e-01 1.458999999999999956e-04
4.714999999999999747e-01 1.299000000000000133e-04
4.724999999999999756e-01 1.156000000000000045e-04
4.734999999999999765e-01 1.028999999999999940e-04
4.744999999999999774e-01 9.139999999999999904e-05
4.754999999999999782e-01 8.119999999999999505e-05
4.764999999999999791e-01 7.210000000000000425e-05
4.774999999999999800e-01 6.399999999999999710e-05
4.784999999999999809e-01 5.670000000000000262e-05
4.794999999999999818e-01 5.020000000000000048e-05
4.804999999999999827e-01 4.449999999999999746e-05
4.814999999999999836e-01 3.940000000000000224e-05
4.824999999999999845e-01 3.479999999999999885e-05
4.834999999999999853e-01 3.080000000000000326e-05
4.844999999999999862e-01 2.720000000000000046e-05
4.854999999999999871e-01 2.400000000000000061e-05
4.864999999999999880e-01 2.120000000000000031e-05
4.874999999999999889e-01 1.870000000000000053e-05
4.884999999999999898e-01 1.650000000000000127e-05
4.894999999999999907e-01 1.450000000000000009e-05
4.904999999999999916e-01 1.279999999999999942e-05
4.914999999999999925e-01 1.119999999999999949e-05
4.924999999999999933e-01 9.900000000000000081e-06
4.934999999999999942e-01 8.699999999999999712e-06
4.944999999999999951e-01 7.600000000000000080e-06
4.954999999999999960e-01 6.700000000000000226e-06
4.964999999999999969e-01 5.800000000000000373e-06
4.974999999999999978e-01 5.100000000000000299e-06
4.984999999999999987e-01 4.500000000000000114e-06
4.994999999999999996e-01 3.899999999999999929e-06
5.004999999999999449e-01 3.400000000000000058e-06
5.014999999999999458e-01 3.000000000000000076e-06
5.024999999999999467e-01 2.600000000000000094e-06
5.034999999999999476e-01 2.300000000000000002e-06
5.044999999999999485e-01 1.999999999999999909e-06
5.054999999999999494e-01 1.700000000000000029e-06
5.064999999999999503e-01 1.500000000000000038e-06
5.074999999999999512e-01 1.300000000000000047e-06
5.084999999999999520e-01 1.100000000000000056e-06
5.094999999999999529e-01 9.999999999999999547e-07
5.104999999999999538e-01 8.999999999999999593e-07
5.114999999999999547e-01 7.999999999999999638e-07
5.124999999999999556e-01 6.999999999999999683e-07
5.134999999999999565e-01 5.999999999999999728e-07
5.144999999999999574e-01 4.999999999999999774e-07
5.154999999999999583e-01 3.999999999999999819e-07
5.164999999999999591e-01 3.999999999999999819e-07
5.174999999999999600e-01 2.999999999999999864e-07
5.184999999999999609e-01 2.999999999999999864e-07
5.194999999999999618e-01 1.999999999999999909e-07
5.204999999999999627e-01 1.999999999999999909e-07
5.214999999999999636e-01 1.999999999999999909e-07
5.224999999999999645e-01 1.999999999999999909e-07
5.234999999999999654e-01 9.999999999999999547e-08
5.244999999999999662e-01 9.999999999999999547e-08
5.254999999999999671e-01 9.999999999999999547e-08
5.264999999999999680e-01 9.999999999999999547e-08
5.274999999999999689e-01 9.999999999999999547e-08
5.284999999999999698e-01 9.999999999999999547e-08
5.294999999999999707e-01 9.999999999999999547e-08
5.304999999999999716e-01 0.000000000000000000e+00
5.314999999999999725e-01 0.000000000000000000e+00
5.324999999999999734e-01 0.000000000000000000e+00
5.334999999999999742e-01 0.000000000000000000e+00
5.344999999999999751e-01 0.000000000000000000e+00
5.354999999999999760e-01 0.000000000000000000e+00
5.364999999999999769e-01 0.000000000000000000e+00
5.374999999999999778e-01 0.000000000000000000e+00
5.384999999999999787e-01 0.000000000000000000e+00
5.394999999999999796e-01 0.000000000000000000e+00
5.404999999999999805e-01 0.000000000000000000e+00
5.414999999999999813e-01 0.000000000000000000e+00
5.424999999999999822e-01 0.000000000000000000e+00
5.434999999999999831e-01 0.000000000000000000e+00
5.444999999999999840e-01 0.000000000000000000e+00
5.454999999999999849e-01 0.000000000000000000e+00
5.464999999999999858e-01 0.000000000000000000e+00
5.474999999999999867e-01 0.000000000000000000e+00
5.484999999999999876e-01 0.000000000000000000e+00
5.494999999999999885e-01 0.000000000000000000e+00
5.504999999999999893e-01 0.000000000000000000e+00
5.514999999999999902e-01 0.000000000000000000e+00
5.524999999999999911e-01 0.000000000000000000e+00
5.534999999999999920e-01 0.000000000000000000e+00
5.544999999999999929e-01 0.000000000000000000e+00
5.554999999999999938e-01 0.000000000000000000e+00
5.564999999999999947e-01 0.000000000000000000e+00
5.574999999999999956e-01 0.000000000000000000e+00
5.584999999999999964e-01 0.000000000000000000e+00
5.594999999999999973e-01 0.000000000000000000e+00
5.604999999999999982e-01 0.000000000000000000e+00
5.614999999999999991e-01 0.000000000000000000e+00
5.625000000000000000e-01 0.000000000000000000e+00
5.635000000000000009e-01 0.000000000000000000e+00
5.645000000000000018e-01 0.000000000000000000e+00
5.655000000000000027e-01 0.000000000000000000e+00
5.665000000000000036e-01 0.000000000000000000e+00
5.675000000000000044e-01 0.000000000000000000e+00
5.685000000000000053e-01 0.000000000000000000e+00
5.695000000000000062e-01 0.000000000000000000e+00
5.705000000000000071e-01 0.000000000000000000e+00
5.715000000000000080e-01 0.000000000000000000e+00
5.725000000000000089e-01 0.000000000000000000e+00
5.735000000000000098e-01 0.000000000000000000e+00
5.745000000000000107e-01 0.000000000000000000e+00
5.755000000000000115e-01 0.000000000000000000e+00
5.765000000000000124e-01 0.000000000000000000e+00
5.775000000000000133e-01 0.000000000000000000e+00
5.785000000000000142e-01 0.000000000000000000e+00
5.795000000000000151e-01 0.000000000000000000e+00
5.805000000000000160e-01 0.000000000000000000e+00
5.815000000000000169e-01 0.000000000000000000e+00
5.825000000000000178e-01 0.000000000000000000e+00
5.835000000000000187e-01 0.000000000000000000e+00
5.845000000000000195e-01 0.000000000000000000e+00
5.855000000000000204e-01 0.000000000000000000e+00
5.865000000000000213e-01 0.000000000000000000e+00
5.875000000000000222e-01 0.000000000000000000e+00
5.885000000000000231e-01 0.000000000000000000e+00
5.895000000000000240e-01 0.000000000000000000e+00
5.905000000000000249e-01 0.000000000000000000e+00
5.915000000000000258e-01 0.000000000000000000e+00
5.925000000000000266e-01 0.000000000000000000e+00
5.935000000000000275e-01 0.000000000000000000e+00
5.945000000000000284e-01 0.000000000000000000e+00
5.955000000000000293e-01 0.000000000000000000e+00
5.965000000000000302e-01 0.000000000000000000e+00
5.975000000000000311e-01 0.000000000000000000e+00
5.985000000000000320e-01 0.000000000000000000e+00
5.995000000000000329e-01 0.000000000000000000e+00
6.005000000000000338e-01 0.000000000000000000e+00
6.015000000000000346e-01 0.000000000000000000e+00
6.025000000000000355e-01 0.000000000000000000e+00
6.035000000000000364e-01 0.000000000000000000e+00
6.045000000000000373e-01 0.000000000000000000e+00
6.055000000000000382e-01 0.000000000000000000e+00
6.065000000000000391e-01 0.000000000000000000e+00
6.075000000000000400e-01 0.000000000000000000e+00
6.085000000000000409e-01 0.000000000000000000e+00
6.095000000000000417e-01 0.000000000000000000e+00
6.105000000000000426e-01 0.000000000000000000e+00
6.115000000000000435e-01 0.000000000000000000e+00
6.125000000000000444e-01 0.000000000000000000e+00
6.135000000000000453e-01 0.000000000000000000e+00
6.145000000000000462e-01 0.000000000000000000e+00
6.155000000000000471e-01 0.000000000000000000e+00
6.165000000000000480e-01 0.000000000000000000e+00
6.175000000000000488e-01 0.000000000000000000e+00
6.185000000000000497e-01 0.000000000000000000e+00
6.195000000000000506e-01 0.000000000000000000e+00
6.205000000000000515e-01 0.000000000000000000e+00
6.215000000000000524e-01 0.000000000000000000e+00
6.225000000000000533e-01 0.000000000000000000e+00
6.235000000000000542e-01 0.000000000000000000e+00
6.245000000000000551e-01 0.000000000000000000e+00
6.254999999999999449e-01 0.000000000000000000e+00
6.264999999999999458e-01 0.000000000000000000e+00
6.274999999999999467e-01 0.000000000000000000e+00
6.284999999999999476e-01 0.000000000000000000e+00
6.294999999999999485e-01 0.000000000000000000e+00
6.304999999999999494e-01 0.000000000000000000e+00
6.314999999999999503e-01 0.000000000000000000e+00
6.324999999999999512e-01 0.000000000000000000e+00
6.334999999999999520e-01 0.000000000000000000e+00
6.344999999999999529e-01 0.000000000000000000e+00
6.354999999999999538e-01 0.000000000000000000e+00
6.364999999999999547e-01 0.000000000000000000e+00
6.374999999999999556e-01 0.000000000000000000e+00
6.384999999999999565e-01 0.000000000000000000e+00
6.394999999999999574e-01 0.000000000000000000e+00
6.404999999999999583e-01 0.000000000000000000e+00
6.414999999999999591e-01 0.000000000000000000e+00
6.424999999999999600e-01 0.000000000000000000e+00
6.434999999999999609e-01 0.000000000000000000e+00
6.444999999999999618e-01 0.000000000000000000e+00
6.454999999999999627e-01 0.000000000000000000e+00
6.464999999999999636e-01 0.000000000000000000e+00
6.474999999999999645e-01 0.000000000000000000e+00
6.484999999999999654e-01 0.000000000000000000e+00
6.494999999999999662e-01 0.000000000000000000e+00
6.504999999999999671e-01 0.000000000000000000e+00
6.514999999999999680e-01 0.000000000000000000e+00
6.524999999999999689e-01 0.000000000000000000e+00
6.534999999999999698e-01 0.000000000000000000e+00
6.544999999999999707e-01 0.000000000000000000e+00
6.554999999999999716e-01 0.000000000000000000e+00
6.564999999999999725e-01 0.000000000000000000e+00
6.574999999999999734e-01 0.000000000000000000e+00
6.584999999999999742e-01 0.000000000000000000e+00
6.594999999999999751e-01 0.000000000000000000e+00
6.604999999999999760e-01 0.000000000000000000e+00
6.614999999999999769e-01 0.000000000000000000e+00
6.624999999999999778e-01 0.000000000000000000e+00
6.634999999999999787e-01 0.000000000000000000e+00
6.644999999999999796e-01 0.000000000000000000e+00
6.654999999999999805e-01 0.000000000000000000e+00
6.664999999999999813e-01 0.000000000000000000e+00
6.674999999999999822e-01 0.000000000000000000e+00
6.684999999999999831e-01 0.000000000000000000e+00
6.694999999999999840e-01 0.000000000000000000e+00
6.704999999999999849e-01 0.000000000000000000e+00
6.714999999999999858e-01 0.000000000000000000e+00
6.724999999999999867e-01 0.000000000000000000e+00
6.734999999999999876e-01 0.000000000000000000e+00
6.744999999999999885e-01 0.000000000000000000e+00
6.754999999999999893e-01 0.000000000000000000e+00
6.764999999999999902e-01 0.000000000000000000e+00
6.774999999999999911e-01 0.000000000000000000e+00
6.784999999999999920e-01 0.000000000000000000e+00
6.794999999999999929e-01 0.000000000000000000e+00
6.804999999999999938e-01 0.000000000000000000e+00
6.814999999999999947e-01 0.000000000000000000e+00
6.824999999999999956e-01 0.000000000000000000e+00
6.834999999999999964e-01 0.000000000000000000e+00
6.844999999999999973e-01 0.000000000000000000e+00
6.854999999999999982e-01 0.000000000000000000e+00
6.864999999999999991e-01 0.000000000000000000e+00
6.875000000000000000e-01 0.000000000000000000e+00
6.885000000000000009e-01 0.000000000000000000e+00
6.895000000000000018e-01 0.000000000000000000e+00
6.905000000000000027e-01 0.000000000000000000e+00
6.915000000000000036e-01 0.000000000000000000e+00
6.925000000000000044e-01 0.000000000000000000e+00
6.935000000000000053e-01 0.000000000000000000e+00
6.945000000000000062e-01 0.000000000000000000e+00
6.955000000000000071e-01 0.000000000000000000e+00
6.965000000000000080e-01 0.000000000000000000e+00
6.975000000000000089e-01 0.000000000000000000e+00
6.985000000000000098e-01 0.000000000000000000e+00
6.995000000000000107e-01 0.000000000000000000e+00
7.005000000000000115e-01 0.000000000000000000e+00
7.015000000000000124e-01 0.000000000000000000e+00
7.025000000000000133e-01 0.000000000000000000e+00
7.035000000000000142e-01 0.000000000000000000e+00
7.045000000000000151e-01 0.000000000000000000e+00
7.055000000000000160e-01 0.000000000000000000e+00
7.065000000000000169e-01 0.000000000000000000e+00
7.075000000000000178e-01 0.000000000000000000e+00
7.085000000000000187e-01 0.000000000000000000e+00
7.095000000000000195e-01 0.000000000000000000e+00
7.105000000000000204e-01 0.000000000000000000e+00
7.115000000000000213e-01 0.000000000000000000e+00
7.125000000000000222e-01 0.000000000000000000e+00
7.135000000000000231e-01 0.000000000000000000e+00
7.145000000000000240e-01 0.000000000000000000e+00
7.155000000000000249e-01 0.000000000000000000e+00
7.165000000000000258e-01 0.000000000000000000e+00
7.175000000000000266e-01 0.000000000000000000e+00
7.185000000000000275e-01 0.000000000000000000e+00
7.195000000000000284e-01 0.000000000000000000e+00
7.205000000000000293e-01 0.000000000000000000e+00
7.215000000000000302e-01 0.000000000000000000e+00
7.225000000000000311e-01 0.000000000000000000e+00
7.235000000000000320e-01 0.000000000000000000e+00
7.245000000000000329e-01 0.000000000000000000e+00
7.255000000000000338e-01 0.000000000000000000e+00
7.265000000000000346e-01 0.000000000000000000e+00
7.275000000000000355e-01 0.000000000000000000e+00
7.285000000000000364e-01 0.000000000000000000e+00
7.295000000000000373e-01 0.000000000000000000e+00
7.305000000000000382e-01 0.000000000000000000e+00
7.315000000000000391e-01 0.000000000000000000e+00
7.325000000000000400e-01 0.000000000000000000e+00
7.335000000000000409e-01 0.000000000000000000e+00
7.345000000000000417e-01 0.000000000000000000e+00
7.355000000000000426e-01 0.000000000000000000e+00
7.365000000000000435e-01 0.000000000000000000e+00
7.375000000000000444e-01 0.000000000000000000e+00
7.385000000000000453e-01 0.000000000000000000e+00
7.395000000000000462e-01 0.000000000000000000e+00
7.405000000000000471e-01 0.000000000000000000e+00
7.415000000000000480e-01 0.000000000000000000e+00
7.425000000000000488e-01 0.000000000000000000e+00
7.435000000000000497e-01 0.000000000000000000e+00
7.445000000000000506e-01 0.000000000000000000e+00
7.455000000000000515e-01 0.000000000000000000e+00
7.465000000000000524e-01 0.000000000000000000e+00
7.475000000000000533e-01 0.000000000000000000e+00
7.485000000000000542e-01 0.000000000000000000e+00
7.495000000000000551e-01 0.000000000000000000e+00
7.504999999999999449e-01 0.000000000000000000e+00
7.514999999999999458e-01 0.000000000000000000e+00
7.524999999999999467e-01 0.000000000000000000e+00
7.534999999999999476e-01 0.000000000000000000e+00
7.544999999999999485e-01 0.000000000000000000e+00
7.554999999999999494e-01 0.000000000000000000e+00
7.564999999999999503e-01 0.000000000000000000e+00
7.574999999999999512e-01 0.000000000000000000e+00
7.584999999999999520e-01 0.000000000000000000e+00
7.594999999999999529e-01 0.000000000000000000e+00
7.604999999999999538e-01 0.000000000000000000e+00
7.614999999999999547e-01 0.000000000000000000e+00
7.624999999999999556e-01 0.000000000000000000e+00
7.634999999999999565e-01 0.000000000000000000e+00
7.644999999999999574e-01 0.000000000000000000e+00
7.654999999999999583e-01 0.000000000000000000e+00
7.664999999999999591e-01 0.000000000000000000e+00
7.674999999999999600e-01 0.000000000000000000e+00
7.684999999999999609e-01 0.000000000000000000e+00
7.694999999999999618e-01 0.000000000000000000e+00
7.704999999999999627e-01 0.000000000000000000e+00
7.714999999999999636e-01 0.000000000000000000e+00
7.724999999999999645e-01 0.000000000000000000e+00
7.734999999999999654e-01 0.000000000000000000e+00
7.744999999999999662e-01 0.000000000000000000e+00
7.754999999999999671e-01 0.000000000000000000e+00
7.764999999999999680e-01 0.000000000000000000e+00
7.774999999999999689e-01 0.000000000000000000e+00
7.784999999999999698e-01 0.000000000000000000e+00
7.794999999999999707e-01 0.000000000000000000e+00
7.804999999999999716e-01 0.000000000000000000e+00
7.814999999999999725e-01 0.000000000000000000e+00
7.824999999999999734e-01 0.000000000000000000e+00
7.834999999999999742e-01 0.000000000000000000e+00
7.844999999999999751e-01 0.000000000000000000e+00
7.854999999999999760e-01 0.000000000000000000e+00
7.864999999999999769e-01 0.000000000000000000e+00
7.874999999999999778e-01 0.000000000000000000e+00
7.884999999999999787e-01 0.000000000000000000e+00
7.894999999999999796e-01 0.000000000000000000e+00
7.904999999999999805e-01 0.000000000000000000e+00
7.914999999999999813e-01 0.000000000000000000e+00
7.924999999999999822e-01 0.000000000000000000e+00
7.934999999999999831e-01 0.000000000000000000e+00
7.944999999999999840e-01 0.000000000000000000e+00
7.954999999999999849e-01 0.000000000000000000e+00
7.964999999999999858e-01 0.000000000000000000e+00
7.974999999999999867e-01 0.000000000000000000e+00
7.984999999999999876e-01 0.000000000000000000e+00
7.994999999999999885e-01 0.000000000000000000e+00
8.004999999999999893e-01 0.000000000000000000e+00
8.014999999999999902e-01 0.000000000000000000e+00
8.024999999999999911e-01 0.000000000000000000e+00
8.034999999999999920e-01 0.000000000000000000e+00
8.044999999999999929e-01 0.000000000000000000e+00
8.054999999999999938e-01 0.000000000000000000e+00
8.064999999999999947e-01 0.000000000000000000e+00
8.074999999999999956e-01 0.000000000000000000e+00
8.084999999999999964e-01 0.000000000000000000e+00
8.094999999999999973e-01 0.000000000000000000e+00
8.104999999999999982e-01 0.000000000000000000e+00
8.114999999999999991e-01 0.000000000000000000e+00
8.125000000000000000e-01 0.000000000000000000e+00
8.135000000000000009e-01 0.000000000000000000e+00
8.145000000000000018e-01 0.000000000000000000e+00
8.155000000000000027e-01 0.000000000000000000e+00
8.165000000000000036e-01 0.000000000000000000e+00
8.175000000000000044e-01 0.000000000000000000e+00
8.185000000000000053e-01 0.000000000000000000e+00
8.195000000000000062e-01 0.000000000000000000e+00
8.205000000000000071e-01 0.000000000000000000e+00
8.215000000000000080e-01 0.000000000000000000e+00
8.225000000000000089e-01 0.000000000000000000e+00
8.235000000000000098e-01 0.000000000000000000e+00
8.245000000000000107e-01 0.000000000000000000e+00
8.255000000000000115e-01 0.000000000000000000e+00
8.265000000000000124e-01 0.000000000000000000e+00
8.275000000000000133e-01 0.000000000000000000e+00
8.285000000000000142e-01 0.000000000000000000e+00
8.295000000000000151e-01 0.000000000000000000e+00
8.305000000000000160e-01 0.000000000000000000e+00
8.315000000000000169e-01 0.000000000000000000e+00
8.325000000000000178e-01 0.000000000000000000e+00
8.335000000000000187e-01 0.000000000000000000e+00
8.345000000000000195e-01 0.000000000000000000e+00
8.355000000000000204e-01 0.000000000000000000e+00
8.365000000000000213e-01 0.000000000000000000e+00
8.375000000000000222e-01 0.000000000000000000e+00
8.385000000000000231e-01 0.000000000000000000e+00
8.395000000000000240e-01 0.000000000000000000e+00
8.405000000000000249e-01 0.000000000000000000e+00
8.415000000000000258e-01 0.000000000000000000e+00
8.425000000000000266e-01 0.000000000000000000e+00
8.435000000000000275e-01 0.000000000000000000e+00
8.445000000000000284e-01 0.000000000000000000e+00
8.455000000000000293e-01 0.000000000000000000e+00
8.465000000000000302e-01 0.000000000000000000e+00
8.475000000000000311e-01 0.000000000000000000e+00
8.485000000000000320e-01 0.000000000000000000e+00
8.495000000000000329e-01 0.000000000000000000e+00
8.505000000000000338e-01 0.000000000000000000e+00
8.515000000000000346e-01 0.000000000000000000e+00
8.525000000000000355e-01 0.000000000000000000e+00
8.535000000000000364e-01 0.000000000000000000e+00
8.545000000000000373e-01 0.000000000000000000e+00
8.555000000000000382e-01 0.000000000000000000e+00
8.565000000000000391e-01 0.000000000000000000e+00
8.575000000000000400e-01 0.000000000000000000e+00
8.585000000000000409e-01 0.000000000000000000e+00
8.595000000000000417e-01 0.000000000000000000e+00
8.605000000000000426e-01 0.000000000000000000e+00
8.615000000000000435e-01 0.000000000000000000e+00
8.625000000000000444e-01 0.000000000000000000e+00
8.635000000000000453e-01 0.000000000000000000e+00
8.645000000000000462e-01 0.000000000000000000e+00
8.655000000000000471e-01 0.000000000000000000e+00
8.665000000000000480e-01 0.000000000000000000e+00
8.675000000000000488e-01 0.000000000000000000e+00
8.685000000000000497e-01 0.000000000000000000e+00
8.695000000000000506e-01 0.000000000000000000e+00
8.705000000000000515e-01 0.000000000000000000e+00
8.715000000000000524e-01 0.000000000000000000e+00
8.725000000000000533e-01 0.000000000000000000e+00
8.735000000000000542e-01 0.000000000000000000e+00
8.745000000000000551e-01 0.000000000000000000e+00
8.754999999999999449e-01 0.000000000000000000e+00
8.764999999999999458e-01 0.000000000000000000e+00
8.774999999999999467e-01 0.000000000000000000e+00
8.784999999999999476e-01 0.000000000000000000e+00
8.794999999999999485e-01 0.000000000000000000e+00
8.804999999999999494e-01 0.000000000000000000e+00
8.814999999999999503e-01 0.000000000000000000e+00
8.824999999999999512e-01 0.000000000000000000e+00
8.834999999999999520e-01 0.000000000000000000e+00
8.844999999999999529e-01 0.000000000000000000e+00
8.854999999999999538e-01 0.000000000000000000e+00
8.864999999999999547e-01 0.000000000000000000e+00
8.874999999999999556e-01 0.000000000000000000e+00
8.884999999999999565e-01 0.000000000000000000e+00
8.894999999999999574e-01 0.000000000000000000e+00
8.904999999999999583e-01 0.000000000000000000e+00
8.914999999999999591e-01 0.000000000000000000e+00
8.924999999999999600e-01 0.000000000000000000e+00
8.934999999999999609e-01 0.000000000000000000e+00
8.944999999999999618e-01 0.000000000000000000e+00
8.954999999999999627e-01 0.000000000000000000e+00
8.964999999999999636e-01 0.000000000000000000e+00
8.974999999999999645e-01 0.000000000000000000e+00
8.984999999999999654e-01 0.000000000000000000e+00
8.994999999999999662e-01 0.000000000000000000e+00
9.004999999999999671e-01 0.000000000000000000e+00
9.014999999999999680e-01 0.000000000000000000e+00
9.024999999999999689e-01 0.000000000000000000e+00
9.034999999999999698e-01 0.000000000000000000e+00
9.044999999999999707e-01 0.000000000000000000e+00
9.054999999999999716e-01 0.000000000000000000e+00
9.064999999999999725e-01 0.000000000000000000e+00
9.074999999999999734e-01 0.000000000000000000e+00
9.084999999999999742e-01 0.000000000000000000e+00
9.094999999999999751e-01 0.000000000000000000e+00
9.104999999999999760e-01 0.000000000000000000e+00
9.114999999999999769e-01 0.000000000000000000e+00
9.124999999999999778e-01 0.000000000000000000e+00
9.134999999999999787e-01 0.000000000000000000e+00
9.144999999999999796e-01 0.000000000000000000e+00
9.154999999999999805e-01 0.000000000000000000e+00
9.164999999999999813e-01 0.000000000000000000e+00
9.174999999999999822e-01 0.000000000000000000e+00
9.184999999999999831e-01 0.000000000000000000e+00
9.194999999999999840e-01 0.000000000000000000e+00
9.204999999999999849e-01 0.000000000000000000e+00
9.214999999999999858e-01 0.000000000000000000e+00
9.224999999999999867e-01 0.000000000000000000e+00
9.234999999999999876e-01 0.000000000000000000e+00
9.244999999999999885e-01 0.000000000000000000e+00
9.254999999999999893e-01 0.000000000000000000e+00
9.264999999999999902e-01 0.000000000000000000e+00
9.274999999999999911e-01 0.000000000000000000e+00
9.284999999999999920e-01 0.000000000000000000e+00
9.294999999999999929e-01 0.000000000000000000e+00
9.304999999999999938e-01 0.000000000000000000e+00
9.314999999999999947e-01 0.000000000000000000e+00
9.324999999999999956e-01 0.000000000000000000e+00
9.334999999999999964e-01 0.000000000000000000e+00
9.344999999999999973e-01 0.000000000000000000e+00
9.354999999999999982e-01 0.000000000000000000e+00
9.364999999999999991e-01 0.000000000000000000e+00
9.375000000000000000e-01 0.000000000000000000e+00
9.385000000000000009e-01 0.000000000000000000e+00
9.395000000000000018e-01 0.000000000000000000e+00
9.405000000000000027e-01 0.000000000000000000e+00
9.415000000000000036e-01 0.000000000000000000e+00
9.425000000000000044e-01 0.000000000000000000e+00
9.435000000000000053e-01 0.000000000000000000e+00
9.445000000000000062e-01 0.000000000000000000e+00
9.455000000000000071e-01 0.000000000000000000e+00
9.465000000000000080e-01 0.000000000000000000e+00
9.475000000000000089e-01 0.000000000000000000e+00
9.485000000000000098e-01 0.000000000000000000e+00
9.495000000000000107e-01 0.000000000000000000e+00
9.505000000000000115e-01 0.000000000000000000e+00
9.515000000000000124e-01 0.000000000000000000e+00
9.525000000000000133e-01 0.000000000000000000e+00
9.535000000000000142e-01 0.000000000000000000e+00
9.545000000000000151e-01 0.000000000000000000e+00
9.555000000000000160e-01 0.000000000000000000e+00
9.565000000000000169e-01 0.000000000000000000e+00
9.575000000000000178e-01 0.000000000000000000e+00
9.585000000000000187e-01 0.000000000000000000e+00
9.595000000000000195e-01 0.000000000000000000e+00
9.605000000000000204e-01 0.000000000000000000e+00
9.615000000000000213e-01 0.000000000000000000e+00
9.625000000000000222e-01 0.000000000000000000e+00
9.635000000000000231e-01 0.000000000000000000e+00
9.645000000000000240e-01 0.000000000000000000e+00
9.655000000000000249e-01 0.000000000000000000e+00
9.665000000000000258e-01 0.000000000000000000e+00
9.675000000000000266e-01 0.000000000000000000e+00
9.685000000000000275e-01 0.000000000000000000e+00
9.695000000000000284e-01 0.000000000000000000e+00
9.705000000000000293e-01 0.000000000000000000e+00
9.715000000000000302e-01 0.000000000000000000e+00
9.725000000000000311e-01 0.000000000000000000e+00
9.735000000000000320e-01 0.000000000000000000e+00
9.745000000000000329e-01 0.000000000000000000e+00
9.755000000000000338e-01 0.000000000000000000e+00
9.765000000000000346e-01 0.000000000000000000e+00
9.775000000000000355e-01 0.000000000000000000e+00
9.785000000000000364e-01 0.000000000000000000e+00
9.795000000000000373e-01 0.000000000000000000e+00
9.805000000000000382e-01 0.000000000000000000e+00
9.815000000000000391e-01 0.000000000000000000e+00
9.825000000000000400e-01 0.000000000000000000e+00
9.835000000000000409e-01 0.000000000000000000e+00
9.845000000000000417e-01 0.000000000000000000e+00
9.855000000000000426e-01 0.000000000000000000e+00
9.865000000000000435e-01 0.000000000000000000e+00
9.875000000000000444e-01 0.000000000000000000e+00
9.885000000000000453e-01 0.000000000000000000e+00
9.895000000000000462e-01 0.000000000000000000e+00
9.905000000000000471e-01 0.000000000000000000e+00
9.915000000000000480e-01 0.000000000000000000e+00
9.925000000000000488e-01 0.000000000000000000e+00
9.935000000000000497e-01 0.000000000000000000e+00
9.945000000000000506e-01 0.000000000000000000e+00
9.955000000000000515e-01 0.000000000000000000e+00
9.965000000000000524e-01 0.000000000000000000e+00
9.975000000000000533e-01 0.000000000000000000e+00
9.985000000000000542e-01 0.000000000000000000e+00
9.995000000000000551e-01 0.000000000000000000e+00
