5.000000000000000104e-04 9.647499999999999826e-03
1.500000000000000031e-03 1.022499999999999971e-02
2.500000000000000052e-03 1.083409999999999929e-02
3.500000000000000073e-03 1.147650000000000059e-02
4.499999999999999660e-03 1.215379999999999933e-02
5.499999999999999681e-03 1.286759999999999987e-02
6.499999999999999702e-03 1.361970000000000021e-02
7.499999999999999722e-03 1.441199999999999946e-02
8.500000000000000611e-03 1.524630000000000082e-02
9.499999999999999764e-03 1.612459999999999935e-02
1.050000000000000065e-02 1.704900000000000165e-02
1.149999999999999981e-02 1.802159999999999873e-02
1.250000000000000069e-02 1.904459999999999834e-02
1.349999999999999985e-02 2.012040000000000009e-02
1.450000000000000074e-02 2.125130000000000075e-02
1.549999999999999989e-02 2.243979999999999933e-02
1.650000000000000078e-02 2.368850000000000122e-02
1.750000000000000167e-02 2.500010000000000079e-02
1.849999999999999908e-02 2.637729999999999936e-02
1.949999999999999997e-02 2.782290000000000110e-02
2.050000000000000086e-02 2.934010000000000090e-02
2.149999999999999828e-02 3.093179999999999888e-02
2.249999999999999917e-02 3.260110000000000091e-02
2.350000000000000006e-02 3.435150000000000009e-02
2.450000000000000094e-02 3.618629999999999763e-02
2.549999999999999836e-02 3.810899999999999704e-02
2.649999999999999925e-02 4.012330000000000063e-02
2.750000000000000014e-02 4.223280000000000090e-02
2.850000000000000103e-02 4.444150000000000184e-02
2.949999999999999845e-02 4.675329999999999764e-02
3.049999999999999933e-02 4.917239999999999805e-02
3.150000000000000022e-02 5.170299999999999896e-02
3.250000000000000111e-02 5.434950000000000198e-02
3.350000000000000200e-02 5.711630000000000179e-02
3.450000000000000289e-02 6.000810000000000172e-02
3.549999999999999684e-02 6.302969999999999406e-02
3.649999999999999772e-02 6.618590000000000584e-02
3.749999999999999861e-02 6.948179999999999634e-02
3.849999999999999950e-02 7.292269999999999308e-02
3.950000000000000039e-02 7.651370000000000393e-02
4.050000000000000128e-02 8.026030000000000664e-02
4.150000000000000216e-02 8.416830000000000145e-02
4.250000000000000305e-02 8.824319999999999387e-02
4.349999999999999700e-02 9.249100000000000377e-02
4.449999999999999789e-02 9.691769999999999552e-02
4.549999999999999878e-02 1.015294999999999948e-01
4.649999999999999967e-02 1.063328000000000051e-01
4.750000000000000056e-02 1.113338999999999995e-01
4.850000000000000144e-02 1.165395999999999932e-01
4.950000000000000233e-02 1.219564999999999955e-01
5.050000000000000322e-02 1.275915999999999995e-01
5.149999999999999717e-02 1.334519000000000122e-01
5.249999999999999806e-02 1.395446999999999937e-01
5.349999999999999895e-02 1.458772000000000124e-01
5.449999999999999983e-02 1.524570000000000092e-01
5.550000000000000072e-02 1.592916000000000054e-01
5.650000000000000161e-02 1.663888000000000034e-01
5.750000000000000250e-02 1.737566000000000110e-01
5.850000000000000339e-02 1.814029000000000058e-01
5.949999999999999734e-02 1.893359000000000014e-01
6.049999999999999822e-02 1.975639999999999896e-01
6.149999999999999911e-02 2.060954000000000119e-01
6.250000000000000000e-02 2.149387000000000103e-01
6.350000000000000089e-02 2.241026999999999880e-01
6.450000000000000178e-02 2.335959999999999981e-01
6.550000000000000266e-02 2.434274999999999911e-01
6.650000000000000355e-02 2.536063000000000067e-01
6.750000000000000444e-02 2.641414000000000262e-01
6.850000000000000533e-02 2.750419000000000058e-01
6.950000000000000622e-02 2.863170999999999911e-01
7.049999999999999323e-02 2.979763999999999746e-01
7.149999999999999412e-02 3.100292000000000048e-01
7.249999999999999500e-02 3.224850000000000216e-01
7.349999999999999589e-02 3.353533000000000208e-01
7.449999999999999678e-02 3.486438000000000037e-01
7.549999999999999767e-02 3.623660000000000214e-01
7.649999999999999856e-02 3.765297000000000227e-01
7.749999999999999944e-02 3.911446000000000089e-01
7.850000000000000033e-02 4.062203999999999815e-01
7.950000000000000122e-02 4.217667999999999973e-01
8.050000000000000211e-02 4.377937000000000078e-01
8.150000000000000300e-02 4.543107000000000117e-01
8.250000000000000389e-02 4.713276000000000132e-01
8.350000000000000477e-02 4.888540000000000108e-01
8.450000000000000566e-02 5.068996999999999531e-01
8.550000000000000655e-02 5.254741000000000550e-01
8.649999999999999356e-02 5.445868000000000375e-01
8.749999999999999445e-02 5.642473000000000072e-01
8.849999999999999534e-02 5.844648999999999539e-01
8.949999999999999623e-02 6.052488000000000312e-01
9.049999999999999711e-02 6.266083000000000069e-01
9.149999999999999800e-02 6.485522000000000231e-01
9.249999999999999889e-02 6.710895000000000055e-01
9.349999999999999978e-02 6.942287999999999792e-01
9.450000000000000067e-02 7.179788000000000281e-01
9.550000000000000155e-02 7.423475999999999964e-01
9.650000000000000244e-02 7.673434999999999562e-01
9.750000000000000333e-02 7.929743000000000208e-01
9.850000000000000422e-02 8.192477999999999705e-01
9.950000000000000511e-02 8.461712999999999596e-01
1.005000000000000060e-01 8.737521000000000315e-01
1.015000000000000069e-01 9.019970000000000487e-01
1.024999999999999939e-01 9.309125000000000316e-01
1.034999999999999948e-01 9.605051000000000005e-01
1.044999999999999957e-01 9.907804999999999529e-01
1.054999999999999966e-01 1.021744500000000055e+00
1.064999999999999974e-01 1.053402200000000066e+00
1.074999999999999983e-01 1.085758400000000012e+00
1.084999999999999992e-01 1.118817699999999915e+00
1.095000000000000001e-01 1.152584000000000053e+00
1.105000000000000010e-01 1.187060999999999922e+00
1.115000000000000019e-01 1.222251799999999999e+00
1.125000000000000028e-01 1.258159100000000086e+00
1.135000000000000037e-01 1.294785099999999911e+00
1.145000000000000046e-01 1.332131600000000082e+00
1.155000000000000054e-01 1.370199799999999968e+00
1.165000000000000063e-01 1.408990299999999918e+00
1.174999999999999933e-01 1.448503199999999991e+00
1.184999999999999942e-01 1.488738300000000070e+00
1.194999999999999951e-01 1.529694399999999899e+00
1.204999999999999960e-01 1.571369999999999933e+00
1.214999999999999969e-01 1.613762900000000000e+00
1.224999999999999978e-01 1.656870300000000018e+00
1.234999999999999987e-01 1.700688800000000001e+00
1.244999999999999996e-01 1.745214400000000055e+00
1.255000000000000004e-01 1.790442199999999984e+00
1.265000000000000013e-01 1.836367000000000083e+00
1.275000000000000022e-01 1.882982600000000062e+00
1.285000000000000031e-01 1.930282300000000006e+00
1.295000000000000040e-01 1.978258599999999978e+00
1.305000000000000049e-01 2.026903499999999969e+00
1.315000000000000058e-01 2.076207999999999831e+00
1.325000000000000067e-01 2.126162499999999955e+00
1.335000000000000075e-01 2.176756800000000158e+00
1.345000000000000084e-01 2.227979599999999838e+00
1.355000000000000093e-01 2.279819300000000215e+00
1.365000000000000102e-01 2.332263199999999870e+00
1.375000000000000111e-01 2.385298199999999813e+00
1.385000000000000120e-01 2.438909900000000075e+00
1.395000000000000129e-01 2.493083799999999961e+00
1.405000000000000138e-01 2.547804199999999852e+00
1.414999999999999869e-01 2.603054600000000107e+00
1.424999999999999878e-01 2.658818199999999798e+00
1.434999999999999887e-01 2.715076900000000126e+00
1.444999999999999896e-01 2.771812100000000001e+00
1.454999999999999905e-01 2.829004600000000202e+00
1.464999999999999913e-01 2.886634100000000203e+00
1.474999999999999922e-01 2.944679900000000128e+00
1.484999999999999931e-01 3.003120200000000128e+00
1.494999999999999940e-01 3.061932999999999794e+00
1.504999999999999949e-01 3.121094999999999953e+00
1.514999999999999958e-01 3.180582600000000149e+00
1.524999999999999967e-01 3.240371199999999785e+00
1.534999999999999976e-01 3.300435900000000089e+00
1.544999999999999984e-01 3.360750799999999927e+00
1.554999999999999993e-01 3.421289499999999872e+00
1.565000000000000002e-01 3.482024800000000031e+00
1.575000000000000011e-01 3.542929099999999831e+00
1.585000000000000020e-01 3.603974099999999847e+00
1.595000000000000029e-01 3.665130700000000186e+00
1.605000000000000038e-01 3.726369699999999785e+00
1.615000000000000047e-01 3.787660900000000108e+00
1.625000000000000056e-01 3.848973800000000001e+00
1.635000000000000064e-01 3.910277400000000014e+00
1.645000000000000073e-01 3.971540099999999907e+00
1.655000000000000082e-01 4.032729899999999645e+00
1.665000000000000091e-01 4.093814499999999690e+00
1.675000000000000100e-01 4.154760999999999704e+00
1.685000000000000109e-01 4.215536300000000125e+00
1.695000000000000118e-01 4.276106799999999986e+00
1.705000000000000127e-01 4.336438799999999816e+00
1.715000000000000135e-01 4.396498000000000239e+00
1.724999999999999867e-01 4.456250100000000103e+00
1.734999999999999876e-01 4.515660500000000077e+00
1.744999999999999885e-01 4.574694400000000272e+00
1.754999999999999893e-01 4.633316899999999627e+00
1.764999999999999902e-01 4.691492900000000077e+00
1.774999999999999911e-01 4.749187199999999720e+00
1.784999999999999920e-01 4.806364699999999601e+00
1.794999999999999929e-01 4.862990100000000204e+00
1.804999999999999938e-01 4.919028199999999629e+00
1.814999999999999947e-01 4.974443800000000415e+00
1.824999999999999956e-01 5.029201999999999728e+00
1.834999999999999964e-01 5.083267600000000108e+00
1.844999999999999973e-01 5.136605999999999561e+00
1.854999999999999982e-01 5.189182599999999645e+00
1.864999999999999991e-01 5.240963100000000097e+00
1.875000000000000000e-01 5.291913300000000042e+00
1.885000000000000009e-01 5.341999600000000292e+00
1.895000000000000018e-01 5.391188500000000161e+00
1.905000000000000027e-01 5.439446900000000085e+00
1.915000000000000036e-01 5.486742500000000078e+00
1.925000000000000044e-01 5.533042799999999595e+00
1.935000000000000053e-01 5.578316499999999678e+00
1.945000000000000062e-01 5.622532200000000202e+00
1.955000000000000071e-01 5.665659599999999685e+00
1.965000000000000080e-01 5.707668599999999870e+00
1.975000000000000089e-01 5.748529999999999696e+00
1.985000000000000098e-01 5.788215199999999783e+00
1.995000000000000107e-01 5.826696100000000378e+00
2.005000000000000115e-01 5.863945700000000372e+00
2.015000000000000124e-01 5.899937500000000057e+00
2.025000000000000133e-01 5.934645899999999585e+00
2.034999999999999865e-01 5.968046199999999857e+00
2.044999999999999873e-01 6.000114299999999901e+00
2.054999999999999882e-01 6.030827300000000335e+00
2.064999999999999891e-01 6.060163099999999581e+00
2.074999999999999900e-01 6.088100400000000079e+00
2.084999999999999909e-01 6.114619199999999921e+00
2.094999999999999918e-01 6.139700099999999772e+00
2.104999999999999927e-01 6.163325000000000387e+00
2.114999999999999936e-01 6.185476799999999997e+00
2.124999999999999944e-01 6.206139300000000247e+00
2.134999999999999953e-01 6.225297499999999928e+00
2.144999999999999962e-01 6.242937600000000309e+00
2.154999999999999971e-01 6.259046599999999572e+00
2.164999999999999980e-01 6.273613000000000106e+00
2.174999999999999989e-01 6.286626199999999720e+00
2.184999999999999998e-01 6.298076799999999587e+00
2.195000000000000007e-01 6.307956700000000083e+00
2.205000000000000016e-01 6.316258699999999671e+00
2.215000000000000024e-01 6.322977100000000128e+00
2.225000000000000033e-01 6.328107199999999821e+00
2.235000000000000042e-01 6.331645499999999593e+00
2.245000000000000051e-01 6.333589700000000100e+00
2.255000000000000060e-01 6.333938899999999705e+00
2.265000000000000069e-01 6.332693199999999578e+00
2.275000000000000078e-01 6.329853899999999811e+00
2.285000000000000087e-01 6.325423599999999702e+00
2.295000000000000095e-01 6.319406100000000137e+00
2.305000000000000104e-01 6.311806200000000366e+00
2.315000000000000113e-01 6.302630200000000293e+00
2.325000000000000122e-01 6.291885299999999681e+00
2.335000000000000131e-01 6.279580000000000162e+00
2.344999999999999862e-01 6.265723999999999627e+00
2.354999999999999871e-01 6.250327900000000270e+00
2.364999999999999880e-01 6.233403799999999606e+00
2.374999999999999889e-01 6.214964700000000342e+00
2.384999999999999898e-01 6.195024599999999992e+00
2.394999999999999907e-01 6.173598799999999720e+00
2.404999999999999916e-01 6.150703400000000265e+00
2.414999999999999925e-01 6.126356000000000357e+00
2.424999999999999933e-01 6.100574599999999847e+00
2.434999999999999942e-01 6.073378800000000410e+00
2.444999999999999951e-01 6.044788600000000400e+00
2.454999999999999960e-01 6.014825499999999714e+00
2.464999999999999969e-01 5.983511400000000258e+00
2.474999999999999978e-01 5.950869599999999870e+00
2.484999999999999987e-01 5.916923800000000178e+00
2.494999999999999996e-01 5.881698799999999672e+00
2.505000000000000004e-01 5.845220199999999977e+00
2.515000000000000013e-01 5.807514399999999632e+00
2.525000000000000022e-01 5.768608300000000355e+00
2.535000000000000031e-01 5.728529700000000169e+00
2.545000000000000040e-01 5.687307200000000229e+00
2.555000000000000049e-01 5.644969699999999868e+00
2.565000000000000058e-01 5.601547199999999727e+00
2.575000000000000067e-01 5.557069699999999557e+00
2.585000000000000075e-01 5.511568200000000139e+00
2.595000000000000084e-01 5.465074000000000431e+00
2.605000000000000093e-01 5.417618899999999904e+00
2.615000000000000102e-01 5.369235200000000319e+00
2.625000000000000111e-01 5.319955399999999557e+00
2.635000000000000120e-01 5.269812700000000127e+00
2.645000000000000129e-01 5.218840300000000099e+00
2.655000000000000138e-01 5.167071899999999829e+00
2.665000000000000147e-01 5.114541299999999957e+00
2.675000000000000155e-01 5.061282600000000187e+00
2.685000000000000164e-01 5.007330099999999895e+00
2.695000000000000173e-01 4.952718299999999907e+00
2.705000000000000182e-01 4.897481599999999879e+00
2.715000000000000191e-01 4.841654600000000030e+00
2.725000000000000200e-01 4.785271999999999970e+00
2.735000000000000209e-01 4.728368399999999916e+00
2.745000000000000218e-01 4.670978500000000366e+00
2.755000000000000226e-01 4.613136700000000090e+00
2.765000000000000235e-01 4.554877499999999912e+00
2.775000000000000244e-01 4.496235300000000379e+00
2.785000000000000253e-01 4.437244100000000024e+00
2.795000000000000262e-01 4.377938000000000329e+00
2.805000000000000271e-01 4.318350599999999595e+00
2.814999999999999725e-01 4.258515400000000284e+00
2.824999999999999734e-01 4.198465599999999576e+00
2.834999999999999742e-01 4.138234200000000307e+00
2.844999999999999751e-01 4.077853499999999798e+00
2.854999999999999760e-01 4.017355700000000418e+00
2.864999999999999769e-01 3.956772599999999862e+00
2.874999999999999778e-01 3.896135600000000032e+00
2.884999999999999787e-01 3.835475600000000096e+00
2.894999999999999796e-01 3.774822799999999923e+00
2.904999999999999805e-01 3.714207299999999989e+00
2.914999999999999813e-01 3.653658599999999979e+00
2.924999999999999822e-01 3.593205300000000157e+00
2.934999999999999831e-01 3.532875999999999905e+00
2.944999999999999840e-01 3.472698199999999957e+00
2.954999999999999849e-01 3.412699299999999880e+00
2.964999999999999858e-01 3.352905699999999989e+00
2.974999999999999867e-01 3.293343300000000085e+00
2.984999999999999876e-01 3.234037499999999898e+00
2.994999999999999885e-01 3.175012900000000027e+00
3.004999999999999893e-01 3.116293499999999828e+00
3.014999999999999902e-01 3.057902499999999968e+00
3.024999999999999911e-01 2.999862699999999993e+00
3.034999999999999920e-01 2.942195900000000197e+00
3.044999999999999929e-01 2.884923300000000079e+00
3.054999999999999938e-01 2.828065500000000121e+00
3.064999999999999947e-01 2.771642299999999892e+00
3.074999999999999956e-01 2.715672800000000109e+00
3.084999999999999964e-01 2.660175199999999851e+00
3.094999999999999973e-01 2.605167300000000186e+00
3.104999999999999982e-01 2.550665899999999819e+00
3.114999999999999991e-01 2.496687300000000054e+00
3.125000000000000000e-01 2.443246799999999830e+00
3.135000000000000009e-01 2.390359199999999795e+00
3.145000000000000018e-01 2.338038399999999850e+00
3.155000000000000027e-01 2.286297699999999988e+00
3.165000000000000036e-01 2.235149700000000017e+00
3.175000000000000044e-01 2.184606099999999884e+00
3.185000000000000053e-01 2.134678000000000075e+00
3.195000000000000062e-01 2.085375899999999838e+00
3.205000000000000071e-01 2.036709300000000056e+00
3.215000000000000080e-01 1.988687400000000105e+00
3.225000000000000089e-01 1.941318400000000111e+00
3.235000000000000098e-01 1.894609800000000011e+00
3.245000000000000107e-01 1.848568800000000012e+00
3.255000000000000115e-01 1.803201499999999902e+00
3.265000000000000124e-01 1.758513500000000063e+00
3.275000000000000133e-01 1.714509999999999978e+00
3.285000000000000142e-01 1.671195200000000103e+00
3.295000000000000151e-01 1.628572899999999990e+00
3.305000000000000160e-01 1.586646199999999896e+00
3.315000000000000169e-01 1.545417700000000005e+00
3.325000000000000178e-01 1.504889399999999933e+00
3.335000000000000187e-01 1.465062599999999993e+00
3.345000000000000195e-01 1.425938300000000103e+00
3.355000000000000204e-01 1.387516600000000100e+00
3.365000000000000213e-01 1.349797499999999983e+00
3.375000000000000222e-01 1.312780199999999953e+00
3.385000000000000231e-01 1.276463399999999915e+00
3.395000000000000240e-01 1.240845500000000046e+00
3.405000000000000249e-01 1.205924299999999949e+00
3.415000000000000258e-01 1.171697200000000105e+00
3.425000000000000266e-01 1.138161100000000037e+00
3.435000000000000275e-01 1.105312599999999978e+00
3.444999999999999729e-01 1.073147800000000096e+00
3.454999999999999738e-01 1.041662400000000099e+00
3.464999999999999747e-01 1.010851900000000025e+00
3.474999999999999756e-01 9.807110999999999468e-01
3.484999999999999765e-01 9.512348000000000470e-01
3.494999999999999774e-01 9.224174000000000540e-01
3.504999999999999782e-01 8.942527999999999588e-01
3.514999999999999791e-01 8.667348000000000274e-01
3.524999999999999800e-01 8.398567999999999589e-01
3.534999999999999809e-01 8.136120999999999492e-01
3.544999999999999818e-01 7.879935000000000134e-01
3.554999999999999827e-01 7.629938000000000553e-01
3.564999999999999836e-01 7.386055000000000259e-01
3.574999999999999845e-01 7.148208999999999813e-01
3.584999999999999853e-01 6.916320000000000245e-01
3.594999999999999862e-01 6.690306999999999782e-01
3.604999999999999871e-01 6.470088000000000505e-01
3.614999999999999880e-01 6.255579000000000001e-01
3.624999999999999889e-01 6.046694999999999709e-01
3.634999999999999898e-01 5.843348000000000431e-01
3.644999999999999907e-01 5.645449999999999635e-01
3.654999999999999916e-01 5.452913999999999817e-01
3.664999999999999925e-01 5.265649999999999498e-01
3.674999999999999933e-01 5.083566000000000473e-01
3.684999999999999942e-01 4.906572000000000155e-01
3.694999999999999951e-01 4.734575999999999785e-01
3.704999999999999960e-01 4.567486000000000046e-01
3.714999999999999969e-01 4.405208999999999930e-01
3.724999999999999978e-01 4.247654000000000152e-01
3.734999999999999987e-01 4.094727000000000228e-01
3.744999999999999996e-01 3.946335999999999733e-01
3.755000000000000004e-01 3.802386999999999850e-01
3.765000000000000013e-01 3.662789000000000184e-01
3.775000000000000022e-01 3.527448999999999724e-01
3.785000000000000031e-01 3.396275000000000266e-01
3.795000000000000040e-01 3.269175000000000275e-01
3.805000000000000049e-01 3.146057999999999910e-01
3.815000000000000058e-01 3.026833999999999913e-01
3.825000000000000067e-01 2.911411999999999889e-01
3.835000000000000075e-01 2.799703000000000053e-01
3.845000000000000084e-01 2.691620000000000124e-01
3.855000000000000093e-01 2.587072000000000260e-01
3.865000000000000102e-01 2.485974999999999990e-01
3.875000000000000111e-01 2.388241999999999865e-01
3.885000000000000120e-01 2.293786999999999909e-01
3.895000000000000129e-01 2.202525999999999928e-01
3.905000000000000138e-01 2.114377000000000062e-01
3.915000000000000147e-01 2.029256000000000115e-01
3.925000000000000155e-01 1.947084000000000037e-01
3.935000000000000164e-01 1.867781000000000025e-01
3.945000000000000173e-01 1.791266999999999998e-01
3.955000000000000182e-01 1.717465999999999993e-01
3.965000000000000191e-01 1.646299999999999986e-01
3.975000000000000200e-01 1.577696000000000098e-01
3.985000000000000209e-01 1.511579000000000117e-01
3.995000000000000218e-01 1.447876999999999914e-01
4.005000000000000226e-01 1.386518999999999946e-01
4.015000000000000235e-01 1.327434999999999865e-01
4.025000000000000244e-01 1.270555999999999908e-01
4.035000000000000253e-01 1.215815999999999980e-01
4.045000000000000262e-01 1.163147999999999960e-01
4.055000000000000271e-01 1.112488999999999978e-01
4.064999999999999725e-01 1.063773999999999970e-01
4.074999999999999734e-01 1.016943000000000014e-01
4.084999999999999742e-01 9.719339999999999924e-02
4.094999999999999751e-01 9.286890000000000422e-02
4.104999999999999760e-01 8.871510000000000506e-02
4.114999999999999769e-01 8.472609999999999864e-02
4.124999999999999778e-01 8.089670000000000194e-02
4.134999999999999787e-01 7.722139999999999560e-02
4.144999999999999796e-01 7.369489999999999374e-02
4.154999999999999805e-01 7.031220000000000525e-02
4.164999999999999813e-01 6.706829999999999736e-02
4.174999999999999822e-01 6.395829999999999571e-02
4.184999999999999831e-01 6.097749999999999698e-02
4.194999999999999840e-01 5.812139999999999668e-02
4.204999999999999849e-01 5.538540000000000130e-02
4.214999999999999858e-01 5.276519999999999821e-02
4.224999999999999867e-01 5.025670000000000137e-02
4.234999999999999876e-01 4.785559999999999814e-02
4.244999999999999885e-01 4.555800000000000127e-02
4.254999999999999893e-01 4.336009999999999864e-02
4.264999999999999902e-01 4.125809999999999894e-02
4.274999999999999911e-01 3.924829999999999985e-02
4.284999999999999920e-01 3.732730000000000076e-02
4.294999999999999929e-01 3.549150000000000221e-02
4.304999999999999938e-01 3.373779999999999835e-02
4.314999999999999947e-01 3.206280000000000241e-02
4.324999999999999956e-01 3.046350000000000099e-02
4.334999999999999964e-01 2.893679999999999863e-02
4.344999999999999973e-01 2.747990000000000155e-02
4.354999999999999982e-01 2.608989999999999920e-02
4.364999999999999991e-01 2.476410000000000070e-02
4.375000000000000000e-01 2.349990000000000065e-02
4.385000000000000009e-01 2.229480000000000003e-02
4.395000000000000018e-01 2.114629999999999982e-02
4.405000000000000027e-01 2.005200000000000038e-02
4.415000000000000036e-01 1.900960000000000150e-02
4.425000000000000044e-01 1.801699999999999829e-02
4.435000000000000053e-01 1.707200000000000037e-02
4.445000000000000062e-01 1.617259999999999878e-02
4.455000000000000071e-01 1.531689999999999961e-02
4.465000000000000080e-01 1.450279999999999972e-02
4.475000000000000089e-01 1.372860000000000053e-02
4.485000000000000098e-01 1.299259999999999998e-02
4.495000000000000107e-01 1.229300000000000011e-02
4.505000000000000115e-01 1.162810000000000059e-02
4.515000000000000124e-01 1.099660000000000047e-02
4.525000000000000133e-01 1.039679999999999944e-02
4.535000000000000142e-01 9.827199999999999477e-03
4.545000000000000151e-01 9.286600000000000757e-03
4.555000000000000160e-01 8.773599999999999455e-03
4.565000000000000169e-01 8.286899999999999822e-03
4.575000000000000178e-01 7.825199999999999170e-03
4.585000000000000187e-01 7.387399999999999696e-03
4.595000000000000195e-01 6.972500000000000399e-03
4.605000000000000204e-01 6.579200000000000326e-03
4.615000000000000213e-01 6.206500000000000211e-03
4.625000000000000222e-01 5.853500000000000196e-03
4.635000000000000231e-01 5.519300000000000421e-03
4.645000000000000240e-01 5.202799999999999613e-03
4.655000000000000249e-01 4.903300000000000193e-03
4.665000000000000258e-01 4.619899999999999701e-03
4.675000000000000266e-01 4.351800000000000286e-03
4.685000000000000275e-01 4.098199999999999760e-03
4.694999999999999729e-01 3.858499999999999951e-03
4.704999999999999738e-01 3.631899999999999972e-03
4.714999999999999747e-01 3.417700000000000078e-03
4.724999999999999756e-01 3.215400000000000202e-03
4.734999999999999765e-01 3.024300000000000165e-03
4.744999999999999774e-01 2.843899999999999900e-03
4.754999999999999782e-01 2.673599999999999935e-03
4.764999999999999791e-01 2.512799999999999929e-03
4.774999999999999800e-01 2.361199999999999931e-03
4.784999999999999809e-01 2.218100000000000193e-03
4.794999999999999818e-01 2.083199999999999896e-03
4.804999999999999827e-01 1.956100000000000113e-03
4.814999999999999836e-01 1.836200000000000072e-03
4.824999999999999845e-01 1.723200000000000036e-03
4.834999999999999853e-01 1.616800000000000051e-03
4.844999999999999862e-01 1.516599999999999893e-03
4.854999999999999871e-01 1.422300000000000040e-03
4.864999999999999880e-01 1.333500000000000050e-03
4.874999999999999889e-01 1.249899999999999969e-03
4.884999999999999898e-01 1.171299999999999902e-03
4.894999999999999907e-01 1.097300000000000055e-03
4.904999999999999916e-01 1.027799999999999938e-03
4.914999999999999925e-01 9.623999999999999742e-04
4.924999999999999933e-01 9.009999999999999997e-04
4.934999999999999942e-01 8.432999999999999524e-04
4.944999999999999951e-01 7.891000000000000444e-04
4.954999999999999960e-01 7.382000000000000541e-04
4.964999999999999969e-01 6.903999999999999764e-04
4.974999999999999978e-01 6.455000000000000234e-04
4.984999999999999987e-01 6.034000000000000301e-04
4.994999999999999996e-01 5.638999999999999915e-04
5.004999999999999449e-01 5.268999999999999595e-04
5.014999999999999458e-01 4.922000000000000377e-04
5.024999999999999467e-01 4.596000000000000042e-04
5.034999999999999476e-01 4.291000000000000218e-04
5.044999999999999485e-01 4.004999999999999771e-04
5.054999999999999494e-01 3.737999999999999786e-04
5.064999999999999503e-01 3.487000000000000191e-04
5.074999999999999512e-01 3.251999999999999899e-04
5.084999999999999520e-01 3.032999999999999997e-04
5.094999999999999529e-01 2.826999999999999869e-04
5.104999999999999538e-01 2.635000000000000081e-04
5.114999999999999547e-01 2.455000000000000042e-04
5.124999999999999556e-01 2.287000000000000025e-04
5.134999999999999565e-01 2.130000000000000003e-04
5.144999999999999574e-01 1.982999999999999954e-04
5.154999999999999583e-01 1.845999999999999876e-04
5.164999999999999591e-01 1.718000000000000018e-04
5.174999999999999600e-01 1.599000000000000107e-04
5.184999999999999609e-01 1.487000000000000095e-04
5.194999999999999618e-01 1.383000000000000006e-04
5.204999999999999627e-01 1.286000000000000088e-04
5.214999999999999636e-01 1.195000000000000044e-04
5.224999999999999645e-01 1.110000000000000011e-04
5.234999999999999654e-01 1.032000000000000013e-04
5.244999999999999662e-01 9.579999999999999757e-05
5.254999999999999671e-01 8.899999999999999491e-05
5.264999999999999680e-01 8.260000000000000198e-05
5.274999999999999689e-01 7.669999999999999409e-05
5.284999999999999698e-01 7.109999999999999350e-05
5.294999999999999707e-01 6.600000000000000506e-05
5.304999999999999716e-01 6.119999999999999681e-05
5.314999999999999725e-01 5.670000000000000262e-05
5.324999999999999734e-01 5.259999999999999783e-05
5.334999999999999742e-01 4.869999999999999790e-05
5.344999999999999751e-01 4.520000000000000092e-05
5.354999999999999760e-01 4.179999999999999959e-05
5.364999999999999769e-01 3.869999999999999878e-05
5.374999999999999778e-01 3.589999999999999848e-05
5.384999999999999787e-01 3.320000000000000062e-05
5.394999999999999796e-01 3.070000000000000083e-05
5.404999999999999805e-01 2.839999999999999914e-05
5.414999999999999813e-01 2.629999999999999892e-05
5.424999999999999822e-01 2.430000000000000112e-05
5.434999999999999831e-01 2.250000000000000142e-05
5.444999999999999840e-01 2.080000000000000075e-05
5.454999999999999849e-01 1.919999999999999913e-05
5.464999999999999858e-01 1.769999999999999994e-05
5.474999999999999867e-01 1.639999999999999883e-05
5.484999999999999876e-01 1.509999999999999942e-05
5.494999999999999885e-01 1.390000000000000075e-05
5.504999999999999893e-01 1.290000000000000016e-05
5.514999999999999902e-01 1.189999999999999957e-05
5.524999999999999911e-01 1.090000000000000067e-05
5.534999999999999920e-01 1.009999999999999986e-05
5.544999999999999929e-01 9.300000000000000744e-06
5.554999999999999938e-01 8.600000000000000670e-06
5.564999999999999947e-01 7.900000000000000595e-06
5.574999999999999956e-01 7.300000000000000411e-06
5.584999999999999964e-01 6.700000000000000226e-06
5.594999999999999973e-01 6.199999999999999931e-06
5.604999999999999982e-01 5.699999999999999636e-06
5.614999999999999991e-01 5.200000000000000188e-06
5.625000000000000000e-01 4.799999999999999783e-06
5.635000000000000009e-01 4.400000000000000224e-06
5.645000000000000018e-01 4.099999999999999709e-06
5.655000000000000027e-01 3.700000000000000150e-06
5.665000000000000036e-01 3.400000000000000058e-06
5.675000000000000044e-01 3.199999999999999855e-06
5.685000000000000053e-01 2.900000000000000186e-06
5.695000000000000062e-01 2.699999999999999984e-06
5.705000000000000071e-01 2.399999999999999891e-06
5.715000000000000080e-01 2.200000000000000112e-06
5.725000000000000089e-01 2.099999999999999799e-06
5.735000000000000098e-01 1.900000000000000020e-06
5.745000000000000107e-01 1.700000000000000029e-06
5.755000000000000115e-01 1.599999999999999928e-06
5.765000000000000124e-01 1.500000000000000038e-06
5.775000000000000133e-01 1.300000000000000047e-06
5.785000000000000142e-01 1.199999999999999946e-06
5.795000000000000151e-01 1.100000000000000056e-06
5.805000000000000160e-01 9.999999999999999547e-07
5.815000000000000169e-01 8.999999999999999593e-07
5.825000000000000178e-01 8.999999999999999593e-07
5.835000000000000187e-01 7.999999999999999638e-07
5.845000000000000195e-01 6.999999999999999683e-07
5.855000000000000204e-01 6.999999999999999683e-07
5.865000000000000213e-01 5.999999999999999728e-07
5.875000000000000222e-01 5.999999999999999728e-07
5.885000000000000231e-01 4.999999999999999774e-07
5.895000000000000240e-01 4.999999999999999774e-07
5.905000000000000249e-01 3.999999999999999819e-07
5.915000000000000258e-01 3.999999999999999819e-07
5.925000000000000266e-01 3.999999999999999819e-07
5.935000000000000275e-01 2.999999999999999864e-07
5.945000000000000284e-01 2.999999999999999864e-07
5.955000000000000293e-01 2.999999999999999864e-07
5.965000000000000302e-01 1.999999999999999909e-07
5.975000000000000311e-01 1.999999999999999909e-07
5.985000000000000320e-01 1.999999999999999909e-07
5.995000000000000329e-01 1.999999999999999909e-07
6.005000000000000338e-01 1.999999999999999909e-07
6.015000000000000346e-01 1.999999999999999909e-07
6.025000000000000355e-01 9.999999999999999547e-08
6.035000000000000364e-01 9.999999999999999547e-08
6.045000000000000373e-01 9.999999999999999547e-08
6.055000000000000382e-01 9.999999999999999547e-08
6.065000000000000391e-01 9.999999999999999547e-08
6.075000000000000400e-01 9.999999999999999547e-08
6.085000000000000409e-01 9.999999999999999547e-08
6.095000000000000417e-01 9.999999999999999547e-08
6.105000000000000426e-01 9.999999999999999547e-08
6.115000000000000435e-01 9.999999999999999547e-08
6.125000000000000444e-01 9.999999999999999547e-08
6.135000000000000453e-01 0.000000000000000000e+00
6.145000000000000462e-01 0.000000000000000000e+00
6.155000000000000471e-01 0.000000000000000000e+00
6.165000000000000480e-01 0.000000000000000000e+00
6.175000000000000488e-01 0.000000000000000000e+00
6.185000000000000497e-01 0.000000000000000000e+00
6.195000000000000506e-01 0.000000000000000000e+00
6.205000000000000515e-01 0.000000000000000000e+00
6.215000000000000524e-01 0.000000000000000000e+00
6.225000000000000533e-01 0.000000000000000000e+00
6.235000000000000542e-01 0.000000000000000000e+00
6.245000000000000551e-01 0.000000000000000000e+00
6.254999999999999449e-01 0.000000000000000000e+00
6.264999999999999458e-01 0.000000000000000000e+00
6.274999999999999467e-01 0.000000000000000000e+00
6.284999999999999476e-01 0.000000000000000000e+00
6.294999999999999485e-01 0.000000000000000000e+00
6.304999999999999494e-01 0.000000000000000000e+00
6.314999999999999503e-01 0.000000000000000000e+00
6.324999999999999512e-01 0.000000000000000000e+00
6.334999999999999520e-01 0.000000000000000000e+00
6.344999999999999529e-01 0.000000000000000000e+00
6.354999999999999538e-01 0.000000000000000000e+00
6.364999999999999547e-01 0.000000000000000000e+00
6.374999999999999556e-01 0.000000000000000000e+00
6.384999999999999565e-01 0.000000000000000000e+00
6.394999999999999574e-01 0.000000000000000000e+00
6.404999999999999583e-01 0.000000000000000000e+00
6.414999999999999591e-01 0.000000000000000000e+00
6.424999999999999600e-01 0.000000000000000000e+00
6.434999999999999609e-01 0.000000000000000000e+00
6.444999999999999618e-01 0.000000000000000000e+00
6.454999999999999627e-01 0.000000000000000000e+00
6.464999999999999636e-01 0.000000000000000000e+00
6.474999999999999645e-01 0.000000000000000000e+00
6.484999999999999654e-01 0.000000000000000000e+00
6.494999999999999662e-01 0.000000000000000000e+00
6.504999999999999671e-01 0.000000000000000000e+00
6.514999999999999680e-01 0.000000000000000000e+00
6.524999999999999689e-01 0.000000000000000000e+00
6.534999999999999698e-01 0.000000000000000000e+00
6.544999999999999707e-01 0.000000000000000000e+00
6.554999999999999716e-01 0.000000000000000000e+00
6.564999999999999725e-01 0.000000000000000000e+00
6.574999999999999734e-01 0.000000000000000000e+00
6.584999999999999742e-01 0.000000000000000000e+00
6.594999999999999751e-01 0.000000000000000000e+00
6.604999999999999760e-01 0.000000000000000000e+00
6.614999999999999769e-01 0.000000000000000000e+00
6.624999999999999778e-01 0.000000000000000000e+00
6.634999999999999787e-01 0.000000000000000000e+00
6.644999999999999796e-01 0.000000000000000000e+00
6.654999999999999805e-01 0.000000000000000000e+00
6.664999999999999813e-01 0.000000000000000000e+00
6.674999999999999822e-01 0.000000000000000000e+00
6.684999999999999831e-01 0.000000000000000000e+00
6.694999999999999840e-01 0.000000000000000000e+00
6.704999999999999849e-01 0.000000000000000000e+00
6.714999999999999858e-01 0.000000000000000000e+00
6.724999999999999867e-01 0.000000000000000000e+00
6.734999999999999876e-01 0.000000000000000000e+00
6.744999999999999885e-01 0.000000000000000000e+00
6.754999999999999893e-01 0.000000000000000000e+00
6.764999999999999902e-01 0.000000000000000000e+00
6.774999999999999911e-01 0.000000000000000000e+00
6.784999999999999920e-01 0.000000000000000000e+00
6.794999999999999929e-01 0.000000000000000000e+00
6.804999999999999938e-01 0.000000000000000000e+00
6.814999999999999947e-01 0.000000000000000000e+00
6.824999999999999956e-01 0.000000000000000000e+00
6.834999999999999964e-01 0.000000000000000000e+00
6.844999999999999973e-01 0.000000000000000000e+00
6.854999999999999982e-01 0.000000000000000000e+00
6.864999999999999991e-01 0.000000000000000000e+00
6.875000000000000000e-01 0.000000000000000000e+00
6.885000000000000009e-01 0.000000000000000000e+00
6.895000000000000018e-01 0.000000000000000000e+00
6.905000000000000027e-01 0.000000000000000000e+00
6.915000000000000036e-01 0.000000000000000000e+00
6.925000000000000044e-01 0.000000000000000000e+00
6.935000000000000053e-01 0.000000000000000000e+00
6.945000000000000062e-01 0.000000000000000000e+00
6.955000000000000071e-01 0.000000000000000000e+00
6.965000000000000080e-01 0.000000000000000000e+00
6.975000000000000089e-01 0.000000000000000000e+00
6.985000000000000098e-01 0.000000000000000000e+00
6.995000000000000107e-01 0.000000000000000000e+00
7.005000000000000115e-01 0.000000000000000000e+00
7.015000000000000124e-01 0.000000000000000000e+00
7.025000000000000133e-01 0.000000000000000000e+00
7.035000000000000142e-01 0.000000000000000000e+00
7.045000000000000151e-01 0.000000000000000000e+00
7.055000000000000160e-01 0.000000000000000000e+00
7.065000000000000169e-01 0.000000000000000000e+00
7.075000000000000178e-01 0.000000000000000000e+00
7.085000000000000187e-01 0.000000000000000000e+00
7.095000000000000195e-01 0.000000000000000000e+00
7.105000000000000204e-01 0.000000000000000000e+00
7.115000000000000213e-01 0.000000000000000000e+00
7.125000000000000222e-01 0.000000000000000000e+00
7.135000000000000231e-01 0.000000000000000000e+00
7.145000000000000240e-01 0.000000000000000000e+00
7.155000000000000249e-01 0.000000000000000000e+00
7.165000000000000258e-01 0.000000000000000000e+00
7.175000000000000266e-01 0.000000000000000000e+00
7.185000000000000275e-01 0.000000000000000000e+00
7.195000000000000284e-01 0.000000000000000000e+00
7.205000000000000293e-01 0.000000000000000000e+00
7.215000000000000302e-01 0.000000000000000000e+00
7.225000000000000311e-01 0.000000000000000000e+00
7.235000000000000320e-01 0.000000000000000000e+00
7.245000000000000329e-01 0.000000000000000000e+00
7.255000000000000338e-01 0.000000000000000000e+00
7.265000000000000346e-01 0.000000000000000000e+00
7.275000000000000355e-01 0.000000000000000000e+00
7.285000000000000364e-01 0.000000000000000000e+00
7.295000000000000373e-01 0.000000000000000000e+00
7.305000000000000382e-01 0.000000000000000000e+00
7.315000000000000391e-01 0.000000000000000000e+00
7.325000000000000400e-01 0.000000000000000000e+00
7.335000000000000409e-01 0.000000000000000000e+00
7.345000000000000417e-01 0.000000000000000000e+00
7.355000000000000426e-01 0.000000000000000000e+00
7.365000000000000435e-01 0.000000000000000000e+00
7.375000000000000444e-01 0.000000000000000000e+00
7.385000000000000453e-01 0.000000000000000000e+00
7.395000000000000462e-01 0.000000000000000000e+00
7.405000000000000471e-01 0.000000000000000000e+00
7.415000000000000480e-01 0.000000000000000000e+00
7.425000000000000488e-01 0.000000000000000000e+00
7.435000000000000497e-01 0.000000000000000000e+00
7.445000000000000506e-01 0.000000000000000000e+00
7.455000000000000515e-01 0.000000000000000000e+00
7.465000000000000524e-01 0.000000000000000000e+00
7.475000000000000533e-01 0.000000000000000000e+00
7.485000000000000542e-01 0.000000000000000000e+00
7.495000000000000551e-01 0.000000000000000000e+00
7.504999999999999449e-01 0.000000000000000000e+00
7.514999999999999458e-01 0.000000000000000000e+00
7.524999999999999467e-01 0.000000000000000000e+00
7.534999999999999476e-01 0.000000000000000000e+00
7.544999999999999485e-01 0.000000000000000000e+00
7.554999999999999494e-01 0.000000000000000000e+00
7.564999999999999503e-01 0.000000000000000000e+00
7.574999999999999512e-01 0.000000000000000000e+00
7.584999999999999520e-01 0.000000000000000000e+00
7.594999999999999529e-01 0.000000000000000000e+00
7.604999999999999538e-01 0.000000000000000000e+00
7.614999999999999547e-01 0.000000000000000000e+00
7.624999999999999556e-01 0.000000000000000000e+00
7.634999999999999565e-01 0.000000000000000000e+00
7.644999999999999574e-01 0.000000000000000000e+00
7.654999999999999583e-01 0.000000000000000000e+00
7.664999999999999591e-01 0.000000000000000000e+00
7.674999999999999600e-01 0.000000000000000000e+00
7.684999999999999609e-01 0.000000000000000000e+00
7.694999999999999618e-01 0.000000000000000000e+00
7.704999999999999627e-01 0.000000000000000000e+00
7.714999999999999636e-01 0.000000000000000000e+00
7.724999999999999645e-01 0.000000000000000000e+00
7.734999999999999654e-01 0.000000000000000000e+00
7.744999999999999662e-01 0.000000000000000000e+00
7.754999999999999671e-01 0.000000000000000000e+00
7.764999999999999680e-01 0.000000000000000000e+00
7.774999999999999689e-01 0.000000000000000000e+00
7.784999999999999698e-01 0.000000000000000000e+00
7.794999999999999707e-01 0.000000000000000000e+00
7.804999999999999716e-01 0.000000000000000000e+00
7.814999999999999725e-01 0.000000000000000000e+00
7.824999999999999734e-01 0.000000000000000000e+00
7.834999999999999742e-01 0.000000000000000000e+00
7.844999999999999751e-01 0.000000000000000000e+00
7.854999999999999760e-01 0.000000000000000000e+00
7.864999999999999769e-01 0.000000000000000000e+00
7.874999999999999778e-01 0.000000000000000000e+00
7.884999999999999787e-01 0.000000000000000000e+00
7.894999999999999796e-01 0.000000000000000000e+00
7.904999999999999805e-01 0.000000000000000000e+00
7.914999999999999813e-01 0.000000000000000000e+00
7.924999999999999822e-01 0.000000000000000000e+00
7.934999999999999831e-01 0.000000000000000000e+00
7.944999999999999840e-01 0.000000000000000000e+00
7.954999999999999849e-01 0.000000000000000000e+00
7.964999999999999858e-01 0.000000000000000000e+00
7.974999999999999867e-01 0.000000000000000000e+00
7.984999999999999876e-01 0.000000000000000000e+00
7.994999999999999885e-01 0.000000000000000000e+00
8.004999999999999893e-01 0.000000000000000000e+00
8.014999999999999902e-01 0.000000000000000000e+00
8.024999999999999911e-01 0.000000000000000000e+00
8.034999999999999920e-01 0.000000000000000000e+00
8.044999999999999929e-01 0.000000000000000000e+00
8.054999999999999938e-01 0.000000000000000000e+00
8.064999999999999947e-01 0.000000000000000000e+00
8.074999999999999956e-01 0.000000000000000000e+00
8.084999999999999964e-01 0.000000000000000000e+00
8.094999999999999973e-01 0.000000000000000000e+00
8.104999999999999982e-01 0.000000000000000000e+00
8.114999999999999991e-01 0.000000000000000000e+00
8.125000000000000000e-01 0.000000000000000000e+00
8.135000000000000009e-01 0.000000000000000000e+00
8.145000000000000018e-01 0.000000000000000000e+00
8.155000000000000027e-01 0.000000000000000000e+00
8.165000000000000036e-01 0.000000000000000000e+00
8.175000000000000044e-01 0.000000000000000000e+00
8.185000000000000053e-01 0.000000000000000000e+00
8.195000000000000062e-01 0.000000000000000000e+00
8.205000000000000071e-01 0.000000000000000000e+00
8.215000000000000080e-01 0.000000000000000000e+00
8.225000000000000089e-01 0.000000000000000000e+00
8.235000000000000098e-01 0.000000000000000000e+00
8.245000000000000107e-01 0.000000000000000000e+00
8.255000000000000115e-01 0.000000000000000000e+00
8.265000000000000124e-01 0.000000000000000000e+00
8.275000000000000133e-01 0.000000000000000000e+00
8.285000000000000142e-01 0.000000000000000000e+00
8.295000000000000151e-01 0.000000000000000000e+00
8.305000000000000160e-01 0.000000000000000000e+00
8.315000000000000169e-01 0.000000000000000000e+00
8.325000000000000178e-01 0.000000000000000000e+00
8.335000000000000187e-01 0.000000000000000000e+00
8.345000000000000195e-01 0.000000000000000000e+00
8.355000000000000204e-01 0.000000000000000000e+00
8.365000000000000213e-01 0.000000000000000000e+00
8.375000000000000222e-01 0.000000000000000000e+00
8.385000000000000231e-01 0.000000000000000000e+00
8.395000000000000240e-01 0.000000000000000000e+00
8.405000000000000249e-01 0.000000000000000000e+00
8.415000000000000258e-01 0.000000000000000000e+00
8.425000000000000266e-01 0.000000000000000000e+00
8.435000000000000275e-01 0.000000000000000000e+00
8.445000000000000284e-01 0.000000000000000000e+00
8.455000000000000293e-01 0.000000000000000000e+00
8.465000000000000302e-01 0.000000000000000000e+00
8.475000000000000311e-01 0.000000000000000000e+00
8.485000000000000320e-01 0.000000000000000000e+00
8.495000000000000329e-01 0.000000000000000000e+00
8.505000000000000338e-01 0.000000000000000000e+00
8.515000000000000346e-01 0.000000000000000000e+00
8.525000000000000355e-01 0.000000000000000000e+00
8.535000000000000364e-01 0.000000000000000000e+00
8.545000000000000373e-01 0.000000000000000000e+00
8.555000000000000382e-01 0.000000000000000000e+00
8.565000000000000391e-01 0.000000000000000000e+00
8.575000000000000400e-01 0.000000000000000000e+00
8.585000000000000409e-01 0.000000000000000000e+00
8.595000000000000417e-01 0.000000000000000000e+00
8.605000000000000426e-01 0.000000000000000000e+00
8.615000000000000435e-01 0.000000000000000000e+00
8.625000000000000444e-01 0.000000000000000000e+00
8.635000000000000453e-01 0.000000000000000000e+00
8.645000000000000462e-01 0.000000000000000000e+00
8.655000000000000471e-01 0.000000000000000000e+00
8.665000000000000480e-01 0.000000000000000000e+00
8.675000000000000488e-01 0.000000000000000000e+00
8.685000000000000497e-01 0.000000000000000000e+00
8.695000000000000506e-01 0.000000000000000000e+00
8.705000000000000515e-01 0.000000000000000000e+00
8.715000000000000524e-01 0.000000000000000000e+00
8.725000000000000533e-01 0.000000000000000000e+00
8.735000000000000542e-01 0.000000000000000000e+00
8.745000000000000551e-01 0.000000000000000000e+00
8.754999999999999449e-01 0.000000000000000000e+00
8.764999999999999458e-01 0.000000000000000000e+00
8.774999999999999467e-01 0.000000000000000000e+00
8.784999999999999476e-01 0.000000000000000000e+00
8.794999999999999485e-01 0.000000000000000000e+00
8.804999999999999494e-01 0.000000000000000000e+00
8.814999999999999503e-01 0.000000000000000000e+00
8.824999999999999512e-01 0.000000000000000000e+00
8.834999999999999520e-01 0.000000000000000000e+00
8.844999999999999529e-01 0.000000000000000000e+00
8.854999999999999538e-01 0.000000000000000000e+00
8.864999999999999547e-01 0.000000000000000000e+00
8.874999999999999556e-01 0.000000000000000000e+00
8.884999999999999565e-01 0.000000000000000000e+00
8.894999999999999574e-01 0.000000000000000000e+00
8.904999999999999583e-01 0.000000000000000000e+00
8.914999999999999591e-01 0.000000000000000000e+00
8.924999999999999600e-01 0.000000000000000000e+00
8.934999999999999609e-01 0.000000000000000000e+00
8.944999999999999618e-01 0.000000000000000000e+00
8.954999999999999627e-01 0.000000000000000000e+00
8.964999999999999636e-01 0.000000000000000000e+00
8.974999999999999645e-01 0.000000000000000000e+00
8.984999999999999654e-01 0.000000000000000000e+00
8.994999999999999662e-01 0.000000000000000000e+00
9.004999999999999671e-01 0.000000000000000000e+00
9.014999999999999680e-01 0.000000000000000000e+00
9.024999999999999689e-01 0.000000000000000000e+00
9.034999999999999698e-01 0.000000000000000000e+00
9.044999999999999707e-01 0.000000000000000000e+00
9.054999999999999716e-01 0.000000000000000000e+00
9.064999999999999725e-01 0.000000000000000000e+00
9.074999999999999734e-01 0.000000000000000000e+00
9.084999999999999742e-01 0.000000000000000000e+00
9.094999999999999751e-01 0.000000000000000000e+00
9.104999999999999760e-01 0.000000000000000000e+00
9.114999999999999769e-01 0.000000000000000000e+00
9.124999999999999778e-01 0.000000000000000000e+00
9.134999999999999787e-01 0.000000000000000000e+00
9.144999999999999796e-01 0.000000000000000000e+00
9.154999999999999805e-01 0.000000000000000000e+00
9.164999999999999813e-01 0.000000000000000000e+00
9.174999999999999822e-01 0.000000000000000000e+00
9.184999999999999831e-01 0.000000000000000000e+00
9.194999999999999840e-01 0.000000000000000000e+00
9.204999999999999849e-01 0.000000000000000000e+00
9.214999999999999858e-01 0.000000000000000000e+00
9.224999999999999867e-01 0.000000000000000000e+00
9.234999999999999876e-01 0.000000000000000000e+00
9.244999999999999885e-01 0.000000000000000000e+00
9.254999999999999893e-01 0.000000000000000000e+00
9.264999999999999902e-01 0.000000000000000000e+00
9.274999999999999911e-01 0.000000000000000000e+00
9.284999999999999920e-01 0.000000000000000000e+00
9.294999999999999929e-01 0.000000000000000000e+00
9.304999999999999938e-01 0.000000000000000000e+00
9.314999999999999947e-01 0.000000000000000000e+00
9.324999999999999956e-01 0.000000000000000000e+00
9.334999999999999964e-01 0.000000000000000000e+00
9.344999999999999973e-01 0.000000000000000000e+00
9.354999999999999982e-01 0.000000000000000000e+00
9.364999999999999991e-01 0.000000000000000000e+00
9.375000000000000000e-01 0.000000000000000000e+00
9.385000000000000009e-01 0.000000000000000000e+00
9.395000000000000018e-01 0.000000000000000000e+00
9.405000000000000027e-01 0.000000000000000000e+00
9.415000000000000036e-01 0.000000000000000000e+00
9.425000000000000044e-01 0.000000000000000000e+00
9.435000000000000053e-01 0.000000000000000000e+00
9.445000000000000062e-01 0.000000000000000000e+00
9.455000000000000071e-01 0.000000000000000000e+00
9.465000000000000080e-01 0.000000000000000000e+00
9.475000000000000089e-01 0.000000000000000000e+00
9.485000000000000098e-01 0.000000000000000000e+00
9.495000000000000107e-01 0.000000000000000000e+00
9.505000000000000115e-01 0.000000000000000000e+00
9.515000000000000124e-01 0.000000000000000000e+00
9.525000000000000133e-01 0.000000000000000000e+00
9.535000000000000142e-01 0.000000000000000000e+00
9.545000000000000151e-01 0.000000000000000000e+00
9.555000000000000160e-01 0.000000000000000000e+00
9.565000000000000169e-01 0.000000000000000000e+00
9.575000000000000178e-01 0.000000000000000000e+00
9.585000000000000187e-01 0.000000000000000000e+00
9.595000000000000195e-01 0.000000000000000000e+00
9.605000000000000204e-01 0.000000000000000000e+00
9.615000000000000213e-01 0.000000000000000000e+00
9.625000000000000222e-01 0.000000000000000000e+00
9.635000000000000231e-01 0.000000000000000000e+00
9.645000000000000240e-01 0.000000000000000000e+00
9.655000000000000249e-01 0.000000000000000000e+00
9.665000000000000258e-01 0.000000000000000000e+00
9.675000000000000266e-01 0.000000000000000000e+00
9.685000000000000275e-01 0.000000000000000000e+00
9.695000000000000284e-01 0.000000000000000000e+00
9.705000000000000293e-01 0.000000000000000000e+00
9.715000000000000302e-01 0.000000000000000000e+00
9.725000000000000311e-01 0.000000000000000000e+00
9.735000000000000320e-01 0.000000000000000000e+00
9.745000000000000329e-01 0.000000000000000000e+00
9.755000000000000338e-01 0.000000000000000000e+00
9.765000000000000346e-01 0.000000000000000000e+00
9.775000000000000355e-01 0.000000000000000000e+00
9.785000000000000364e-01 0.000000000000000000e+00
9.795000000000000373e-01 0.000000000000000000e+00
9.805000000000000382e-01 0.000000000000000000e+00
9.815000000000000391e-01 0.000000000000000000e+00
9.825000000000000400e-01 0.000000000000000000e+00
9.835000000000000409e-01 0.000000000000000000e+00
9.845000000000000417e-01 0.000000000000000000e+00
9.855000000000000426e-01 0.000000000000000000e+00
9.865000000000000435e-01 0.000000000000000000e+00
9.875000000000000444e-01 0.000000000000000000e+00
9.885000000000000453e-01 0.000000000000000000e+00
9.895000000000000462e-01 0.000000000000000000e+00
9.905000000000000471e-01 0.000000000000000000e+00
9.915000000000000480e-01 0.000000000000000000e+00
9.925000000000000488e-01 0.000000000000000000e+00
9.935000000000000497e-01 0.000000000000000000e+00
9.945000000000000506e-01 0.000000000000000000e+00
9.955000000000000515e-01 0.000000000000000000e+00
9.965000000000000524e-01 0.000000000000000000e+00
9.975000000000000533e-01 0.000000000000000000e+00
9.985000000000000542e-01 0.000000000000000000e+00
9.995000000000000551e-01 0.000000000000000000e+00
