5.000000000000000104e-04 7.336999999999999989e-04
1.500000000000000031e-03 7.837999999999999698e-04
2.500000000000000052e-03 8.371999999999999668e-04
3.500000000000000073e-03 8.938999999999999897e-04
4.499999999999999660e-03 9.543000000000000484e-04
5.499999999999999681e-03 1.018400000000000034e-03
6.499999999999999702e-03 1.086699999999999906e-03
7.499999999999999722e-03 1.159199999999999987e-03
8.500000000000000611e-03 1.236200000000000016e-03
9.499999999999999764e-03 1.318100000000000001e-03
1.050000000000000065e-02 1.404999999999999999e-03
1.149999999999999981e-02 1.497300000000000020e-03
1.250000000000000069e-02 1.595199999999999960e-03
1.349999999999999985e-02 1.699100000000000046e-03
1.450000000000000074e-02 1.809400000000000071e-03
1.549999999999999989e-02 1.926299999999999931e-03
1.650000000000000078e-02 2.050300000000000126e-03
1.750000000000000167e-02 2.181799999999999799e-03
1.849999999999999908e-02 2.321099999999999986e-03
1.949999999999999997e-02 2.468600000000000048e-03
2.050000000000000086e-02 2.625000000000000163e-03
2.149999999999999828e-02 2.790500000000000012e-03
2.249999999999999917e-02 2.965699999999999933e-03
2.350000000000000006e-02 3.151199999999999835e-03
2.450000000000000094e-02 3.347500000000000215e-03
2.549999999999999836e-02 3.555000000000000000e-03
2.649999999999999925e-02 3.774599999999999917e-03
2.750000000000000014e-02 4.006700000000000192e-03
2.850000000000000103e-02 4.251999999999999703e-03
2.949999999999999845e-02 4.511300000000000206e-03
3.049999999999999933e-02 4.785199999999999870e-03
3.150000000000000022e-02 5.074500000000000018e-03
3.250000000000000111e-02 5.379899999999999960e-03
3.350000000000000200e-02 5.702300000000000424e-03
3.450000000000000289e-02 6.042600000000000401e-03
3.549999999999999684e-02 6.401600000000000346e-03
3.649999999999999772e-02 6.780300000000000389e-03
3.749999999999999861e-02 7.179600000000000391e-03
3.849999999999999950e-02 7.600499999999999617e-03
3.950000000000000039e-02 8.044199999999999615e-03
4.050000000000000128e-02 8.511700000000000516e-03
4.150000000000000216e-02 9.004099999999999257e-03
4.250000000000000305e-02 9.522700000000000262e-03
4.349999999999999700e-02 1.006869999999999987e-02
4.449999999999999789e-02 1.064340000000000078e-02
4.549999999999999878e-02 1.124810000000000046e-02
4.649999999999999967e-02 1.188430000000000042e-02
4.750000000000000056e-02 1.255339999999999928e-02
4.850000000000000144e-02 1.325690000000000028e-02
4.950000000000000233e-02 1.399640000000000085e-02
5.050000000000000322e-02 1.477350000000000017e-02
5.149999999999999717e-02 1.558999999999999969e-02
5.249999999999999806e-02 1.644759999999999972e-02
5.349999999999999895e-02 1.734810000000000171e-02
5.449999999999999983e-02 1.829340000000000133e-02
5.550000000000000072e-02 1.928550000000000056e-02
5.650000000000000161e-02 2.032650000000000082e-02
5.750000000000000250e-02 2.141840000000000063e-02
5.850000000000000339e-02 2.256350000000000022e-02
5.949999999999999734e-02 2.376390000000000099e-02
6.049999999999999822e-02 2.502209999999999851e-02
6.149999999999999911e-02 2.634049999999999933e-02
6.250000000000000000e-02 2.772159999999999902e-02
6.350000000000000089e-02 2.916799999999999948e-02
6.450000000000000178e-02 3.068229999999999916e-02
6.550000000000000266e-02 3.226740000000000164e-02
6.650000000000000355e-02 3.392599999999999782e-02
6.750000000000000444e-02 3.566129999999999994e-02
6.850000000000000533e-02 3.747609999999999830e-02
6.950000000000000622e-02 3.937369999999999759e-02
7.049999999999999323e-02 4.135729999999999962e-02
7.149999999999999412e-02 4.343020000000000214e-02
7.249999999999999500e-02 4.559579999999999883e-02
7.349999999999999589e-02 4.785779999999999895e-02
7.449999999999999678e-02 5.021980000000000194e-02
7.549999999999999767e-02 5.268550000000000316e-02
7.649999999999999856e-02 5.525879999999999681e-02
7.749999999999999944e-02 5.794370000000000076e-02
7.850000000000000033e-02 6.074419999999999820e-02
7.950000000000000122e-02 6.366449999999999887e-02
8.050000000000000211e-02 6.670900000000000440e-02
8.150000000000000300e-02 6.988199999999999967e-02
8.250000000000000389e-02 7.318819999999999493e-02
8.350000000000000477e-02 7.663209999999999467e-02
8.450000000000000566e-02 8.021849999999999814e-02
8.550000000000000655e-02 8.395239999999999647e-02
8.649999999999999356e-02 8.783860000000000279e-02
8.749999999999999445e-02 9.188250000000000584e-02
8.849999999999999534e-02 9.608909999999999674e-02
8.949999999999999623e-02 1.004638000000000059e-01
9.049999999999999711e-02 1.050122000000000000e-01
9.149999999999999800e-02 1.097399000000000013e-01
9.249999999999999889e-02 1.146525000000000044e-01
9.349999999999999978e-02 1.197558999999999985e-01
9.450000000000000067e-02 1.250561000000000034e-01
9.550000000000000155e-02 1.305591000000000113e-01
9.650000000000000244e-02 1.362712000000000090e-01
9.750000000000000333e-02 1.421987000000000112e-01
9.850000000000000422e-02 1.483479000000000048e-01
9.950000000000000511e-02 1.547255999999999909e-01
1.005000000000000060e-01 1.613381999999999872e-01
1.015000000000000069e-01 1.681927000000000005e-01
1.024999999999999939e-01 1.752958000000000016e-01
1.034999999999999948e-01 1.826546000000000003e-01
1.044999999999999957e-01 1.902762000000000064e-01
1.054999999999999966e-01 1.981677000000000022e-01
1.064999999999999974e-01 2.063365000000000060e-01
1.074999999999999983e-01 2.147899000000000058e-01
1.084999999999999992e-01 2.235354999999999981e-01
1.095000000000000001e-01 2.325808000000000042e-01
1.105000000000000010e-01 2.419335999999999987e-01
1.115000000000000019e-01 2.516014999999999779e-01
1.125000000000000028e-01 2.615922999999999998e-01
1.135000000000000037e-01 2.719140999999999919e-01
1.145000000000000046e-01 2.825747000000000120e-01
1.155000000000000054e-01 2.935823000000000182e-01
1.165000000000000063e-01 3.049448000000000158e-01
1.174999999999999933e-01 3.166705000000000214e-01
1.184999999999999942e-01 3.287674999999999903e-01
1.194999999999999951e-01 3.412440999999999947e-01
1.204999999999999960e-01 3.541084999999999927e-01
1.214999999999999969e-01 3.673692000000000069e-01
1.224999999999999978e-01 3.810342999999999924e-01
1.234999999999999987e-01 3.951122000000000245e-01
1.244999999999999996e-01 4.096113000000000115e-01
1.255000000000000004e-01 4.245399000000000256e-01
1.265000000000000013e-01 4.399062999999999723e-01
1.275000000000000022e-01 4.557188999999999823e-01
1.285000000000000031e-01 4.719860000000000166e-01
1.295000000000000040e-01 4.887156999999999751e-01
1.305000000000000049e-01 5.059164000000000438e-01
1.315000000000000058e-01 5.235961000000000087e-01
1.325000000000000067e-01 5.417629999999999946e-01
1.335000000000000075e-01 5.604249999999999510e-01
1.345000000000000084e-01 5.795900999999999970e-01
1.355000000000000093e-01 5.992661999999999711e-01
1.365000000000000102e-01 6.194610000000000394e-01
1.375000000000000111e-01 6.401820000000000288e-01
1.385000000000000120e-01 6.614368000000000469e-01
1.395000000000000129e-01 6.832327000000000261e-01
1.405000000000000138e-01 7.055770000000000097e-01
1.414999999999999869e-01 7.284764999999999713e-01
1.424999999999999878e-01 7.519382999999999484e-01
1.434999999999999887e-01 7.759690000000000198e-01
1.444999999999999896e-01 8.005750000000000366e-01
1.454999999999999905e-01 8.257626999999999606e-01
1.464999999999999913e-01 8.515380000000000171e-01
1.474999999999999922e-01 8.779067000000000398e-01
1.484999999999999931e-01 9.048745000000000260e-01
1.494999999999999940e-01 9.324464999999999559e-01
1.504999999999999949e-01 9.606278999999999790e-01
1.514999999999999958e-01 9.894231999999999472e-01
1.524999999999999967e-01 1.018836999999999993e+00
1.534999999999999976e-01 1.048873299999999897e+00
1.544999999999999984e-01 1.079536000000000051e+00
1.554999999999999993e-01 1.110828300000000102e+00
1.565000000000000002e-01 1.142753499999999978e+00
1.575000000000000011e-01 1.175314299999999923e+00
1.585000000000000020e-01 1.208512899999999890e+00
1.595000000000000029e-01 1.242351299999999936e+00
1.605000000000000038e-01 1.276831000000000049e+00
1.615000000000000047e-01 1.311953099999999983e+00
1.625000000000000056e-01 1.347718399999999983e+00
1.635000000000000064e-01 1.384127000000000107e+00
1.645000000000000073e-01 1.421178700000000017e+00
1.655000000000000082e-01 1.458872799999999970e+00
1.665000000000000091e-01 1.497208199999999989e+00
1.675000000000000100e-01 1.536183199999999971e+00
1.685000000000000109e-01 1.575795599999999963e+00
1.695000000000000118e-01 1.616042699999999943e+00
1.705000000000000127e-01 1.656921400000000100e+00
1.715000000000000135e-01 1.698427799999999932e+00
1.724999999999999867e-01 1.740557799999999933e+00
1.734999999999999876e-01 1.783306499999999906e+00
1.744999999999999885e-01 1.826668500000000028e+00
1.754999999999999893e-01 1.870637899999999965e+00
1.764999999999999902e-01 1.915208000000000022e+00
1.774999999999999911e-01 1.960371800000000109e+00
1.784999999999999920e-01 2.006121499999999891e+00
1.794999999999999929e-01 2.052448899999999909e+00
1.804999999999999938e-01 2.099345099999999853e+00
1.814999999999999947e-01 2.146800400000000053e+00
1.824999999999999956e-01 2.194804800000000000e+00
1.834999999999999964e-01 2.243347500000000050e+00
1.844999999999999973e-01 2.292417100000000207e+00
1.854999999999999982e-01 2.342001600000000128e+00
1.864999999999999991e-01 2.392088499999999840e+00
1.875000000000000000e-01 2.442664399999999958e+00
1.885000000000000009e-01 2.493715400000000137e+00
1.895000000000000018e-01 2.545227099999999965e+00
1.905000000000000027e-01 2.597184400000000171e+00
1.915000000000000036e-01 2.649571499999999968e+00
1.925000000000000044e-01 2.702371900000000160e+00
1.935000000000000053e-01 2.755568799999999818e+00
1.945000000000000062e-01 2.809144499999999933e+00
1.955000000000000071e-01 2.863080800000000092e+00
1.965000000000000080e-01 2.917358899999999977e+00
1.975000000000000089e-01 2.971959299999999971e+00
1.985000000000000098e-01 3.026862200000000058e+00
1.995000000000000107e-01 3.082046800000000086e+00
2.005000000000000115e-01 3.137492099999999784e+00
2.015000000000000124e-01 3.193176300000000190e+00
2.025000000000000133e-01 3.249077300000000168e+00
2.034999999999999865e-01 3.305172000000000221e+00
2.044999999999999873e-01 3.361437399999999798e+00
2.054999999999999882e-01 3.417849499999999985e+00
2.064999999999999891e-01 3.474383899999999858e+00
2.074999999999999900e-01 3.531015899999999874e+00
2.084999999999999909e-01 3.587720200000000137e+00
2.094999999999999918e-01 3.644470999999999794e+00
2.104999999999999927e-01 3.701242099999999979e+00
2.114999999999999936e-01 3.758007000000000097e+00
2.124999999999999944e-01 3.814738699999999927e+00
2.134999999999999953e-01 3.871409799999999901e+00
2.144999999999999962e-01 3.927992600000000056e+00
2.154999999999999971e-01 3.984459100000000031e+00
2.164999999999999980e-01 4.040780800000000283e+00
2.174999999999999989e-01 4.096929099999999657e+00
2.184999999999999998e-01 4.152875100000000153e+00
2.195000000000000007e-01 4.208589599999999820e+00
2.205000000000000016e-01 4.264043199999999700e+00
2.215000000000000024e-01 4.319206300000000276e+00
2.225000000000000033e-01 4.374049199999999971e+00
2.235000000000000042e-01 4.428541899999999920e+00
2.245000000000000051e-01 4.482654499999999764e+00
2.255000000000000060e-01 4.536356800000000078e+00
2.265000000000000069e-01 4.589618699999999940e+00
2.275000000000000078e-01 4.642409899999999645e+00
2.285000000000000087e-01 4.694700199999999768e+00
2.295000000000000095e-01 4.746459500000000276e+00
2.305000000000000104e-01 4.797657599999999967e+00
2.315000000000000113e-01 4.848264399999999696e+00
2.325000000000000122e-01 4.898249999999999993e+00
2.335000000000000131e-01 4.947584499999999608e+00
2.344999999999999862e-01 4.996238400000000190e+00
2.354999999999999871e-01 5.044182099999999558e+00
2.364999999999999880e-01 5.091386400000000201e+00
2.374999999999999889e-01 5.137822400000000123e+00
2.384999999999999898e-01 5.183461300000000271e+00
2.394999999999999907e-01 5.228274800000000333e+00
2.404999999999999916e-01 5.272234799999999666e+00
2.414999999999999925e-01 5.315313800000000199e+00
2.424999999999999933e-01 5.357484399999999702e+00
2.434999999999999942e-01 5.398719800000000291e+00
2.444999999999999951e-01 5.438993700000000153e+00
2.454999999999999960e-01 5.478280200000000377e+00
2.464999999999999969e-01 5.516553799999999619e+00
2.474999999999999978e-01 5.553789899999999946e+00
2.484999999999999987e-01 5.589964199999999828e+00
2.494999999999999996e-01 5.625052900000000022e+00
2.505000000000000004e-01 5.659033100000000260e+00
2.515000000000000013e-01 5.691882299999999617e+00
2.525000000000000022e-01 5.723578999999999972e+00
2.535000000000000031e-01 5.754101900000000214e+00
2.545000000000000040e-01 5.783430899999999930e+00
2.555000000000000049e-01 5.811546400000000112e+00
2.565000000000000058e-01 5.838429500000000161e+00
2.575000000000000067e-01 5.864062299999999617e+00
2.585000000000000075e-01 5.888427599999999984e+00
2.595000000000000084e-01 5.911508900000000288e+00
2.605000000000000093e-01 5.933290699999999696e+00
2.615000000000000102e-01 5.953758399999999895e+00
2.625000000000000111e-01 5.972897999999999818e+00
2.635000000000000120e-01 5.990696800000000266e+00
2.645000000000000129e-01 6.007142599999999888e+00
2.655000000000000138e-01 6.022224399999999811e+00
2.665000000000000147e-01 6.035931899999999573e+00
2.675000000000000155e-01 6.048256099999999691e+00
2.685000000000000164e-01 6.059188500000000310e+00
2.695000000000000173e-01 6.068722000000000172e+00
2.705000000000000182e-01 6.076850099999999699e+00
2.715000000000000191e-01 6.083567500000000017e+00
2.725000000000000200e-01 6.088869800000000332e+00
2.735000000000000209e-01 6.092753599999999992e+00
2.745000000000000218e-01 6.095216500000000259e+00
2.755000000000000226e-01 6.096257200000000154e+00
2.765000000000000235e-01 6.095875200000000049e+00
2.775000000000000244e-01 6.094070999999999572e+00
2.785000000000000253e-01 6.090846299999999935e+00
2.795000000000000262e-01 6.086203600000000158e+00
2.805000000000000271e-01 6.080146599999999957e+00
2.814999999999999725e-01 6.072679599999999844e+00
2.824999999999999734e-01 6.063808400000000098e+00
2.834999999999999742e-01 6.053539200000000342e+00
2.844999999999999751e-01 6.041879699999999964e+00
2.854999999999999760e-01 6.028838200000000036e+00
2.864999999999999769e-01 6.014424100000000273e+00
2.874999999999999778e-01 5.998647599999999969e+00
2.884999999999999787e-01 5.981519999999999726e+00
2.894999999999999796e-01 5.963053399999999726e+00
2.904999999999999805e-01 5.943260699999999730e+00
2.914999999999999813e-01 5.922156000000000198e+00
2.924999999999999822e-01 5.899753900000000328e+00
2.934999999999999831e-01 5.876070099999999741e+00
2.944999999999999840e-01 5.851120899999999736e+00
2.954999999999999849e-01 5.824923599999999979e+00
2.964999999999999858e-01 5.797496200000000321e+00
2.974999999999999867e-01 5.768857500000000194e+00
2.984999999999999876e-01 5.739027100000000381e+00
2.994999999999999885e-01 5.708025100000000407e+00
3.004999999999999893e-01 5.675872599999999935e+00
3.014999999999999902e-01 5.642591200000000029e+00
3.024999999999999911e-01 5.608203200000000166e+00
3.034999999999999920e-01 5.572731499999999727e+00
3.044999999999999929e-01 5.536199599999999776e+00
3.054999999999999938e-01 5.498631600000000397e+00
3.064999999999999947e-01 5.460052199999999800e+00
3.074999999999999956e-01 5.420486600000000266e+00
3.084999999999999964e-01 5.379960399999999865e+00
3.094999999999999973e-01 5.338499800000000128e+00
3.104999999999999982e-01 5.296131299999999875e+00
3.114999999999999991e-01 5.252881999999999607e+00
3.125000000000000000e-01 5.208779299999999779e+00
3.135000000000000009e-01 5.163850799999999630e+00
3.145000000000000018e-01 5.118124700000000082e+00
3.155000000000000027e-01 5.071629299999999674e+00
3.165000000000000036e-01 5.024393299999999840e+00
3.175000000000000044e-01 4.976445599999999914e+00
3.185000000000000053e-01 4.927815100000000115e+00
3.195000000000000062e-01 4.878531299999999682e+00
3.205000000000000071e-01 4.828623499999999957e+00
3.215000000000000080e-01 4.778121299999999572e+00
3.225000000000000089e-01 4.727054400000000101e+00
3.235000000000000098e-01 4.675452400000000175e+00
3.245000000000000107e-01 4.623345099999999874e+00
3.255000000000000115e-01 4.570762399999999559e+00
3.265000000000000124e-01 4.517733800000000244e+00
3.275000000000000133e-01 4.464289299999999905e+00
3.285000000000000142e-01 4.410458300000000165e+00
3.295000000000000151e-01 4.356270499999999934e+00
3.305000000000000160e-01 4.301755299999999949e+00
3.315000000000000169e-01 4.246941999999999773e+00
3.325000000000000178e-01 4.191859599999999908e+00
3.335000000000000187e-01 4.136537099999999967e+00
3.345000000000000195e-01 4.081003100000000217e+00
3.355000000000000204e-01 4.025286200000000036e+00
3.365000000000000213e-01 3.969414500000000068e+00
3.375000000000000222e-01 3.913415800000000111e+00
3.385000000000000231e-01 3.857317899999999966e+00
3.395000000000000240e-01 3.801147799999999854e+00
3.405000000000000249e-01 3.744932499999999997e+00
3.415000000000000258e-01 3.688698599999999939e+00
3.425000000000000266e-01 3.632472100000000204e+00
3.435000000000000275e-01 3.576278799999999869e+00
3.444999999999999729e-01 3.520144000000000162e+00
3.454999999999999738e-01 3.464092500000000019e+00
3.464999999999999747e-01 3.408148800000000200e+00
3.474999999999999756e-01 3.352336799999999783e+00
3.484999999999999765e-01 3.296679800000000160e+00
3.494999999999999774e-01 3.241201000000000221e+00
3.504999999999999782e-01 3.185922699999999885e+00
3.514999999999999791e-01 3.130866800000000172e+00
3.524999999999999800e-01 3.076054599999999972e+00
3.534999999999999809e-01 3.021507100000000001e+00
3.544999999999999818e-01 2.967244500000000063e+00
3.554999999999999827e-01 2.913286400000000054e+00
3.564999999999999836e-01 2.859652099999999919e+00
3.574999999999999845e-01 2.806360100000000024e+00
3.584999999999999853e-01 2.753428400000000220e+00
3.594999999999999862e-01 2.700874300000000172e+00
3.604999999999999871e-01 2.648714700000000200e+00
3.614999999999999880e-01 2.596965799999999991e+00
3.624999999999999889e-01 2.545643099999999937e+00
3.634999999999999898e-01 2.494761700000000193e+00
3.644999999999999907e-01 2.444335900000000006e+00
3.654999999999999916e-01 2.394379499999999883e+00
3.664999999999999925e-01 2.344905799999999818e+00
3.674999999999999933e-01 2.295927299999999782e+00
3.684999999999999942e-01 2.247455899999999840e+00
3.694999999999999951e-01 2.199502999999999986e+00
3.704999999999999960e-01 2.152079399999999865e+00
3.714999999999999969e-01 2.105195399999999939e+00
3.724999999999999978e-01 2.058860300000000088e+00
3.734999999999999987e-01 2.013083299999999909e+00
3.744999999999999996e-01 1.967872800000000089e+00
3.755000000000000004e-01 1.923236500000000015e+00
3.765000000000000013e-01 1.879181800000000013e+00
3.775000000000000022e-01 1.835715299999999939e+00
3.785000000000000031e-01 1.792843299999999918e+00
3.795000000000000040e-01 1.750571099999999936e+00
3.805000000000000049e-01 1.708903999999999979e+00
3.815000000000000058e-01 1.667846500000000010e+00
3.825000000000000067e-01 1.627402400000000027e+00
3.835000000000000075e-01 1.587575299999999912e+00
3.845000000000000084e-01 1.548368200000000083e+00
3.855000000000000093e-01 1.509783499999999945e+00
3.865000000000000102e-01 1.471823199999999998e+00
3.875000000000000111e-01 1.434488699999999950e+00
3.885000000000000120e-01 1.397781200000000057e+00
3.895000000000000129e-01 1.361701199999999945e+00
3.905000000000000138e-01 1.326248799999999894e+00
3.915000000000000147e-01 1.291423800000000011e+00
3.925000000000000155e-01 1.257225400000000048e+00
3.935000000000000164e-01 1.223652500000000032e+00
3.945000000000000173e-01 1.190703700000000032e+00
3.955000000000000182e-01 1.158376899999999932e+00
3.965000000000000191e-01 1.126670000000000060e+00
3.975000000000000200e-01 1.095580299999999951e+00
3.985000000000000209e-01 1.065104700000000015e+00
3.995000000000000218e-01 1.035240099999999996e+00
4.005000000000000226e-01 1.005982699999999896e+00
4.015000000000000235e-01 9.773285999999999918e-01
4.025000000000000244e-01 9.492736000000000507e-01
4.035000000000000253e-01 9.218131000000000519e-01
4.045000000000000262e-01 8.949422999999999684e-01
4.055000000000000271e-01 8.686561999999999895e-01
4.064999999999999725e-01 8.429493999999999598e-01
4.074999999999999734e-01 8.178163000000000515e-01
4.084999999999999742e-01 7.932512999999999925e-01
4.094999999999999751e-01 7.692482999999999960e-01
4.104999999999999760e-01 7.458010999999999946e-01
4.114999999999999769e-01 7.229033999999999738e-01
4.124999999999999778e-01 7.005485999999999658e-01
4.134999999999999787e-01 6.787298999999999971e-01
4.144999999999999796e-01 6.574406000000000416e-01
4.154999999999999805e-01 6.366735000000000033e-01
4.164999999999999813e-01 6.164216000000000140e-01
4.174999999999999822e-01 5.966774999999999718e-01
4.184999999999999831e-01 5.774339000000000555e-01
4.194999999999999840e-01 5.586832999999999938e-01
4.204999999999999849e-01 5.404181000000000124e-01
4.214999999999999858e-01 5.226307000000000036e-01
4.224999999999999867e-01 5.053132999999999653e-01
4.234999999999999876e-01 4.884582000000000090e-01
4.244999999999999885e-01 4.720575000000000188e-01
4.254999999999999893e-01 4.561031999999999864e-01
4.264999999999999902e-01 4.405876000000000237e-01
4.274999999999999911e-01 4.255026000000000086e-01
4.284999999999999920e-01 4.108401999999999887e-01
4.294999999999999929e-01 3.965926000000000173e-01
4.304999999999999938e-01 3.827516999999999725e-01
4.314999999999999947e-01 3.693094000000000099e-01
4.324999999999999956e-01 3.562579000000000162e-01
4.334999999999999964e-01 3.435892999999999864e-01
4.344999999999999973e-01 3.312955000000000205e-01
4.354999999999999982e-01 3.193686000000000025e-01
4.364999999999999991e-01 3.078008999999999884e-01
4.375000000000000000e-01 2.965844000000000258e-01
4.385000000000000009e-01 2.857115000000000071e-01
4.395000000000000018e-01 2.751742999999999828e-01
4.405000000000000027e-01 2.649653000000000147e-01
4.415000000000000036e-01 2.550767999999999924e-01
4.425000000000000044e-01 2.455014000000000085e-01
4.435000000000000053e-01 2.362314000000000080e-01
4.445000000000000062e-01 2.272596000000000060e-01
4.455000000000000071e-01 2.185786999999999869e-01
4.465000000000000080e-01 2.101813999999999905e-01
4.475000000000000089e-01 2.020606000000000069e-01
4.485000000000000098e-01 1.942091999999999985e-01
4.495000000000000107e-01 1.866202999999999890e-01
4.505000000000000115e-01 1.792871000000000048e-01
4.515000000000000124e-01 1.722026999999999863e-01
4.525000000000000133e-01 1.653604999999999936e-01
4.535000000000000142e-01 1.587539000000000033e-01
4.545000000000000151e-01 1.523764999999999981e-01
4.555000000000000160e-01 1.462218999999999880e-01
4.565000000000000169e-01 1.402838999999999892e-01
4.575000000000000178e-01 1.345563999999999927e-01
4.585000000000000187e-01 1.290331999999999868e-01
4.595000000000000195e-01 1.237084999999999990e-01
4.605000000000000204e-01 1.185765000000000013e-01
4.615000000000000213e-01 1.136314999999999964e-01
4.625000000000000222e-01 1.088678000000000007e-01
4.635000000000000231e-01 1.042799999999999977e-01
4.645000000000000240e-01 9.986280000000000157e-02
4.655000000000000249e-01 9.561089999999999867e-02
4.665000000000000258e-01 9.151910000000000600e-02
4.675000000000000266e-01 8.758249999999999369e-02
4.685000000000000275e-01 8.379599999999999549e-02
4.694999999999999729e-01 8.015500000000000402e-02
4.704999999999999738e-01 7.665470000000000617e-02
4.714999999999999747e-01 7.329049999999999454e-02
4.724999999999999756e-01 7.005799999999999528e-02
4.734999999999999765e-01 6.695270000000000388e-02
4.744999999999999774e-01 6.397049999999999959e-02
4.754999999999999782e-01 6.110720000000000041e-02
4.764999999999999791e-01 5.835880000000000234e-02
4.774999999999999800e-01 5.572119999999999851e-02
4.784999999999999809e-01 5.319070000000000048e-02
4.794999999999999818e-01 5.076350000000000307e-02
4.804999999999999827e-01 4.843599999999999989e-02
4.814999999999999836e-01 4.620470000000000133e-02
4.824999999999999845e-01 4.406619999999999981e-02
4.834999999999999853e-01 4.201699999999999879e-02
4.844999999999999862e-01 4.005399999999999933e-02
4.854999999999999871e-01 3.817389999999999672e-02
4.864999999999999880e-01 3.637379999999999780e-02
4.874999999999999889e-01 3.465069999999999956e-02
4.884999999999999898e-01 3.300170000000000187e-02
4.894999999999999907e-01 3.142400000000000054e-02
4.904999999999999916e-01 2.991479999999999834e-02
4.914999999999999925e-01 2.847169999999999909e-02
4.924999999999999933e-01 2.709200000000000150e-02
4.934999999999999942e-01 2.577319999999999958e-02
4.944999999999999951e-01 2.451309999999999947e-02
4.954999999999999960e-01 2.330919999999999867e-02
4.964999999999999969e-01 2.215939999999999924e-02
4.974999999999999978e-01 2.106150000000000036e-02
4.984999999999999987e-01 2.001350000000000004e-02
4.994999999999999996e-01 1.901320000000000093e-02
5.004999999999999449e-01 1.805889999999999926e-02
5.014999999999999458e-01 1.714850000000000055e-02
5.024999999999999467e-01 1.628020000000000161e-02
5.034999999999999476e-01 1.545239999999999982e-02
5.044999999999999485e-01 1.466340000000000005e-02
5.054999999999999494e-01 1.391150000000000025e-02
5.064999999999999503e-01 1.319509999999999954e-02
5.074999999999999512e-01 1.251269999999999986e-02
5.084999999999999520e-01 1.186289999999999914e-02
5.094999999999999529e-01 1.124430000000000048e-02
5.104999999999999538e-01 1.065550000000000004e-02
5.114999999999999547e-01 1.009529999999999976e-02
5.124999999999999556e-01 9.562299999999999273e-03
5.134999999999999565e-01 9.055399999999999908e-03
5.144999999999999574e-01 8.573400000000000118e-03
5.154999999999999583e-01 8.115199999999999497e-03
5.164999999999999591e-01 7.679700000000000241e-03
5.174999999999999600e-01 7.265899999999999616e-03
5.184999999999999609e-01 6.872900000000000363e-03
5.194999999999999618e-01 6.499600000000000342e-03
5.204999999999999627e-01 6.145199999999999968e-03
5.214999999999999636e-01 5.808800000000000248e-03
5.224999999999999645e-01 5.489599999999999862e-03
5.234999999999999654e-01 5.186699999999999817e-03
5.244999999999999662e-01 4.899399999999999936e-03
5.254999999999999671e-01 4.627000000000000036e-03
5.264999999999999680e-01 4.368699999999999667e-03
5.274999999999999689e-01 4.123899999999999788e-03
5.284999999999999698e-01 3.891899999999999787e-03
5.294999999999999707e-01 3.672100000000000190e-03
5.304999999999999716e-01 3.464000000000000065e-03
5.314999999999999725e-01 3.266799999999999825e-03
5.324999999999999734e-01 3.080299999999999792e-03
5.334999999999999742e-01 2.903699999999999944e-03
5.344999999999999751e-01 2.736600000000000057e-03
5.354999999999999760e-01 2.578500000000000063e-03
5.364999999999999769e-01 2.429000000000000169e-03
5.374999999999999778e-01 2.287599999999999877e-03
5.384999999999999787e-01 2.154000000000000099e-03
5.394999999999999796e-01 2.027699999999999902e-03
5.404999999999999805e-01 1.908399999999999984e-03
5.414999999999999813e-01 1.795699999999999900e-03
5.424999999999999822e-01 1.689299999999999916e-03
5.434999999999999831e-01 1.588800000000000021e-03
5.444999999999999840e-01 1.493900000000000046e-03
5.454999999999999849e-01 1.404400000000000093e-03
5.464999999999999858e-01 1.319999999999999993e-03
5.474999999999999867e-01 1.240299999999999953e-03
5.484999999999999876e-01 1.165199999999999916e-03
5.494999999999999885e-01 1.094399999999999930e-03
5.504999999999999893e-01 1.027600000000000041e-03
5.514999999999999902e-01 9.646999999999999759e-04
5.524999999999999911e-01 9.054999999999999464e-04
5.534999999999999920e-01 8.496999999999999996e-04
5.544999999999999929e-01 7.971000000000000221e-04
5.554999999999999938e-01 7.475999999999999573e-04
5.564999999999999947e-01 7.010999999999999654e-04
5.574999999999999956e-01 6.572000000000000368e-04
5.584999999999999964e-01 6.160000000000000111e-04
5.594999999999999973e-01 5.772999999999999920e-04
5.604999999999999982e-01 5.408000000000000263e-04
5.614999999999999991e-01 5.065000000000000058e-04
5.625000000000000000e-01 4.742999999999999820e-04
5.635000000000000009e-01 4.441000000000000069e-04
5.645000000000000018e-01 4.157000000000000213e-04
5.655000000000000027e-01 3.890000000000000228e-04
5.665000000000000036e-01 3.639000000000000090e-04
5.675000000000000044e-01 3.403999999999999799e-04
5.685000000000000053e-01 3.182999999999999849e-04
5.695000000000000062e-01 2.976000000000000238e-04
5.705000000000000071e-01 2.781999999999999859e-04
5.715000000000000080e-01 2.598999999999999748e-04
5.725000000000000089e-01 2.428999999999999953e-04
5.735000000000000098e-01 2.268000000000000105e-04
5.745000000000000107e-01 2.117999999999999983e-04
5.755000000000000115e-01 1.978000000000000103e-04
5.765000000000000124e-01 1.845999999999999876e-04
5.775000000000000133e-01 1.722999999999999868e-04
5.785000000000000142e-01 1.607000000000000030e-04
5.795000000000000151e-01 1.499000000000000115e-04
5.805000000000000160e-01 1.398000000000000100e-04
5.815000000000000169e-01 1.303999999999999983e-04
5.825000000000000178e-01 1.214999999999999988e-04
5.835000000000000187e-01 1.133000000000000028e-04
5.845000000000000195e-01 1.055000000000000030e-04
5.855000000000000204e-01 9.830000000000000413e-05
5.865000000000000213e-01 9.150000000000000147e-05
5.875000000000000222e-01 8.519999999999999742e-05
5.885000000000000231e-01 7.930000000000000308e-05
5.895000000000000240e-01 7.380000000000000492e-05
5.905000000000000249e-01 6.870000000000000293e-05
5.915000000000000258e-01 6.389999999999999467e-05
5.925000000000000266e-01 5.940000000000000049e-05
5.935000000000000275e-01 5.530000000000000247e-05
5.945000000000000284e-01 5.140000000000000254e-05
5.955000000000000293e-01 4.770000000000000070e-05
5.965000000000000302e-01 4.440000000000000180e-05
5.975000000000000311e-01 4.119999999999999856e-05
5.985000000000000320e-01 3.830000000000000261e-05
5.995000000000000329e-01 3.550000000000000231e-05
6.005000000000000338e-01 3.300000000000000253e-05
6.015000000000000346e-01 3.059999999999999840e-05
6.025000000000000355e-01 2.839999999999999914e-05
6.035000000000000364e-01 2.629999999999999892e-05
6.045000000000000373e-01 2.440000000000000017e-05
6.055000000000000382e-01 2.269999999999999950e-05
6.065000000000000391e-01 2.099999999999999884e-05
6.075000000000000400e-01 1.949999999999999965e-05
6.085000000000000409e-01 1.800000000000000046e-05
6.095000000000000417e-01 1.669999999999999935e-05
6.105000000000000426e-01 1.550000000000000068e-05
6.115000000000000435e-01 1.430000000000000031e-05
6.125000000000000444e-01 1.329999999999999972e-05
6.135000000000000453e-01 1.230000000000000082e-05
6.145000000000000462e-01 1.139999999999999927e-05
6.155000000000000471e-01 1.049999999999999942e-05
6.165000000000000480e-01 9.700000000000000302e-06
6.175000000000000488e-01 9.000000000000000228e-06
6.185000000000000497e-01 8.300000000000000154e-06
6.195000000000000506e-01 7.700000000000000816e-06
6.205000000000000515e-01 7.099999999999999785e-06
6.215000000000000524e-01 6.600000000000000337e-06
6.225000000000000533e-01 6.100000000000000042e-06
6.235000000000000542e-01 5.599999999999999747e-06
6.245000000000000551e-01 5.200000000000000188e-06
6.254999999999999449e-01 4.799999999999999783e-06
6.264999999999999458e-01 4.400000000000000224e-06
6.274999999999999467e-01 4.099999999999999709e-06
6.284999999999999476e-01 3.700000000000000150e-06
6.294999999999999485e-01 3.400000000000000058e-06
6.304999999999999494e-01 3.199999999999999855e-06
6.314999999999999503e-01 2.900000000000000186e-06
6.324999999999999512e-01 2.699999999999999984e-06
6.334999999999999520e-01 2.500000000000000205e-06
6.344999999999999529e-01 2.300000000000000002e-06
6.354999999999999538e-01 2.099999999999999799e-06
6.364999999999999547e-01 1.900000000000000020e-06
6.374999999999999556e-01 1.799999999999999919e-06
6.384999999999999565e-01 1.599999999999999928e-06
6.394999999999999574e-01 1.500000000000000038e-06
6.404999999999999583e-01 1.399999999999999937e-06
6.414999999999999591e-01 1.300000000000000047e-06
6.424999999999999600e-01 1.199999999999999946e-06
6.434999999999999609e-01 1.100000000000000056e-06
6.444999999999999618e-01 9.999999999999999547e-07
6.454999999999999627e-01 8.999999999999999593e-07
6.464999999999999636e-01 7.999999999999999638e-07
6.474999999999999645e-01 7.999999999999999638e-07
6.484999999999999654e-01 6.999999999999999683e-07
6.494999999999999662e-01 5.999999999999999728e-07
6.504999999999999671e-01 5.999999999999999728e-07
6.514999999999999680e-01 4.999999999999999774e-07
6.524999999999999689e-01 4.999999999999999774e-07
6.534999999999999698e-01 4.999999999999999774e-07
6.544999999999999707e-01 3.999999999999999819e-07
6.554999999999999716e-01 3.999999999999999819e-07
6.564999999999999725e-01 3.999999999999999819e-07
6.574999999999999734e-01 2.999999999999999864e-07
6.584999999999999742e-01 2.999999999999999864e-07
6.594999999999999751e-01 2.999999999999999864e-07
6.604999999999999760e-01 1.999999999999999909e-07
6.614999999999999769e-01 1.999999999999999909e-07
6.624999999999999778e-01 1.999999999999999909e-07
6.634999999999999787e-01 1.999999999999999909e-07
6.644999999999999796e-01 1.999999999999999909e-07
6.654999999999999805e-01 1.999999999999999909e-07
6.664999999999999813e-01 9.999999999999999547e-08
6.674999999999999822e-01 9.999999999999999547e-08
6.684999999999999831e-01 9.999999999999999547e-08
6.694999999999999840e-01 9.999999999999999547e-08
6.704999999999999849e-01 9.999999999999999547e-08
6.714999999999999858e-01 9.999999999999999547e-08
6.724999999999999867e-01 9.999999999999999547e-08
6.734999999999999876e-01 9.999999999999999547e-08
6.744999999999999885e-01 9.999999999999999547e-08
6.754999999999999893e-01 9.999999999999999547e-08
6.764999999999999902e-01 9.999999999999999547e-08
6.774999999999999911e-01 9.999999999999999547e-08
6.784999999999999920e-01 0.000000000000000000e+00
6.794999999999999929e-01 0.000000000000000000e+00
6.804999999999999938e-01 0.000000000000000000e+00
6.814999999999999947e-01 0.000000000000000000e+00
6.824999999999999956e-01 0.000000000000000000e+00
6.834999999999999964e-01 0.000000000000000000e+00
6.844999999999999973e-01 0.000000000000000000e+00
6.854999999999999982e-01 0.000000000000000000e+00
6.864999999999999991e-01 0.000000000000000000e+00
6.875000000000000000e-01 0.000000000000000000e+00
6.885000000000000009e-01 0.000000000000000000e+00
6.895000000000000018e-01 0.000000000000000000e+00
6.905000000000000027e-01 0.000000000000000000e+00
6.915000000000000036e-01 0.000000000000000000e+00
6.925000000000000044e-01 0.000000000000000000e+00
6.935000000000000053e-01 0.000000000000000000e+00
6.945000000000000062e-01 0.000000000000000000e+00
6.955000000000000071e-01 0.000000000000000000e+00
6.965000000000000080e-01 0.000000000000000000e+00
6.975000000000000089e-01 0.000000000000000000e+00
6.985000000000000098e-01 0.000000000000000000e+00
6.995000000000000107e-01 0.000000000000000000e+00
7.005000000000000115e-01 0.000000000000000000e+00
7.015000000000000124e-01 0.000000000000000000e+00
7.025000000000000133e-01 0.000000000000000000e+00
7.035000000000000142e-01 0.000000000000000000e+00
7.045000000000000151e-01 0.000000000000000000e+00
7.055000000000000160e-01 0.000000000000000000e+00
7.065000000000000169e-01 0.000000000000000000e+00
7.075000000000000178e-01 0.000000000000000000e+00
7.085000000000000187e-01 0.000000000000000000e+00
7.095000000000000195e-01 0.000000000000000000e+00
7.105000000000000204e-01 0.000000000000000000e+00
7.115000000000000213e-01 0.000000000000000000e+00
7.125000000000000222e-01 0.000000000000000000e+00
7.135000000000000231e-01 0.000000000000000000e+00
7.145000000000000240e-01 0.000000000000000000e+00
7.155000000000000249e-01 0.000000000000000000e+00
7.165000000000000258e-01 0.000000000000000000e+00
7.175000000000000266e-01 0.000000000000000000e+00
7.185000000000000275e-01 0.000000000000000000e+00
7.195000000000000284e-01 0.000000000000000000e+00
7.205000000000000293e-01 0.000000000000000000e+00
7.215000000000000302e-01 0.000000000000000000e+00
7.225000000000000311e-01 0.000000000000000000e+00
7.235000000000000320e-01 0.000000000000000000e+00
7.245000000000000329e-01 0.000000000000000000e+00
7.255000000000000338e-01 0.000000000000000000e+00
7.265000000000000346e-01 0.000000000000000000e+00
7.275000000000000355e-01 0.000000000000000000e+00
7.285000000000000364e-01 0.000000000000000000e+00
7.295000000000000373e-01 0.000000000000000000e+00
7.305000000000000382e-01 0.000000000000000000e+00
7.315000000000000391e-01 0.000000000000000000e+00
7.325000000000000400e-01 0.000000000000000000e+00
7.335000000000000409e-01 0.000000000000000000e+00
7.345000000000000417e-01 0.000000000000000000e+00
7.355000000000000426e-01 0.000000000000000000e+00
7.365000000000000435e-01 0.000000000000000000e+00
7.375000000000000444e-01 0.000000000000000000e+00
7.385000000000000453e-01 0.000000000000000000e+00
7.395000000000000462e-01 0.000000000000000000e+00
7.405000000000000471e-01 0.000000000000000000e+00
7.415000000000000480e-01 0.000000000000000000e+00
7.425000000000000488e-01 0.000000000000000000e+00
7.435000000000000497e-01 0.000000000000000000e+00
7.445000000000000506e-01 0.000000000000000000e+00
7.455000000000000515e-01 0.000000000000000000e+00
7.465000000000000524e-01 0.000000000000000000e+00
7.475000000000000533e-01 0.000000000000000000e+00
7.485000000000000542e-01 0.000000000000000000e+00
7.495000000000000551e-01 0.000000000000000000e+00
7.504999999999999449e-01 0.000000000000000000e+00
7.514999999999999458e-01 0.000000000000000000e+00
7.524999999999999467e-01 0.000000000000000000e+00
7.534999999999999476e-01 0.000000000000000000e+00
7.544999999999999485e-01 0.000000000000000000e+00
7.554999999999999494e-01 0.000000000000000000e+00
7.564999999999999503e-01 0.000000000000000000e+00
7.574999999999999512e-01 0.000000000000000000e+00
7.584999999999999520e-01 0.000000000000000000e+00
7.594999999999999529e-01 0.000000000000000000e+00
7.604999999999999538e-01 0.000000000000000000e+00
7.614999999999999547e-01 0.000000000000000000e+00
7.624999999999999556e-01 0.000000000000000000e+00
7.634999999999999565e-01 0.000000000000000000e+00
7.644999999999999574e-01 0.000000000000000000e+00
7.654999999999999583e-01 0.000000000000000000e+00
7.664999999999999591e-01 0.000000000000000000e+00
7.674999999999999600e-01 0.000000000000000000e+00
7.684999999999999609e-01 0.000000000000000000e+00
7.694999999999999618e-01 0.000000000000000000e+00
7.704999999999999627e-01 0.000000000000000000e+00
7.714999999999999636e-01 0.000000000000000000e+00
7.724999999999999645e-01 0.000000000000000000e+00
7.734999999999999654e-01 0.000000000000000000e+00
7.744999999999999662e-01 0.000000000000000000e+00
7.754999999999999671e-01 0.000000000000000000e+00
7.764999999999999680e-01 0.000000000000000000e+00
7.774999999999999689e-01 0.000000000000000000e+00
7.784999999999999698e-01 0.000000000000000000e+00
7.794999999999999707e-01 0.000000000000000000e+00
7.804999999999999716e-01 0.000000000000000000e+00
7.814999999999999725e-01 0.000000000000000000e+00
7.824999999999999734e-01 0.000000000000000000e+00
7.834999999999999742e-01 0.000000000000000000e+00
7.844999999999999751e-01 0.000000000000000000e+00
7.854999999999999760e-01 0.000000000000000000e+00
7.864999999999999769e-01 0.000000000000000000e+00
7.874999999999999778e-01 0.000000000000000000e+00
7.884999999999999787e-01 0.000000000000000000e+00
7.894999999999999796e-01 0.000000000000000000e+00
7.904999999999999805e-01 0.000000000000000000e+00
7.914999999999999813e-01 0.000000000000000000e+00
7.924999999999999822e-01 0.000000000000000000e+00
7.934999999999999831e-01 0.000000000000000000e+00
7.944999999999999840e-01 0.000000000000000000e+00
7.954999999999999849e-01 0.000000000000000000e+00
7.964999999999999858e-01 0.000000000000000000e+00
7.974999999999999867e-01 0.000000000000000000e+00
7.984999999999999876e-01 0.000000000000000000e+00
7.994999999999999885e-01 0.000000000000000000e+00
8.004999999999999893e-01 0.000000000000000000e+00
8.014999999999999902e-01 0.000000000000000000e+00
8.024999999999999911e-01 0.000000000000000000e+00
8.034999999999999920e-01 0.000000000000000000e+00
8.044999999999999929e-01 0.000000000000000000e+00
8.054999999999999938e-01 0.000000000000000000e+00
8.064999999999999947e-01 0.000000000000000000e+00
8.074999999999999956e-01 0.000000000000000000e+00
8.084999999999999964e-01 0.000000000000000000e+00
8.094999999999999973e-01 0.000000000000000000e+00
8.104999999999999982e-01 0.000000000000000000e+00
8.114999999999999991e-01 0.000000000000000000e+00
8.125000000000000000e-01 0.000000000000000000e+00
8.135000000000000009e-01 0.000000000000000000e+00
8.145000000000000018e-01 0.000000000000000000e+00
8.155000000000000027e-01 0.000000000000000000e+00
8.165000000000000036e-01 0.000000000000000000e+00
8.175000000000000044e-01 0.000000000000000000e+00
8.185000000000000053e-01 0.000000000000000000e+00
8.195000000000000062e-01 0.000000000000000000e+00
8.205000000000000071e-01 0.000000000000000000e+00
8.215000000000000080e-01 0.000000000000000000e+00
8.225000000000000089e-01 0.000000000000000000e+00
8.235000000000000098e-01 0.000000000000000000e+00
8.245000000000000107e-01 0.000000000000000000e+00
8.255000000000000115e-01 0.000000000000000000e+00
8.265000000000000124e-01 0.000000000000000000e+00
8.275000000000000133e-01 0.000000000000000000e+00
8.285000000000000142e-01 0.000000000000000000e+00
8.295000000000000151e-01 0.000000000000000000e+00
8.305000000000000160e-01 0.000000000000000000e+00
8.315000000000000169e-01 0.000000000000000000e+00
8.325000000000000178e-01 0.000000000000000000e+00
8.335000000000000187e-01 0.000000000000000000e+00
8.345000000000000195e-01 0.000000000000000000e+00
8.355000000000000204e-01 0.000000000000000000e+00
8.365000000000000213e-01 0.000000000000000000e+00
8.375000000000000222e-01 0.000000000000000000e+00
8.385000000000000231e-01 0.000000000000000000e+00
8.395000000000000240e-01 0.000000000000000000e+00
8.405000000000000249e-01 0.000000000000000000e+00
8.415000000000000258e-01 0.000000000000000000e+00
8.425000000000000266e-01 0.000000000000000000e+00
8.435000000000000275e-01 0.000000000000000000e+00
8.445000000000000284e-01 0.000000000000000000e+00
8.455000000000000293e-01 0.000000000000000000e+00
8.465000000000000302e-01 0.000000000000000000e+00
8.475000000000000311e-01 0.000000000000000000e+00
8.485000000000000320e-01 0.000000000000000000e+00
8.495000000000000329e-01 0.000000000000000000e+00
8.505000000000000338e-01 0.000000000000000000e+00
8.515000000000000346e-01 0.000000000000000000e+00
8.525000000000000355e-01 0.000000000000000000e+00
8.535000000000000364e-01 0.000000000000000000e+00
8.545000000000000373e-01 0.000000000000000000e+00
8.555000000000000382e-01 0.000000000000000000e+00
8.565000000000000391e-01 0.000000000000000000e+00
8.575000000000000400e-01 0.000000000000000000e+00
8.585000000000000409e-01 0.000000000000000000e+00
8.595000000000000417e-01 0.000000000000000000e+00
8.605000000000000426e-01 0.000000000000000000e+00
8.615000000000000435e-01 0.000000000000000000e+00
8.625000000000000444e-01 0.000000000000000000e+00
8.635000000000000453e-01 0.000000000000000000e+00
8.645000000000000462e-01 0.000000000000000000e+00
8.655000000000000471e-01 0.000000000000000000e+00
8.665000000000000480e-01 0.000000000000000000e+00
8.675000000000000488e-01 0.000000000000000000e+00
8.685000000000000497e-01 0.000000000000000000e+00
8.695000000000000506e-01 0.000000000000000000e+00
8.705000000000000515e-01 0.000000000000000000e+00
8.715000000000000524e-01 0.000000000000000000e+00
8.725000000000000533e-01 0.000000000000000000e+00
8.735000000000000542e-01 0.000000000000000000e+00
8.745000000000000551e-01 0.000000000000000000e+00
8.754999999999999449e-01 0.000000000000000000e+00
8.764999999999999458e-01 0.000000000000000000e+00
8.774999999999999467e-01 0.000000000000000000e+00
8.784999999999999476e-01 0.000000000000000000e+00
8.794999999999999485e-01 0.000000000000000000e+00
8.804999999999999494e-01 0.000000000000000000e+00
8.814999999999999503e-01 0.000000000000000000e+00
8.824999999999999512e-01 0.000000000000000000e+00
8.834999999999999520e-01 0.000000000000000000e+00
8.844999999999999529e-01 0.000000000000000000e+00
8.854999999999999538e-01 0.000000000000000000e+00
8.864999999999999547e-01 0.000000000000000000e+00
8.874999999999999556e-01 0.000000000000000000e+00
8.884999999999999565e-01 0.000000000000000000e+00
8.894999999999999574e-01 0.000000000000000000e+00
8.904999999999999583e-01 0.000000000000000000e+00
8.914999999999999591e-01 0.000000000000000000e+00
8.924999999999999600e-01 0.000000000000000000e+00
8.934999999999999609e-01 0.000000000000000000e+00
8.944999999999999618e-01 0.000000000000000000e+00
8.954999999999999627e-01 0.000000000000000000e+00
8.964999999999999636e-01 0.000000000000000000e+00
8.974999999999999645e-01 0.000000000000000000e+00
8.984999999999999654e-01 0.000000000000000000e+00
8.994999999999999662e-01 0.000000000000000000e+00
9.004999999999999671e-01 0.000000000000000000e+00
9.014999999999999680e-01 0.000000000000000000e+00
9.024999999999999689e-01 0.000000000000000000e+00
9.034999999999999698e-01 0.000000000000000000e+00
9.044999999999999707e-01 0.000000000000000000e+00
9.054999999999999716e-01 0.000000000000000000e+00
9.064999999999999725e-01 0.000000000000000000e+00
9.074999999999999734e-01 0.000000000000000000e+00
9.084999999999999742e-01 0.000000000000000000e+00
9.094999999999999751e-01 0.000000000000000000e+00
9.104999999999999760e-01 0.000000000000000000e+00
9.114999999999999769e-01 0.000000000000000000e+00
9.124999999999999778e-01 0.000000000000000000e+00
9.134999999999999787e-01 0.000000000000000000e+00
9.144999999999999796e-01 0.000000000000000000e+00
9.154999999999999805e-01 0.000000000000000000e+00
9.164999999999999813e-01 0.000000000000000000e+00
9.174999999999999822e-01 0.000000000000000000e+00
9.184999999999999831e-01 0.000000000000000000e+00
9.194999999999999840e-01 0.000000000000000000e+00
9.204999999999999849e-01 0.000000000000000000e+00
9.214999999999999858e-01 0.000000000000000000e+00
9.224999999999999867e-01 0.000000000000000000e+00
9.234999999999999876e-01 0.000000000000000000e+00
9.244999999999999885e-01 0.000000000000000000e+00
9.254999999999999893e-01 0.000000000000000000e+00
9.264999999999999902e-01 0.000000000000000000e+00
9.274999999999999911e-01 0.000000000000000000e+00
9.284999999999999920e-01 0.000000000000000000e+00
9.294999999999999929e-01 0.000000000000000000e+00
9.304999999999999938e-01 0.000000000000000000e+00
9.314999999999999947e-01 0.000000000000000000e+00
9.324999999999999956e-01 0.000000000000000000e+00
9.334999999999999964e-01 0.000000000000000000e+00
9.344999999999999973e-01 0.000000000000000000e+00
9.354999999999999982e-01 0.000000000000000000e+00
9.364999999999999991e-01 0.000000000000000000e+00
9.375000000000000000e-01 0.000000000000000000e+00
9.385000000000000009e-01 0.000000000000000000e+00
9.395000000000000018e-01 0.000000000000000000e+00
9.405000000000000027e-01 0.000000000000000000e+00
9.415000000000000036e-01 0.000000000000000000e+00
9.425000000000000044e-01 0.000000000000000000e+00
9.435000000000000053e-01 0.000000000000000000e+00
9.445000000000000062e-01 0.000000000000000000e+00
9.455000000000000071e-01 0.000000000000000000e+00
9.465000000000000080e-01 0.000000000000000000e+00
9.475000000000000089e-01 0.000000000000000000e+00
9.485000000000000098e-01 0.000000000000000000e+00
9.495000000000000107e-01 0.000000000000000000e+00
9.505000000000000115e-01 0.000000000000000000e+00
9.515000000000000124e-01 0.000000000000000000e+00
9.525000000000000133e-01 0.000000000000000000e+00
9.535000000000000142e-01 0.000000000000000000e+00
9.545000000000000151e-01 0.000000000000000000e+00
9.555000000000000160e-01 0.000000000000000000e+00
9.565000000000000169e-01 0.000000000000000000e+00
9.575000000000000178e-01 0.000000000000000000e+00
9.585000000000000187e-01 0.000000000000000000e+00
9.595000000000000195e-01 0.000000000000000000e+00
9.605000000000000204e-01 0.000000000000000000e+00
9.615000000000000213e-01 0.000000000000000000e+00
9.625000000000000222e-01 0.000000000000000000e+00
9.635000000000000231e-01 0.000000000000000000e+00
9.645000000000000240e-01 0.000000000000000000e+00
9.655000000000000249e-01 0.000000000000000000e+00
9.665000000000000258e-01 0.000000000000000000e+00
9.675000000000000266e-01 0.000000000000000000e+00
9.685000000000000275e-01 0.000000000000000000e+00
9.695000000000000284e-01 0.000000000000000000e+00
9.705000000000000293e-01 0.000000000000000000e+00
9.715000000000000302e-01 0.000000000000000000e+00
9.725000000000000311e-01 0.000000000000000000e+00
9.735000000000000320e-01 0.000000000000000000e+00
9.745000000000000329e-01 0.000000000000000000e+00
9.755000000000000338e-01 0.000000000000000000e+00
9.765000000000000346e-01 0.000000000000000000e+00
9.775000000000000355e-01 0.000000000000000000e+00
9.785000000000000364e-01 0.000000000000000000e+00
9.795000000000000373e-01 0.000000000000000000e+00
9.805000000000000382e-01 0.000000000000000000e+00
9.815000000000000391e-01 0.000000000000000000e+00
9.825000000000000400e-01 0.000000000000000000e+00
9.835000000000000409e-01 0.000000000000000000e+00
9.845000000000000417e-01 0.000000000000000000e+00
9.855000000000000426e-01 0.000000000000000000e+00
9.865000000000000435e-01 0.000000000000000000e+00
9.875000000000000444e-01 0.000000000000000000e+00
9.885000000000000453e-01 0.000000000000000000e+00
9.895000000000000462e-01 0.000000000000000000e+00
9.905000000000000471e-01 0.000000000000000000e+00
9.915000000000000480e-01 0.000000000000000000e+00
9.925000000000000488e-01 0.000000000000000000e+00
9.935000000000000497e-01 0.000000000000000000e+00
9.945000000000000506e-01 0.000000000000000000e+00
9.955000000000000515e-01 0.000000000000000000e+00
9.965000000000000524e-01 0.000000000000000000e+00
9.975000000000000533e-01 0.000000000000000000e+00
9.985000000000000542e-01 0.000000000000000000e+00
9.995000000000000551e-01 0.000000000000000000e+00
