5.000000000000000104e-04 0.000000000000000000e+00
1.500000000000000031e-03 0.000000000000000000e+00
2.500000000000000052e-03 0.000000000000000000e+00
3.500000000000000073e-03 0.000000000000000000e+00
4.499999999999999660e-03 0.000000000000000000e+00
5.499999999999999681e-03 0.000000000000000000e+00
6.499999999999999702e-03 0.000000000000000000e+00
7.499999999999999722e-03 0.000000000000000000e+00
8.500000000000000611e-03 0.000000000000000000e+00
9.499999999999999764e-03 0.000000000000000000e+00
1.050000000000000065e-02 0.000000000000000000e+00
1.149999999999999981e-02 0.000000000000000000e+00
1.250000000000000069e-02 0.000000000000000000e+00
1.349999999999999985e-02 0.000000000000000000e+00
1.450000000000000074e-02 0.000000000000000000e+00
1.549999999999999989e-02 0.000000000000000000e+00
1.650000000000000078e-02 0.000000000000000000e+00
1.750000000000000167e-02 0.000000000000000000e+00
1.849999999999999908e-02 0.000000000000000000e+00
1.949999999999999997e-02 0.000000000000000000e+00
2.050000000000000086e-02 0.000000000000000000e+00
2.149999999999999828e-02 0.000000000000000000e+00
2.249999999999999917e-02 0.000000000000000000e+00
2.350000000000000006e-02 0.000000000000000000e+00
2.450000000000000094e-02 0.000000000000000000e+00
2.549999999999999836e-02 0.000000000000000000e+00
2.649999999999999925e-02 0.000000000000000000e+00
2.750000000000000014e-02 0.000000000000000000e+00
2.850000000000000103e-02 0.000000000000000000e+00
2.949999999999999845e-02 0.000000000000000000e+00
3.049999999999999933e-02 0.000000000000000000e+00
3.150000000000000022e-02 0.000000000000000000e+00
3.250000000000000111e-02 0.000000000000000000e+00
3.350000000000000200e-02 0.000000000000000000e+00
3.450000000000000289e-02 0.000000000000000000e+00
3.549999999999999684e-02 0.000000000000000000e+00
3.649999999999999772e-02 0.000000000000000000e+00
3.749999999999999861e-02 0.000000000000000000e+00
3.849999999999999950e-02 0.000000000000000000e+00
3.950000000000000039e-02 0.000000000000000000e+00
4.050000000000000128e-02 0.000000000000000000e+00
4.150000000000000216e-02 0.000000000000000000e+00
4.250000000000000305e-02 0.000000000000000000e+00
4.349999999999999700e-02 0.000000000000000000e+00
4.449999999999999789e-02 0.000000000000000000e+00
4.549999999999999878e-02 0.000000000000000000e+00
4.649999999999999967e-02 0.000000000000000000e+00
4.750000000000000056e-02 0.000000000000000000e+00
4.850000000000000144e-02 0.000000000000000000e+00
4.950000000000000233e-02 0.000000000000000000e+00
5.050000000000000322e-02 0.000000000000000000e+00
5.149999999999999717e-02 0.000000000000000000e+00
5.249999999999999806e-02 0.000000000000000000e+00
5.349999999999999895e-02 0.000000000000000000e+00
5.449999999999999983e-02 0.000000000000000000e+00
5.550000000000000072e-02 0.000000000000000000e+00
5.650000000000000161e-02 0.000000000000000000e+00
5.750000000000000250e-02 0.000000000000000000e+00
5.850000000000000339e-02 0.000000000000000000e+00
5.949999999999999734e-02 0.000000000000000000e+00
6.049999999999999822e-02 0.000000000000000000e+00
6.149999999999999911e-02 0.000000000000000000e+00
6.250000000000000000e-02 0.000000000000000000e+00
6.350000000000000089e-02 0.000000000000000000e+00
6.450000000000000178e-02 0.000000000000000000e+00
6.550000000000000266e-02 0.000000000000000000e+00
6.650000000000000355e-02 0.000000000000000000e+00
6.750000000000000444e-02 0.000000000000000000e+00
6.850000000000000533e-02 0.000000000000000000e+00
6.950000000000000622e-02 9.999999999999999547e-08
7.049999999999999323e-02 9.999999999999999547e-08
7.149999999999999412e-02 9.999999999999999547e-08
7.249999999999999500e-02 9.999999999999999547e-08
7.349999999999999589e-02 9.999999999999999547e-08
7.449999999999999678e-02 9.999999999999999547e-08
7.549999999999999767e-02 9.999999999999999547e-08
7.649999999999999856e-02 9.999999999999999547e-08
7.749999999999999944e-02 1.999999999999999909e-07
7.850000000000000033e-02 1.999999999999999909e-07
7.950000000000000122e-02 1.999999999999999909e-07
8.050000000000000211e-02 2.999999999999999864e-07
8.150000000000000300e-02 2.999999999999999864e-07
8.250000000000000389e-02 3.999999999999999819e-07
8.350000000000000477e-02 3.999999999999999819e-07
8.450000000000000566e-02 4.999999999999999774e-07
8.550000000000000655e-02 4.999999999999999774e-07
8.649999999999999356e-02 5.999999999999999728e-07
8.749999999999999445e-02 6.999999999999999683e-07
8.849999999999999534e-02 7.999999999999999638e-07
8.949999999999999623e-02 8.999999999999999593e-07
9.049999999999999711e-02 1.100000000000000056e-06
9.149999999999999800e-02 1.199999999999999946e-06
9.249999999999999889e-02 1.399999999999999937e-06
9.349999999999999978e-02 1.599999999999999928e-06
9.450000000000000067e-02 1.900000000000000020e-06
9.550000000000000155e-02 2.200000000000000112e-06
9.650000000000000244e-02 2.500000000000000205e-06
9.750000000000000333e-02 2.799999999999999873e-06
9.850000000000000422e-02 3.199999999999999855e-06
9.950000000000000511e-02 3.700000000000000150e-06
1.005000000000000060e-01 4.199999999999999598e-06
1.015000000000000069e-01 4.799999999999999783e-06
1.024999999999999939e-01 5.499999999999999857e-06
1.034999999999999948e-01 6.299999999999999821e-06
1.044999999999999957e-01 7.099999999999999785e-06
1.054999999999999966e-01 8.100000000000000375e-06
1.064999999999999974e-01 9.200000000000000007e-06
1.074999999999999983e-01 1.049999999999999942e-05
1.084999999999999992e-01 1.189999999999999957e-05
1.095000000000000001e-01 1.349999999999999949e-05
1.105000000000000010e-01 1.540000000000000163e-05
1.115000000000000019e-01 1.739999999999999942e-05
1.125000000000000028e-01 1.980000000000000016e-05
1.135000000000000037e-01 2.239999999999999899e-05
1.145000000000000046e-01 2.540000000000000076e-05
1.155000000000000054e-01 2.869999999999999965e-05
1.165000000000000063e-01 3.240000000000000150e-05
1.174999999999999933e-01 3.669999999999999760e-05
1.184999999999999942e-01 4.139999999999999664e-05
1.194999999999999951e-01 4.669999999999999672e-05
1.204999999999999960e-01 5.270000000000000026e-05
1.214999999999999969e-01 5.940000000000000049e-05
1.224999999999999978e-01 6.700000000000000226e-05
1.234999999999999987e-01 7.540000000000000315e-05
1.244999999999999996e-01 8.480000000000000124e-05
1.255000000000000004e-01 9.540000000000000140e-05
1.265000000000000013e-01 1.072000000000000036e-04
1.275000000000000022e-01 1.203999999999999992e-04
1.285000000000000031e-01 1.352000000000000066e-04
1.295000000000000040e-01 1.515999999999999986e-04
1.305000000000000049e-01 1.700000000000000122e-04
1.315000000000000058e-01 1.904999999999999955e-04
1.325000000000000067e-01 2.133000000000000076e-04
1.335000000000000075e-01 2.385999999999999992e-04
1.345000000000000084e-01 2.668999999999999823e-04
1.355000000000000093e-01 2.982999999999999866e-04
1.365000000000000102e-01 3.331000000000000193e-04
1.375000000000000111e-01 3.718999999999999867e-04
1.385000000000000120e-01 4.147999999999999994e-04
1.395000000000000129e-01 4.625000000000000205e-04
1.405000000000000138e-01 5.153000000000000028e-04
1.414999999999999869e-01 5.737999999999999611e-04
1.424999999999999878e-01 6.384999999999999617e-04
1.434999999999999887e-01 7.102000000000000240e-04
1.444999999999999896e-01 7.893000000000000493e-04
1.454999999999999905e-01 8.767000000000000053e-04
1.464999999999999913e-01 9.732999999999999681e-04
1.474999999999999922e-01 1.079799999999999901e-03
1.484999999999999931e-01 1.197200000000000044e-03
1.494999999999999940e-01 1.326600000000000045e-03
1.504999999999999949e-01 1.469000000000000037e-03
1.514999999999999958e-01 1.625799999999999945e-03
1.524999999999999967e-01 1.798200000000000015e-03
1.534999999999999976e-01 1.987599999999999957e-03
1.544999999999999984e-01 2.195700000000000082e-03
1.554999999999999993e-01 2.424100000000000213e-03
1.565000000000000002e-01 2.674499999999999794e-03
1.575000000000000011e-01 2.949100000000000072e-03
1.585000000000000020e-01 3.249900000000000011e-03
1.595000000000000029e-01 3.579199999999999830e-03
1.605000000000000038e-01 3.939400000000000020e-03
1.615000000000000047e-01 4.333199999999999726e-03
1.625000000000000056e-01 4.763599999999999779e-03
1.635000000000000064e-01 5.233400000000000031e-03
1.645000000000000073e-01 5.746199999999999919e-03
1.655000000000000082e-01 6.305299999999999794e-03
1.665000000000000091e-01 6.914599999999999913e-03
1.675000000000000100e-01 7.578200000000000214e-03
1.685000000000000109e-01 8.300500000000000586e-03
1.695000000000000118e-01 9.086000000000000326e-03
1.705000000000000127e-01 9.939899999999999777e-03
1.715000000000000135e-01 1.086750000000000042e-02
1.724999999999999867e-01 1.187440000000000023e-02
1.734999999999999876e-01 1.296680000000000055e-02
1.744999999999999885e-01 1.415109999999999979e-02
1.754999999999999893e-01 1.543420000000000035e-02
1.764999999999999902e-01 1.682350000000000165e-02
1.774999999999999911e-01 1.832670000000000132e-02
1.784999999999999920e-01 1.995229999999999920e-02
1.794999999999999929e-01 2.170889999999999972e-02
1.804999999999999938e-01 2.360599999999999851e-02
1.814999999999999947e-01 2.565330000000000041e-02
1.824999999999999956e-01 2.786140000000000144e-02
1.834999999999999964e-01 3.024140000000000161e-02
1.844999999999999973e-01 3.280500000000000083e-02
1.854999999999999982e-01 3.556440000000000295e-02
1.864999999999999991e-01 3.853290000000000187e-02
1.875000000000000000e-01 4.172399999999999720e-02
1.885000000000000009e-01 4.515220000000000344e-02
1.895000000000000018e-01 4.883289999999999853e-02
1.905000000000000027e-01 5.278189999999999965e-02
1.915000000000000036e-01 5.701610000000000011e-02
1.925000000000000044e-01 6.155309999999999948e-02
1.935000000000000053e-01 6.641139999999999544e-02
1.945000000000000062e-01 7.161030000000000173e-02
1.955000000000000071e-01 7.717000000000000248e-02
1.965000000000000080e-01 8.311179999999999957e-02
1.975000000000000089e-01 8.945759999999999823e-02
1.985000000000000098e-01 9.623039999999999372e-02
1.995000000000000107e-01 1.034544000000000019e-01
2.005000000000000115e-01 1.111544000000000004e-01
2.015000000000000124e-01 1.193564000000000014e-01
2.025000000000000133e-01 1.280874999999999930e-01
2.034999999999999865e-01 1.373754000000000086e-01
2.044999999999999873e-01 1.472494000000000025e-01
2.054999999999999882e-01 1.577392999999999990e-01
2.064999999999999891e-01 1.688763000000000070e-01
2.074999999999999900e-01 1.806925000000000059e-01
2.084999999999999909e-01 1.932207999999999981e-01
2.094999999999999918e-01 2.064954999999999985e-01
2.104999999999999927e-01 2.205516999999999894e-01
2.114999999999999936e-01 2.354253000000000040e-01
2.124999999999999944e-01 2.511535999999999769e-01
2.134999999999999953e-01 2.677745000000000264e-01
2.144999999999999962e-01 2.853267999999999915e-01
2.154999999999999971e-01 3.038505000000000233e-01
2.164999999999999980e-01 3.233861000000000097e-01
2.174999999999999989e-01 3.439751999999999810e-01
2.184999999999999998e-01 3.656598999999999822e-01
2.195000000000000007e-01 3.884831000000000256e-01
2.205000000000000016e-01 4.124884999999999802e-01
2.215000000000000024e-01 4.377201000000000009e-01
2.225000000000000033e-01 4.642227999999999910e-01
2.235000000000000042e-01 4.920416000000000234e-01
2.245000000000000051e-01 5.212219999999999631e-01
2.255000000000000060e-01 5.518098999999999643e-01
2.265000000000000069e-01 5.838512999999999620e-01
2.275000000000000078e-01 6.173923000000000050e-01
2.285000000000000087e-01 6.524790000000000312e-01
2.295000000000000095e-01 6.891574999999999784e-01
2.305000000000000104e-01 7.274734999999999951e-01
2.315000000000000113e-01 7.674725999999999493e-01
2.325000000000000122e-01 8.091998000000000246e-01
2.335000000000000131e-01 8.526996000000000020e-01
2.344999999999999862e-01 8.980156999999999723e-01
2.354999999999999871e-01 9.451910000000000034e-01
2.364999999999999880e-01 9.942674000000000234e-01
2.374999999999999889e-01 1.045285800000000043e+00
2.384999999999999898e-01 1.098285600000000084e+00
2.394999999999999907e-01 1.153304799999999908e+00
2.404999999999999916e-01 1.210380000000000011e+00
2.414999999999999925e-01 1.269545900000000005e+00
2.424999999999999933e-01 1.330835200000000107e+00
2.434999999999999942e-01 1.394278700000000093e+00
2.444999999999999951e-01 1.459904700000000055e+00
2.454999999999999960e-01 1.527739399999999970e+00
2.464999999999999969e-01 1.597806199999999954e+00
2.474999999999999978e-01 1.670125800000000105e+00
2.484999999999999987e-01 1.744715900000000097e+00
2.494999999999999996e-01 1.821591200000000077e+00
2.505000000000000004e-01 1.900763200000000097e+00
2.515000000000000013e-01 1.982239700000000049e+00
2.525000000000000022e-01 2.066025300000000176e+00
2.535000000000000031e-01 2.152120700000000220e+00
2.545000000000000040e-01 2.240522499999999972e+00
2.555000000000000049e-01 2.331223500000000115e+00
2.565000000000000058e-01 2.424212300000000209e+00
2.575000000000000067e-01 2.519473200000000190e+00
2.585000000000000075e-01 2.616985899999999976e+00
2.595000000000000084e-01 2.716725600000000185e+00
2.605000000000000093e-01 2.818662900000000082e+00
2.615000000000000102e-01 2.922763499999999848e+00
2.625000000000000111e-01 3.028988299999999967e+00
2.635000000000000120e-01 3.137293300000000063e+00
2.645000000000000129e-01 3.247629199999999994e+00
2.655000000000000138e-01 3.359941800000000089e+00
2.665000000000000147e-01 3.474171800000000143e+00
2.675000000000000155e-01 3.590254700000000021e+00
2.685000000000000164e-01 3.708120500000000153e+00
2.695000000000000173e-01 3.827694399999999941e+00
2.705000000000000182e-01 3.948896099999999798e+00
2.715000000000000191e-01 4.071640300000000323e+00
2.725000000000000200e-01 4.195836299999999852e+00
2.735000000000000209e-01 4.321388599999999691e+00
2.745000000000000218e-01 4.448196399999999606e+00
2.755000000000000226e-01 4.576153999999999833e+00
2.765000000000000235e-01 4.705150899999999581e+00
2.775000000000000244e-01 4.835071899999999978e+00
2.785000000000000253e-01 4.965796899999999958e+00
2.795000000000000262e-01 5.097201700000000280e+00
2.805000000000000271e-01 5.229157500000000347e+00
2.814999999999999725e-01 5.361531499999999895e+00
2.824999999999999734e-01 5.494186899999999874e+00
2.834999999999999742e-01 5.626983199999999741e+00
2.844999999999999751e-01 5.759776300000000404e+00
2.854999999999999760e-01 5.892418900000000015e+00
2.864999999999999769e-01 6.024760800000000138e+00
2.874999999999999778e-01 6.156648699999999863e+00
2.884999999999999787e-01 6.287927200000000383e+00
2.894999999999999796e-01 6.418438499999999713e+00
2.904999999999999805e-01 6.548022900000000313e+00
2.914999999999999813e-01 6.676519200000000431e+00
2.924999999999999822e-01 6.803765099999999677e+00
2.934999999999999831e-01 6.929597099999999621e+00
2.944999999999999840e-01 7.053851200000000432e+00
2.954999999999999849e-01 7.176363499999999895e+00
2.964999999999999858e-01 7.296969800000000284e+00
2.974999999999999867e-01 7.415506599999999615e+00
2.984999999999999876e-01 7.531811300000000209e+00
2.994999999999999885e-01 7.645722400000000363e+00
3.004999999999999893e-01 7.757080199999999870e+00
3.014999999999999902e-01 7.865726800000000019e+00
3.024999999999999911e-01 7.971506500000000273e+00
3.034999999999999920e-01 8.074266800000000188e+00
3.044999999999999929e-01 8.173857699999999227e+00
3.054999999999999938e-01 8.270132999999999512e+00
3.064999999999999947e-01 8.362950299999999615e+00
3.074999999999999956e-01 8.452171099999999271e+00
3.084999999999999964e-01 8.537661500000000458e+00
3.094999999999999973e-01 8.619292400000000853e+00
3.104999999999999982e-01 8.696939999999999671e+00
3.114999999999999991e-01 8.770485799999999443e+00
3.125000000000000000e-01 8.839816900000000643e+00
3.135000000000000009e-01 8.904826699999999207e+00
3.145000000000000018e-01 8.965414799999999573e+00
3.155000000000000027e-01 9.021487399999999823e+00
3.165000000000000036e-01 9.072957399999999950e+00
3.175000000000000044e-01 9.119744700000000037e+00
3.185000000000000053e-01 9.161776700000000773e+00
3.195000000000000062e-01 9.198987900000000550e+00
3.205000000000000071e-01 9.231320600000000098e+00
3.215000000000000080e-01 9.258724700000000141e+00
3.225000000000000089e-01 9.281158100000000744e+00
3.235000000000000098e-01 9.298586399999999585e+00
3.245000000000000107e-01 9.310983600000000138e+00
3.255000000000000115e-01 9.318331499999999323e+00
3.265000000000000124e-01 9.320620299999999858e+00
3.275000000000000133e-01 9.317848200000000247e+00
3.285000000000000142e-01 9.310021799999999459e+00
3.295000000000000151e-01 9.297155599999999964e+00
3.305000000000000160e-01 9.279272300000000584e+00
3.315000000000000169e-01 9.256402599999999481e+00
3.325000000000000178e-01 9.228585400000000050e+00
3.335000000000000187e-01 9.195867200000000352e+00
3.345000000000000195e-01 9.158302199999999615e+00
3.355000000000000204e-01 9.115952300000000008e+00
3.365000000000000213e-01 9.068886799999999582e+00
3.375000000000000222e-01 9.017182099999999423e+00
3.385000000000000231e-01 8.960921700000000101e+00
3.395000000000000240e-01 8.900195800000000546e+00
3.405000000000000249e-01 8.835101299999999824e+00
3.415000000000000258e-01 8.765741200000000788e+00
3.425000000000000266e-01 8.692224799999999973e+00
3.435000000000000275e-01 8.614666700000000787e+00
3.444999999999999729e-01 8.533187500000000369e+00
3.454999999999999738e-01 8.447912399999999877e+00
3.464999999999999747e-01 8.358971800000000840e+00
3.474999999999999756e-01 8.266500399999999971e+00
3.484999999999999765e-01 8.170637100000000430e+00
3.494999999999999774e-01 8.071524699999999442e+00
3.504999999999999782e-01 7.969309400000000210e+00
3.514999999999999791e-01 7.864140400000000142e+00
3.524999999999999800e-01 7.756169899999999728e+00
3.534999999999999809e-01 7.645552200000000020e+00
3.544999999999999818e-01 7.532443899999999637e+00
3.554999999999999827e-01 7.417003099999999627e+00
3.564999999999999836e-01 7.299389299999999636e+00
3.574999999999999845e-01 7.179762900000000059e+00
3.584999999999999853e-01 7.058284900000000306e+00
3.594999999999999862e-01 6.935116599999999742e+00
3.604999999999999871e-01 6.810419200000000117e+00
3.614999999999999880e-01 6.684353400000000001e+00
3.624999999999999889e-01 6.557079100000000160e+00
3.634999999999999898e-01 6.428755200000000336e+00
3.644999999999999907e-01 6.299539099999999614e+00
3.654999999999999916e-01 6.169586699999999979e+00
3.664999999999999925e-01 6.039051599999999631e+00
3.674999999999999933e-01 5.908085299999999762e+00
3.684999999999999942e-01 5.776836699999999603e+00
3.694999999999999951e-01 5.645451800000000020e+00
3.704999999999999960e-01 5.514073599999999686e+00
3.714999999999999969e-01 5.382841799999999566e+00
3.724999999999999978e-01 5.251892599999999689e+00
3.734999999999999987e-01 5.121358400000000088e+00
3.744999999999999996e-01 4.991367799999999910e+00
3.755000000000000004e-01 4.862045199999999845e+00
3.765000000000000013e-01 4.733510800000000351e+00
3.775000000000000022e-01 4.605880499999999600e+00
3.785000000000000031e-01 4.479265599999999736e+00
3.795000000000000040e-01 4.353772700000000384e+00
3.805000000000000049e-01 4.229503799999999814e+00
3.815000000000000058e-01 4.106556000000000317e+00
3.825000000000000067e-01 3.985021699999999889e+00
3.835000000000000075e-01 3.864987999999999868e+00
3.845000000000000084e-01 3.746537399999999796e+00
3.855000000000000093e-01 3.629747300000000010e+00
3.865000000000000102e-01 3.514689900000000033e+00
3.875000000000000111e-01 3.401432600000000139e+00
3.885000000000000120e-01 3.290037799999999901e+00
3.895000000000000129e-01 3.180562800000000134e+00
3.905000000000000138e-01 3.073060100000000183e+00
3.915000000000000147e-01 2.967577400000000143e+00
3.925000000000000155e-01 2.864157300000000017e+00
3.935000000000000164e-01 2.762837900000000069e+00
3.945000000000000173e-01 2.663652700000000095e+00
3.955000000000000182e-01 2.566630400000000201e+00
3.965000000000000191e-01 2.471795499999999812e+00
3.975000000000000200e-01 2.379167900000000113e+00
3.985000000000000209e-01 2.288763599999999787e+00
3.995000000000000218e-01 2.200594000000000161e+00
4.005000000000000226e-01 2.114667100000000133e+00
4.015000000000000235e-01 2.030986599999999864e+00
4.025000000000000244e-01 1.949552600000000080e+00
4.035000000000000253e-01 1.870361900000000022e+00
4.045000000000000262e-01 1.793407500000000043e+00
4.055000000000000271e-01 1.718679499999999916e+00
4.064999999999999725e-01 1.646164500000000031e+00
4.074999999999999734e-01 1.575846599999999986e+00
4.084999999999999742e-01 1.507706699999999955e+00
4.094999999999999751e-01 1.441723300000000041e+00
4.104999999999999760e-01 1.377872299999999939e+00
4.114999999999999769e-01 1.316127400000000058e+00
4.124999999999999778e-01 1.256460099999999969e+00
4.134999999999999787e-01 1.198839699999999953e+00
4.144999999999999796e-01 1.143233900000000025e+00
4.154999999999999805e-01 1.089608600000000038e+00
4.164999999999999813e-01 1.037928200000000079e+00
4.174999999999999822e-01 9.881554999999999644e-01
4.184999999999999831e-01 9.402521999999999824e-01
4.194999999999999840e-01 8.941788999999999987e-01
4.204999999999999849e-01 8.498951000000000144e-01
4.214999999999999858e-01 8.073595000000000077e-01
4.224999999999999867e-01 7.665302000000000504e-01
4.234999999999999876e-01 7.273644000000000220e-01
4.244999999999999885e-01 6.898189999999999600e-01
4.254999999999999893e-01 6.538507000000000069e-01
4.264999999999999902e-01 6.194155999999999551e-01
4.274999999999999911e-01 5.864698999999999884e-01
4.284999999999999920e-01 5.549695999999999518e-01
4.294999999999999929e-01 5.248709000000000291e-01
4.304999999999999938e-01 4.961299000000000126e-01
4.314999999999999947e-01 4.687030999999999836e-01
4.324999999999999956e-01 4.425471999999999739e-01
4.334999999999999964e-01 4.176194999999999768e-01
4.344999999999999973e-01 3.938773999999999886e-01
4.354999999999999982e-01 3.712790000000000257e-01
4.364999999999999991e-01 3.497830000000000106e-01
4.375000000000000000e-01 3.293484999999999885e-01
4.385000000000000009e-01 3.099355999999999778e-01
4.395000000000000018e-01 2.915048000000000084e-01
4.405000000000000027e-01 2.740175000000000249e-01
4.415000000000000036e-01 2.574359999999999982e-01
4.425000000000000044e-01 2.417233000000000021e-01
4.435000000000000053e-01 2.268431999999999948e-01
4.445000000000000062e-01 2.127604999999999913e-01
4.455000000000000071e-01 1.994408000000000014e-01
4.465000000000000080e-01 1.868507000000000084e-01
4.475000000000000089e-01 1.749575999999999909e-01
4.485000000000000098e-01 1.637300999999999895e-01
4.495000000000000107e-01 1.531375000000000097e-01
4.505000000000000115e-01 1.431502000000000052e-01
4.515000000000000124e-01 1.337394000000000083e-01
4.525000000000000133e-01 1.248772999999999966e-01
4.535000000000000142e-01 1.165371999999999936e-01
4.545000000000000151e-01 1.086933000000000066e-01
4.555000000000000160e-01 1.013204999999999939e-01
4.565000000000000169e-01 9.439480000000000093e-02
4.575000000000000178e-01 8.789329999999999365e-02
4.585000000000000187e-01 8.179359999999999409e-02
4.595000000000000195e-01 7.607450000000000323e-02
4.605000000000000204e-01 7.071550000000000058e-02
4.615000000000000213e-01 6.569719999999999727e-02
4.625000000000000222e-01 6.100060000000000204e-02
4.635000000000000231e-01 5.660790000000000266e-02
4.645000000000000240e-01 5.250200000000000006e-02
4.655000000000000249e-01 4.866650000000000142e-02
4.665000000000000258e-01 4.508580000000000226e-02
4.675000000000000266e-01 4.174499999999999739e-02
4.685000000000000275e-01 3.862999999999999767e-02
4.694999999999999729e-01 3.572720000000000062e-02
4.704999999999999738e-01 3.302399999999999780e-02
4.714999999999999747e-01 3.050800000000000040e-02
4.724999999999999756e-01 2.816779999999999978e-02
4.734999999999999765e-01 2.599239999999999884e-02
4.744999999999999774e-01 2.397149999999999975e-02
4.754999999999999782e-01 2.209519999999999887e-02
4.764999999999999791e-01 2.035419999999999938e-02
4.774999999999999800e-01 1.873980000000000090e-02
4.784999999999999809e-01 1.724370000000000069e-02
4.794999999999999818e-01 1.585809999999999997e-02
4.804999999999999827e-01 1.457549999999999991e-02
4.814999999999999836e-01 1.338899999999999986e-02
4.824999999999999845e-01 1.229219999999999965e-02
4.834999999999999853e-01 1.127880000000000028e-02
4.844999999999999862e-01 1.034309999999999917e-02
4.854999999999999871e-01 9.479599999999999485e-03
4.864999999999999880e-01 8.683299999999999699e-03
4.874999999999999889e-01 7.949299999999999422e-03
4.884999999999999898e-01 7.273299999999999904e-03
4.894999999999999907e-01 6.650900000000000388e-03
4.904999999999999916e-01 6.078400000000000296e-03
4.914999999999999925e-01 5.551999999999999644e-03
4.924999999999999933e-01 5.068200000000000136e-03
4.934999999999999942e-01 4.623999999999999638e-03
4.944999999999999951e-01 4.216300000000000082e-03
4.954999999999999960e-01 3.842400000000000156e-03
4.964999999999999969e-01 3.499700000000000120e-03
4.974999999999999978e-01 3.185599999999999803e-03
4.984999999999999987e-01 2.898200000000000082e-03
4.994999999999999996e-01 2.635100000000000029e-03
5.004999999999999449e-01 2.394600000000000201e-03
5.014999999999999458e-01 2.174699999999999897e-03
5.024999999999999467e-01 1.974000000000000060e-03
5.034999999999999476e-01 1.790700000000000104e-03
5.044999999999999485e-01 1.623499999999999943e-03
5.054999999999999494e-01 1.471099999999999925e-03
5.064999999999999503e-01 1.332199999999999964e-03
5.074999999999999512e-01 1.205799999999999927e-03
5.084999999999999520e-01 1.090700000000000003e-03
5.094999999999999529e-01 9.860999999999999540e-04
5.104999999999999538e-01 8.909000000000000252e-04
5.114999999999999547e-01 8.044999999999999851e-04
5.124999999999999556e-01 7.261000000000000310e-04
5.134999999999999565e-01 6.549000000000000351e-04
5.144999999999999574e-01 5.904000000000000394e-04
5.154999999999999583e-01 5.318999999999999726e-04
5.164999999999999591e-01 4.788999999999999854e-04
5.174999999999999600e-01 4.310000000000000137e-04
5.184999999999999609e-01 3.875999999999999888e-04
5.194999999999999618e-01 3.484000000000000118e-04
5.204999999999999627e-01 3.130000000000000187e-04
5.214999999999999636e-01 2.809999999999999998e-04
5.224999999999999645e-01 2.522000000000000045e-04
5.234999999999999654e-01 2.261999999999999959e-04
5.244999999999999662e-01 2.026999999999999939e-04
5.254999999999999671e-01 1.815999999999999960e-04
5.264999999999999680e-01 1.625999999999999950e-04
5.274999999999999689e-01 1.454000000000000106e-04
5.284999999999999698e-01 1.300999999999999910e-04
5.294999999999999707e-01 1.162000000000000055e-04
5.304999999999999716e-01 1.038000000000000023e-04
5.314999999999999725e-01 9.270000000000000353e-05
5.324999999999999734e-01 8.270000000000000441e-05
5.334999999999999742e-01 7.370000000000000249e-05
5.344999999999999751e-01 6.569999999999999777e-05
5.354999999999999760e-01 5.849999999999999894e-05
5.364999999999999769e-01 5.209999999999999923e-05
5.374999999999999778e-01 4.630000000000000055e-05
5.384999999999999787e-01 4.119999999999999856e-05
5.394999999999999796e-01 3.660000000000000194e-05
5.404999999999999805e-01 3.249999999999999715e-05
5.414999999999999813e-01 2.890000000000000113e-05
5.424999999999999822e-01 2.559999999999999884e-05
5.434999999999999831e-01 2.269999999999999950e-05
5.444999999999999840e-01 2.010000000000000068e-05
5.454999999999999849e-01 1.779999999999999898e-05
5.464999999999999858e-01 1.580000000000000119e-05
5.474999999999999867e-01 1.390000000000000075e-05
5.484999999999999876e-01 1.230000000000000082e-05
5.494999999999999885e-01 1.090000000000000067e-05
5.504999999999999893e-01 9.599999999999999566e-06
5.514999999999999902e-01 8.499999999999999933e-06
5.524999999999999911e-01 7.500000000000000190e-06
5.534999999999999920e-01 6.600000000000000337e-06
5.544999999999999929e-01 5.800000000000000373e-06
5.554999999999999938e-01 5.100000000000000299e-06
5.564999999999999947e-01 4.500000000000000114e-06
5.574999999999999956e-01 3.999999999999999819e-06
5.584999999999999964e-01 3.499999999999999947e-06
5.594999999999999973e-01 3.099999999999999966e-06
5.604999999999999982e-01 2.699999999999999984e-06
5.614999999999999991e-01 2.300000000000000002e-06
5.625000000000000000e-01 2.099999999999999799e-06
5.635000000000000009e-01 1.799999999999999919e-06
5.645000000000000018e-01 1.599999999999999928e-06
5.655000000000000027e-01 1.399999999999999937e-06
5.665000000000000036e-01 1.199999999999999946e-06
5.675000000000000044e-01 1.100000000000000056e-06
5.685000000000000053e-01 8.999999999999999593e-07
5.695000000000000062e-01 7.999999999999999638e-07
5.705000000000000071e-01 6.999999999999999683e-07
5.715000000000000080e-01 5.999999999999999728e-07
5.725000000000000089e-01 4.999999999999999774e-07
5.735000000000000098e-01 4.999999999999999774e-07
5.745000000000000107e-01 3.999999999999999819e-07
5.755000000000000115e-01 3.999999999999999819e-07
5.765000000000000124e-01 2.999999999999999864e-07
5.775000000000000133e-01 2.999999999999999864e-07
5.785000000000000142e-01 1.999999999999999909e-07
5.795000000000000151e-01 1.999999999999999909e-07
5.805000000000000160e-01 1.999999999999999909e-07
5.815000000000000169e-01 1.999999999999999909e-07
5.825000000000000178e-01 9.999999999999999547e-08
5.835000000000000187e-01 9.999999999999999547e-08
5.845000000000000195e-01 9.999999999999999547e-08
5.855000000000000204e-01 9.999999999999999547e-08
5.865000000000000213e-01 9.999999999999999547e-08
5.875000000000000222e-01 9.999999999999999547e-08
5.885000000000000231e-01 9.999999999999999547e-08
5.895000000000000240e-01 0.000000000000000000e+00
5.905000000000000249e-01 0.000000000000000000e+00
5.915000000000000258e-01 0.000000000000000000e+00
5.925000000000000266e-01 0.000000000000000000e+00
5.935000000000000275e-01 0.000000000000000000e+00
5.945000000000000284e-01 0.000000000000000000e+00
5.955000000000000293e-01 0.000000000000000000e+00
5.965000000000000302e-01 0.000000000000000000e+00
5.975000000000000311e-01 0.000000000000000000e+00
5.985000000000000320e-01 0.000000000000000000e+00
5.995000000000000329e-01 0.000000000000000000e+00
6.005000000000000338e-01 0.000000000000000000e+00
6.015000000000000346e-01 0.000000000000000000e+00
6.025000000000000355e-01 0.000000000000000000e+00
6.035000000000000364e-01 0.000000000000000000e+00
6.045000000000000373e-01 0.000000000000000000e+00
6.055000000000000382e-01 0.000000000000000000e+00
6.065000000000000391e-01 0.000000000000000000e+00
6.075000000000000400e-01 0.000000000000000000e+00
6.085000000000000409e-01 0.000000000000000000e+00
6.095000000000000417e-01 0.000000000000000000e+00
6.105000000000000426e-01 0.000000000000000000e+00
6.115000000000000435e-01 0.000000000000000000e+00
6.125000000000000444e-01 0.000000000000000000e+00
6.135000000000000453e-01 0.000000000000000000e+00
6.145000000000000462e-01 0.000000000000000000e+00
6.155000000000000471e-01 0.000000000000000000e+00
6.165000000000000480e-01 0.000000000000000000e+00
6.175000000000000488e-01 0.000000000000000000e+00
6.185000000000000497e-01 0.000000000000000000e+00
6.195000000000000506e-01 0.000000000000000000e+00
6.205000000000000515e-01 0.000000000000000000e+00
6.215000000000000524e-01 0.000000000000000000e+00
6.225000000000000533e-01 0.000000000000000000e+00
6.235000000000000542e-01 0.000000000000000000e+00
6.245000000000000551e-01 0.000000000000000000e+00
6.254999999999999449e-01 0.000000000000000000e+00
6.264999999999999458e-01 0.000000000000000000e+00
6.274999999999999467e-01 0.000000000000000000e+00
6.284999999999999476e-01 0.000000000000000000e+00
6.294999999999999485e-01 0.000000000000000000e+00
6.304999999999999494e-01 0.000000000000000000e+00
6.314999999999999503e-01 0.000000000000000000e+00
6.324999999999999512e-01 0.000000000000000000e+00
6.334999999999999520e-01 0.000000000000000000e+00
6.344999999999999529e-01 0.000000000000000000e+00
6.354999999999999538e-01 0.000000000000000000e+00
6.364999999999999547e-01 0.000000000000000000e+00
6.374999999999999556e-01 0.000000000000000000e+00
6.384999999999999565e-01 0.000000000000000000e+00
6.394999999999999574e-01 0.000000000000000000e+00
6.404999999999999583e-01 0.000000000000000000e+00
6.414999999999999591e-01 0.000000000000000000e+00
6.424999999999999600e-01 0.000000000000000000e+00
6.434999999999999609e-01 0.000000000000000000e+00
6.444999999999999618e-01 0.000000000000000000e+00
6.454999999999999627e-01 0.000000000000000000e+00
6.464999999999999636e-01 0.000000000000000000e+00
6.474999999999999645e-01 0.000000000000000000e+00
6.484999999999999654e-01 0.000000000000000000e+00
6.494999999999999662e-01 0.000000000000000000e+00
6.504999999999999671e-01 0.000000000000000000e+00
6.514999999999999680e-01 0.000000000000000000e+00
6.524999999999999689e-01 0.000000000000000000e+00
6.534999999999999698e-01 0.000000000000000000e+00
6.544999999999999707e-01 0.000000000000000000e+00
6.554999999999999716e-01 0.000000000000000000e+00
6.564999999999999725e-01 0.000000000000000000e+00
6.574999999999999734e-01 0.000000000000000000e+00
6.584999999999999742e-01 0.000000000000000000e+00
6.594999999999999751e-01 0.000000000000000000e+00
6.604999999999999760e-01 0.000000000000000000e+00
6.614999999999999769e-01 0.000000000000000000e+00
6.624999999999999778e-01 0.000000000000000000e+00
6.634999999999999787e-01 0.000000000000000000e+00
6.644999999999999796e-01 0.000000000000000000e+00
6.654999999999999805e-01 0.000000000000000000e+00
6.664999999999999813e-01 0.000000000000000000e+00
6.674999999999999822e-01 0.000000000000000000e+00
6.684999999999999831e-01 0.000000000000000000e+00
6.694999999999999840e-01 0.000000000000000000e+00
6.704999999999999849e-01 0.000000000000000000e+00
6.714999999999999858e-01 0.000000000000000000e+00
6.724999999999999867e-01 0.000000000000000000e+00
6.734999999999999876e-01 0.000000000000000000e+00
6.744999999999999885e-01 0.000000000000000000e+00
6.754999999999999893e-01 0.000000000000000000e+00
6.764999999999999902e-01 0.000000000000000000e+00
6.774999999999999911e-01 0.000000000000000000e+00
6.784999999999999920e-01 0.000000000000000000e+00
6.794999999999999929e-01 0.000000000000000000e+00
6.804999999999999938e-01 0.000000000000000000e+00
6.814999999999999947e-01 0.000000000000000000e+00
6.824999999999999956e-01 0.000000000000000000e+00
6.834999999999999964e-01 0.000000000000000000e+00
6.844999999999999973e-01 0.000000000000000000e+00
6.854999999999999982e-01 0.000000000000000000e+00
6.864999999999999991e-01 0.000000000000000000e+00
6.875000000000000000e-01 0.000000000000000000e+00
6.885000000000000009e-01 0.000000000000000000e+00
6.895000000000000018e-01 0.000000000000000000e+00
6.905000000000000027e-01 0.000000000000000000e+00
6.915000000000000036e-01 0.000000000000000000e+00
6.925000000000000044e-01 0.000000000000000000e+00
6.935000000000000053e-01 0.000000000000000000e+00
6.945000000000000062e-01 0.000000000000000000e+00
6.955000000000000071e-01 0.000000000000000000e+00
6.965000000000000080e-01 0.000000000000000000e+00
6.975000000000000089e-01 0.000000000000000000e+00
6.985000000000000098e-01 0.000000000000000000e+00
6.995000000000000107e-01 0.000000000000000000e+00
7.005000000000000115e-01 0.000000000000000000e+00
7.015000000000000124e-01 0.000000000000000000e+00
7.025000000000000133e-01 0.000000000000000000e+00
7.035000000000000142e-01 0.000000000000000000e+00
7.045000000000000151e-01 0.000000000000000000e+00
7.055000000000000160e-01 0.000000000000000000e+00
7.065000000000000169e-01 0.000000000000000000e+00
7.075000000000000178e-01 0.000000000000000000e+00
7.085000000000000187e-01 0.000000000000000000e+00
7.095000000000000195e-01 0.000000000000000000e+00
7.105000000000000204e-01 0.000000000000000000e+00
7.115000000000000213e-01 0.000000000000000000e+00
7.125000000000000222e-01 0.000000000000000000e+00
7.135000000000000231e-01 0.000000000000000000e+00
7.145000000000000240e-01 0.000000000000000000e+00
7.155000000000000249e-01 0.000000000000000000e+00
7.165000000000000258e-01 0.000000000000000000e+00
7.175000000000000266e-01 0.000000000000000000e+00
7.185000000000000275e-01 0.000000000000000000e+00
7.195000000000000284e-01 0.000000000000000000e+00
7.205000000000000293e-01 0.000000000000000000e+00
7.215000000000000302e-01 0.000000000000000000e+00
7.225000000000000311e-01 0.000000000000000000e+00
7.235000000000000320e-01 0.000000000000000000e+00
7.245000000000000329e-01 0.000000000000000000e+00
7.255000000000000338e-01 0.000000000000000000e+00
7.265000000000000346e-01 0.000000000000000000e+00
7.275000000000000355e-01 0.000000000000000000e+00
7.285000000000000364e-01 0.000000000000000000e+00
7.295000000000000373e-01 0.000000000000000000e+00
7.305000000000000382e-01 0.000000000000000000e+00
7.315000000000000391e-01 0.000000000000000000e+00
7.325000000000000400e-01 0.000000000000000000e+00
7.335000000000000409e-01 0.000000000000000000e+00
7.345000000000000417e-01 0.000000000000000000e+00
7.355000000000000426e-01 0.000000000000000000e+00
7.365000000000000435e-01 0.000000000000000000e+00
7.375000000000000444e-01 0.000000000000000000e+00
7.385000000000000453e-01 0.000000000000000000e+00
7.395000000000000462e-01 0.000000000000000000e+00
7.405000000000000471e-01 0.000000000000000000e+00
7.415000000000000480e-01 0.000000000000000000e+00
7.425000000000000488e-01 0.000000000000000000e+00
7.435000000000000497e-01 0.000000000000000000e+00
7.445000000000000506e-01 0.000000000000000000e+00
7.455000000000000515e-01 0.000000000000000000e+00
7.465000000000000524e-01 0.000000000000000000e+00
7.475000000000000533e-01 0.000000000000000000e+00
7.485000000000000542e-01 0.000000000000000000e+00
7.495000000000000551e-01 0.000000000000000000e+00
7.504999999999999449e-01 0.000000000000000000e+00
7.514999999999999458e-01 0.000000000000000000e+00
7.524999999999999467e-01 0.000000000000000000e+00
7.534999999999999476e-01 0.000000000000000000e+00
7.544999999999999485e-01 0.000000000000000000e+00
7.554999999999999494e-01 0.000000000000000000e+00
7.564999999999999503e-01 0.000000000000000000e+00
7.574999999999999512e-01 0.000000000000000000e+00
7.584999999999999520e-01 0.000000000000000000e+00
7.594999999999999529e-01 0.000000000000000000e+00
7.604999999999999538e-01 0.000000000000000000e+00
7.614999999999999547e-01 0.000000000000000000e+00
7.624999999999999556e-01 0.000000000000000000e+00
7.634999999999999565e-01 0.000000000000000000e+00
7.644999999999999574e-01 0.000000000000000000e+00
7.654999999999999583e-01 0.000000000000000000e+00
7.664999999999999591e-01 0.000000000000000000e+00
7.674999999999999600e-01 0.000000000000000000e+00
7.684999999999999609e-01 0.000000000000000000e+00
7.694999999999999618e-01 0.000000000000000000e+00
7.704999999999999627e-01 0.000000000000000000e+00
7.714999999999999636e-01 0.000000000000000000e+00
7.724999999999999645e-01 0.000000000000000000e+00
7.734999999999999654e-01 0.000000000000000000e+00
7.744999999999999662e-01 0.000000000000000000e+00
7.754999999999999671e-01 0.000000000000000000e+00
7.764999999999999680e-01 0.000000000000000000e+00
7.774999999999999689e-01 0.000000000000000000e+00
7.784999999999999698e-01 0.000000000000000000e+00
7.794999999999999707e-01 0.000000000000000000e+00
7.804999999999999716e-01 0.000000000000000000e+00
7.814999999999999725e-01 0.000000000000000000e+00
7.824999999999999734e-01 0.000000000000000000e+00
7.834999999999999742e-01 0.000000000000000000e+00
7.844999999999999751e-01 0.000000000000000000e+00
7.854999999999999760e-01 0.000000000000000000e+00
7.864999999999999769e-01 0.000000000000000000e+00
7.874999999999999778e-01 0.000000000000000000e+00
7.884999999999999787e-01 0.000000000000000000e+00
7.894999999999999796e-01 0.000000000000000000e+00
7.904999999999999805e-01 0.000000000000000000e+00
7.914999999999999813e-01 0.000000000000000000e+00
7.924999999999999822e-01 0.000000000000000000e+00
7.934999999999999831e-01 0.000000000000000000e+00
7.944999999999999840e-01 0.000000000000000000e+00
7.954999999999999849e-01 0.000000000000000000e+00
7.964999999999999858e-01 0.000000000000000000e+00
7.974999999999999867e-01 0.000000000000000000e+00
7.984999999999999876e-01 0.000000000000000000e+00
7.994999999999999885e-01 0.000000000000000000e+00
8.004999999999999893e-01 0.000000000000000000e+00
8.014999999999999902e-01 0.000000000000000000e+00
8.024999999999999911e-01 0.000000000000000000e+00
8.034999999999999920e-01 0.000000000000000000e+00
8.044999999999999929e-01 0.000000000000000000e+00
8.054999999999999938e-01 0.000000000000000000e+00
8.064999999999999947e-01 0.000000000000000000e+00
8.074999999999999956e-01 0.000000000000000000e+00
8.084999999999999964e-01 0.000000000000000000e+00
8.094999999999999973e-01 0.000000000000000000e+00
8.104999999999999982e-01 0.000000000000000000e+00
8.114999999999999991e-01 0.000000000000000000e+00
8.125000000000000000e-01 0.000000000000000000e+00
8.135000000000000009e-01 0.000000000000000000e+00
8.145000000000000018e-01 0.000000000000000000e+00
8.155000000000000027e-01 0.000000000000000000e+00
8.165000000000000036e-01 0.000000000000000000e+00
8.175000000000000044e-01 0.000000000000000000e+00
8.185000000000000053e-01 0.000000000000000000e+00
8.195000000000000062e-01 0.000000000000000000e+00
8.205000000000000071e-01 0.000000000000000000e+00
8.215000000000000080e-01 0.000000000000000000e+00
8.225000000000000089e-01 0.000000000000000000e+00
8.235000000000000098e-01 0.000000000000000000e+00
8.245000000000000107e-01 0.000000000000000000e+00
8.255000000000000115e-01 0.000000000000000000e+00
8.265000000000000124e-01 0.000000000000000000e+00
8.275000000000000133e-01 0.000000000000000000e+00
8.285000000000000142e-01 0.000000000000000000e+00
8.295000000000000151e-01 0.000000000000000000e+00
8.305000000000000160e-01 0.000000000000000000e+00
8.315000000000000169e-01 0.000000000000000000e+00
8.325000000000000178e-01 0.000000000000000000e+00
8.335000000000000187e-01 0.000000000000000000e+00
8.345000000000000195e-01 0.000000000000000000e+00
8.355000000000000204e-01 0.000000000000000000e+00
8.365000000000000213e-01 0.000000000000000000e+00
8.375000000000000222e-01 0.000000000000000000e+00
8.385000000000000231e-01 0.000000000000000000e+00
8.395000000000000240e-01 0.000000000000000000e+00
8.405000000000000249e-01 0.000000000000000000e+00
8.415000000000000258e-01 0.000000000000000000e+00
8.425000000000000266e-01 0.000000000000000000e+00
8.435000000000000275e-01 0.000000000000000000e+00
8.445000000000000284e-01 0.000000000000000000e+00
8.455000000000000293e-01 0.000000000000000000e+00
8.465000000000000302e-01 0.000000000000000000e+00
8.475000000000000311e-01 0.000000000000000000e+00
8.485000000000000320e-01 0.000000000000000000e+00
8.495000000000000329e-01 0.000000000000000000e+00
8.505000000000000338e-01 0.000000000000000000e+00
8.515000000000000346e-01 0.000000000000000000e+00
8.525000000000000355e-01 0.000000000000000000e+00
8.535000000000000364e-01 0.000000000000000000e+00
8.545000000000000373e-01 0.000000000000000000e+00
8.555000000000000382e-01 0.000000000000000000e+00
8.565000000000000391e-01 0.000000000000000000e+00
8.575000000000000400e-01 0.000000000000000000e+00
8.585000000000000409e-01 0.000000000000000000e+00
8.595000000000000417e-01 0.000000000000000000e+00
8.605000000000000426e-01 0.000000000000000000e+00
8.615000000000000435e-01 0.000000000000000000e+00
8.625000000000000444e-01 0.000000000000000000e+00
8.635000000000000453e-01 0.000000000000000000e+00
8.645000000000000462e-01 0.000000000000000000e+00
8.655000000000000471e-01 0.000000000000000000e+00
8.665000000000000480e-01 0.000000000000000000e+00
8.675000000000000488e-01 0.000000000000000000e+00
8.685000000000000497e-01 0.000000000000000000e+00
8.695000000000000506e-01 0.000000000000000000e+00
8.705000000000000515e-01 0.000000000000000000e+00
8.715000000000000524e-01 0.000000000000000000e+00
8.725000000000000533e-01 0.000000000000000000e+00
8.735000000000000542e-01 0.000000000000000000e+00
8.745000000000000551e-01 0.000000000000000000e+00
8.754999999999999449e-01 0.000000000000000000e+00
8.764999999999999458e-01 0.000000000000000000e+00
8.774999999999999467e-01 0.000000000000000000e+00
8.784999999999999476e-01 0.000000000000000000e+00
8.794999999999999485e-01 0.000000000000000000e+00
8.804999999999999494e-01 0.000000000000000000e+00
8.814999999999999503e-01 0.000000000000000000e+00
8.824999999999999512e-01 0.000000000000000000e+00
8.834999999999999520e-01 0.000000000000000000e+00
8.844999999999999529e-01 0.000000000000000000e+00
8.854999999999999538e-01 0.000000000000000000e+00
8.864999999999999547e-01 0.000000000000000000e+00
8.874999999999999556e-01 0.000000000000000000e+00
8.884999999999999565e-01 0.000000000000000000e+00
8.894999999999999574e-01 0.000000000000000000e+00
8.904999999999999583e-01 0.000000000000000000e+00
8.914999999999999591e-01 0.000000000000000000e+00
8.924999999999999600e-01 0.000000000000000000e+00
8.934999999999999609e-01 0.000000000000000000e+00
8.944999999999999618e-01 0.000000000000000000e+00
8.954999999999999627e-01 0.000000000000000000e+00
8.964999999999999636e-01 0.000000000000000000e+00
8.974999999999999645e-01 0.000000000000000000e+00
8.984999999999999654e-01 0.000000000000000000e+00
8.994999999999999662e-01 0.000000000000000000e+00
9.004999999999999671e-01 0.000000000000000000e+00
9.014999999999999680e-01 0.000000000000000000e+00
9.024999999999999689e-01 0.000000000000000000e+00
9.034999999999999698e-01 0.000000000000000000e+00
9.044999999999999707e-01 0.000000000000000000e+00
9.054999999999999716e-01 0.000000000000000000e+00
9.064999999999999725e-01 0.000000000000000000e+00
9.074999999999999734e-01 0.000000000000000000e+00
9.084999999999999742e-01 0.000000000000000000e+00
9.094999999999999751e-01 0.000000000000000000e+00
9.104999999999999760e-01 0.000000000000000000e+00
9.114999999999999769e-01 0.000000000000000000e+00
9.124999999999999778e-01 0.000000000000000000e+00
9.134999999999999787e-01 0.000000000000000000e+00
9.144999999999999796e-01 0.000000000000000000e+00
9.154999999999999805e-01 0.000000000000000000e+00
9.164999999999999813e-01 0.000000000000000000e+00
9.174999999999999822e-01 0.000000000000000000e+00
9.184999999999999831e-01 0.000000000000000000e+00
9.194999999999999840e-01 0.000000000000000000e+00
9.204999999999999849e-01 0.000000000000000000e+00
9.214999999999999858e-01 0.000000000000000000e+00
9.224999999999999867e-01 0.000000000000000000e+00
9.234999999999999876e-01 0.000000000000000000e+00
9.244999999999999885e-01 0.000000000000000000e+00
9.254999999999999893e-01 0.000000000000000000e+00
9.264999999999999902e-01 0.000000000000000000e+00
9.274999999999999911e-01 0.000000000000000000e+00
9.284999999999999920e-01 0.000000000000000000e+00
9.294999999999999929e-01 0.000000000000000000e+00
9.304999999999999938e-01 0.000000000000000000e+00
9.314999999999999947e-01 0.000000000000000000e+00
9.324999999999999956e-01 0.000000000000000000e+00
9.334999999999999964e-01 0.000000000000000000e+00
9.344999999999999973e-01 0.000000000000000000e+00
9.354999999999999982e-01 0.000000000000000000e+00
9.364999999999999991e-01 0.000000000000000000e+00
9.375000000000000000e-01 0.000000000000000000e+00
9.385000000000000009e-01 0.000000000000000000e+00
9.395000000000000018e-01 0.000000000000000000e+00
9.405000000000000027e-01 0.000000000000000000e+00
9.415000000000000036e-01 0.000000000000000000e+00
9.425000000000000044e-01 0.000000000000000000e+00
9.435000000000000053e-01 0.000000000000000000e+00
9.445000000000000062e-01 0.000000000000000000e+00
9.455000000000000071e-01 0.000000000000000000e+00
9.465000000000000080e-01 0.000000000000000000e+00
9.475000000000000089e-01 0.000000000000000000e+00
9.485000000000000098e-01 0.000000000000000000e+00
9.495000000000000107e-01 0.000000000000000000e+00
9.505000000000000115e-01 0.000000000000000000e+00
9.515000000000000124e-01 0.000000000000000000e+00
9.525000000000000133e-01 0.000000000000000000e+00
9.535000000000000142e-01 0.000000000000000000e+00
9.545000000000000151e-01 0.000000000000000000e+00
9.555000000000000160e-01 0.000000000000000000e+00
9.565000000000000169e-01 0.000000000000000000e+00
9.575000000000000178e-01 0.000000000000000000e+00
9.585000000000000187e-01 0.000000000000000000e+00
9.595000000000000195e-01 0.000000000000000000e+00
9.605000000000000204e-01 0.000000000000000000e+00
9.615000000000000213e-01 0.000000000000000000e+00
9.625000000000000222e-01 0.000000000000000000e+00
9.635000000000000231e-01 0.000000000000000000e+00
9.645000000000000240e-01 0.000000000000000000e+00
9.655000000000000249e-01 0.000000000000000000e+00
9.665000000000000258e-01 0.000000000000000000e+00
9.675000000000000266e-01 0.000000000000000000e+00
9.685000000000000275e-01 0.000000000000000000e+00
9.695000000000000284e-01 0.000000000000000000e+00
9.705000000000000293e-01 0.000000000000000000e+00
9.715000000000000302e-01 0.000000000000000000e+00
9.725000000000000311e-01 0.000000000000000000e+00
9.735000000000000320e-01 0.000000000000000000e+00
9.745000000000000329e-01 0.000000000000000000e+00
9.755000000000000338e-01 0.000000000000000000e+00
9.765000000000000346e-01 0.000000000000000000e+00
9.775000000000000355e-01 0.000000000000000000e+00
9.785000000000000364e-01 0.000000000000000000e+00
9.795000000000000373e-01 0.000000000000000000e+00
9.805000000000000382e-01 0.000000000000000000e+00
9.815000000000000391e-01 0.000000000000000000e+00
9.825000000000000400e-01 0.000000000000000000e+00
9.835000000000000409e-01 0.000000000000000000e+00
9.845000000000000417e-01 0.000000000000000000e+00
9.855000000000000426e-01 0.000000000000000000e+00
9.865000000000000435e-01 0.000000000000000000e+00
9.875000000000000444e-01 0.000000000000000000e+00
9.885000000000000453e-01 0.000000000000000000e+00
9.895000000000000462e-01 0.000000000000000000e+00
9.905000000000000471e-01 0.000000000000000000e+00
9.915000000000000480e-01 0.000000000000000000e+00
9.925000000000000488e-01 0.000000000000000000e+00
9.935000000000000497e-01 0.000000000000000000e+00
9.945000000000000506e-01 0.000000000000000000e+00
9.955000000000000515e-01 0.000000000000000000e+00
9.965000000000000524e-01 0.000000000000000000e+00
9.975000000000000533e-01 0.000000000000000000e+00
9.985000000000000542e-01 0.000000000000000000e+00
9.995000000000000551e-01 0.000000000000000000e+00
