5.000000000000000104e-04 8.305705596380749123e-01
1.500000000000000031e-03 8.626807733448411675e-01
2.500000000000000052e-03 8.778155237543998624e-01
3.500000000000000073e-03 8.835421860715301223e-01
4.499999999999999660e-03 9.152433524699299383e-01
5.499999999999999681e-03 9.181066836284951238e-01
6.499999999999999702e-03 9.346730996173362449e-01
7.499999999999999722e-03 9.710783100619502228e-01
8.500000000000000611e-03 9.747597358372482867e-01
9.499999999999999764e-03 9.900990099009900902e-01
1.050000000000000065e-02 9.960301958723036808e-01
1.149999999999999981e-02 1.010346851665129275e+00
1.250000000000000069e-02 1.031412788046001561e+00
1.349999999999999985e-02 1.051047058847591087e+00
1.450000000000000074e-02 1.058818957706553654e+00
1.549999999999999989e-02 1.121403195886620185e+00
1.650000000000000078e-02 1.124471050699368702e+00
1.750000000000000167e-02 1.133061044175064147e+00
1.849999999999999908e-02 1.165784828844379950e+00
1.949999999999999997e-02 1.206075988718475323e+00
2.050000000000000086e-02 1.191145761963099847e+00
2.149999999999999828e-02 1.253525476488983381e+00
2.249999999999999917e-02 1.275204983832405103e+00
2.350000000000000006e-02 1.283999500962283769e+00
2.450000000000000094e-02 1.278886409607703278e+00
2.549999999999999836e-02 1.324290660836379141e+00
2.649999999999999925e-02 1.376853239961467690e+00
2.750000000000000014e-02 1.373580861494536176e+00
2.850000000000000103e-02 1.396487510763057438e+00
2.949999999999999845e-02 1.437392241599702247e+00
3.049999999999999933e-02 1.478296972436347057e+00
3.150000000000000022e-02 1.508566473255464446e+00
3.250000000000000111e-02 1.552539058904857772e+00
3.350000000000000200e-02 1.552743582559040991e+00
3.450000000000000289e-02 1.608987587459427715e+00
3.549999999999999684e-02 1.612873536888908887e+00
3.649999999999999772e-02 1.656028027921569334e+00
3.749999999999999861e-02 1.695705616833114826e+00
3.849999999999999950e-02 1.714930840326337913e+00
3.950000000000000039e-02 1.743973199220355763e+00
4.050000000000000128e-02 1.844394313424319032e+00
4.150000000000000216e-02 1.826396231856195262e+00
4.250000000000000305e-02 1.883049284064948647e+00
4.349999999999999700e-02 1.868937151926306051e+00
4.449999999999999789e-02 1.955246133991626944e+00
4.549999999999999878e-02 1.990219678856958163e+00
4.649999999999999967e-02 2.049122491261726964e+00
4.750000000000000056e-02 2.063643670708736000e+00
4.850000000000000144e-02 2.112933871366892813e+00
4.950000000000000233e-02 2.155883838745370262e+00
5.050000000000000322e-02 2.211105225374840888e+00
5.149999999999999717e-02 2.264690422770845757e+00
5.249999999999999806e-02 2.302936346103108711e+00
5.349999999999999895e-02 2.361225587545327631e+00
5.449999999999999983e-02 2.421560065529378747e+00
5.550000000000000072e-02 2.469827647916619906e+00
5.650000000000000161e-02 2.522390227041708677e+00
5.750000000000000250e-02 2.611971587573961084e+00
5.850000000000000339e-02 2.642036564738894810e+00
5.949999999999999734e-02 2.703598184648045688e+00
6.049999999999999822e-02 2.766795993790661878e+00
6.149999999999999911e-02 2.811995721365154743e+00
6.250000000000000000e-02 2.859445209135662580e+00
6.350000000000000089e-02 2.912621359223301010e+00
6.450000000000000178e-02 3.039221501162717054e+00
6.550000000000000266e-02 3.048016018292595497e+00
6.650000000000000355e-02 3.165821643102133098e+00
6.750000000000000444e-02 3.181365440820058232e+00
6.850000000000000533e-02 3.296512258125213535e+00
6.950000000000000622e-02 3.385684571349099503e+00
7.049999999999999323e-02 3.465244272826373706e+00
7.149999999999999412e-02 3.524965179847875607e+00
7.249999999999999500e-02 3.617409871538693089e+00
7.349999999999999589e-02 3.679176015102026742e+00
7.449999999999999678e-02 3.751577388682888259e+00
7.549999999999999767e-02 3.852203026541034525e+00
7.649999999999999856e-02 3.989642922152161653e+00
7.749999999999999944e-02 4.025230037980042752e+00
7.850000000000000033e-02 4.170646356104315444e+00
7.950000000000000122e-02 4.197029907493951661e+00
8.050000000000000211e-02 4.340810036384758597e+00
8.150000000000000300e-02 4.425891876524979729e+00
8.250000000000000389e-02 4.512814429552849838e+00
8.350000000000000477e-02 4.612417449140080450e+00
8.450000000000000566e-02 4.734109023379098780e+00
8.550000000000000655e-02 4.834734661237245490e+00
8.649999999999999356e-02 4.961130279522477871e+00
8.749999999999999445e-02 5.105933026684200904e+00
8.849999999999999534e-02 5.184674633544743116e+00
8.949999999999999623e-02 5.254621723275405110e+00
9.049999999999999711e-02 5.373245442701676033e+00
9.149999999999999800e-02 5.575723860343067884e+00
9.249999999999999889e-02 5.663873555296038198e+00
9.349999999999999978e-02 5.760613243724702848e+00
9.450000000000000067e-02 5.925663832650565510e+00
9.550000000000000155e-02 5.970045465608325053e+00
9.650000000000000244e-02 6.089896326959694406e+00
9.750000000000000333e-02 6.203816002339750391e+00
9.850000000000000422e-02 6.395454666309432490e+00
9.950000000000000511e-02 6.510396959960404573e+00
1.005000000000000060e-01 6.544347886554819915e+00
1.015000000000000069e-01 6.688741586408176509e+00
1.024999999999999939e-01 6.841929803391411546e+00
1.034999999999999948e-01 7.024569426577031095e+00
1.044999999999999957e-01 7.156282659871027185e+00
1.054999999999999966e-01 7.135012199835972346e+00
1.064999999999999974e-01 7.289836606052673140e+00
1.074999999999999983e-01 7.324196579955454922e+00
1.084999999999999992e-01 7.557353545724330601e+00
1.095000000000000001e-01 7.582305431534684281e+00
1.105000000000000010e-01 7.711768904632665844e+00
1.115000000000000019e-01 7.837550951955348566e+00
1.125000000000000028e-01 7.895635669743384710e+00
1.135000000000000037e-01 7.958219907923450798e+00
1.145000000000000046e-01 8.054755072697933116e+00
1.155000000000000054e-01 8.143722862267635421e+00
1.165000000000000063e-01 8.204466387560053420e+00
1.174999999999999933e-01 8.264596341889921760e+00
1.184999999999999942e-01 8.263982770927372101e+00
1.194999999999999951e-01 8.373402925915396366e+00
1.204999999999999960e-01 8.380152206503442613e+00
1.214999999999999969e-01 8.295479413671587920e+00
1.224999999999999978e-01 8.415125751368774942e+00
1.234999999999999987e-01 8.462984286447650106e+00
1.244999999999999996e-01 8.503889017284294027e+00
1.255000000000000004e-01 8.514115199993455008e+00
1.265000000000000013e-01 8.523523288085883109e+00
1.275000000000000022e-01 8.420034319069172213e+00
1.285000000000000031e-01 8.491208550724934412e+00
1.295000000000000040e-01 8.433737403899447926e+00
1.305000000000000049e-01 8.448667630654822958e+00
1.315000000000000058e-01 8.368903405523365535e+00
1.325000000000000067e-01 8.328816769303454493e+00
1.335000000000000075e-01 8.336384144508233618e+00
1.345000000000000084e-01 8.269913956898685470e+00
1.355000000000000093e-01 8.265005389198288199e+00
1.365000000000000102e-01 8.090137664871630108e+00
1.375000000000000111e-01 8.105681462589556574e+00
1.385000000000000120e-01 7.977649655070857548e+00
1.395000000000000129e-01 7.965787283128230811e+00
1.405000000000000138e-01 7.786829085717909216e+00
1.414999999999999869e-01 7.760241010674089779e+00
1.424999999999999878e-01 7.633027297772123632e+00
1.434999999999999887e-01 7.589259235776913748e+00
1.444999999999999896e-01 7.431162451093281440e+00
1.454999999999999905e-01 7.334831809972982342e+00
1.464999999999999913e-01 7.136648389069438103e+00
1.474999999999999922e-01 7.071609867039172492e+00
1.484999999999999931e-01 7.019456335222450605e+00
1.494999999999999940e-01 6.780572707136443888e+00
1.504999999999999949e-01 6.744167496691829911e+00
1.514999999999999958e-01 6.574412863719754085e+00
1.524999999999999967e-01 6.475014367786706693e+00
1.534999999999999976e-01 6.349027796809839863e+00
1.544999999999999984e-01 6.206883857152498685e+00
1.554999999999999993e-01 6.071898245391571081e+00
1.565000000000000002e-01 5.960023806553347292e+00
1.575000000000000011e-01 5.826674384025884557e+00
1.585000000000000020e-01 5.673486167042649519e+00
1.595000000000000029e-01 5.560589109933509633e+00
1.605000000000000038e-01 5.457100140916797848e+00
1.615000000000000047e-01 5.357088074021200796e+00
1.625000000000000056e-01 5.269756473684964249e+00
1.635000000000000064e-01 5.070141387202136585e+00
1.645000000000000073e-01 4.986286688987014770e+00
1.655000000000000082e-01 4.953562904317698745e+00
1.665000000000000091e-01 4.778490656336858322e+00
1.675000000000000100e-01 4.709157137568745988e+00
1.685000000000000109e-01 4.653322179976725259e+00
1.695000000000000118e-01 4.493589206059627195e+00
1.705000000000000127e-01 4.409529984190321272e+00
1.715000000000000135e-01 4.323016478470817603e+00
1.724999999999999867e-01 4.244479395264459498e+00
1.734999999999999876e-01 4.136286382201533662e+00
1.744999999999999885e-01 4.039955741081234564e+00
1.754999999999999893e-01 3.976757931938618373e+00
1.764999999999999902e-01 3.859361354437447655e+00
1.774999999999999911e-01 3.732556688843848391e+00
1.784999999999999920e-01 3.672631258168163715e+00
1.794999999999999929e-01 3.637862236957015494e+00
1.804999999999999938e-01 3.583049897635911307e+00
1.814999999999999947e-01 3.478742834002466644e+00
1.824999999999999956e-01 3.419430974289331626e+00
1.834999999999999964e-01 3.327190806252697364e+00
1.844999999999999973e-01 3.290785595808083386e+00
1.854999999999999982e-01 3.189546386987387017e+00
1.864999999999999991e-01 3.163776406560300902e+00
1.875000000000000000e-01 3.086466465279042115e+00
1.885000000000000009e-01 3.005679621876668151e+00
1.895000000000000018e-01 2.920393258082263355e+00
1.905000000000000027e-01 2.891350899188245727e+00
1.915000000000000036e-01 2.825903329849613677e+00
1.925000000000000044e-01 2.785816693629701746e+00
1.935000000000000053e-01 2.721596266216169457e+00
1.945000000000000062e-01 2.652058223793873015e+00
1.955000000000000071e-01 2.582929228679943012e+00
1.965000000000000080e-01 2.478826688700681569e+00
1.975000000000000089e-01 2.453056708273595454e+00
1.985000000000000098e-01 2.444671238452083450e+00
1.995000000000000107e-01 2.387813662589146624e+00
2.005000000000000115e-01 2.363066300432976607e+00
2.015000000000000124e-01 2.285142788189168161e+00
2.025000000000000133e-01 2.245669722931805889e+00
2.034999999999999865e-01 2.194743333040182875e+00
2.044999999999999873e-01 2.150157176428239669e+00
2.054999999999999882e-01 2.090436269406738212e+00
2.064999999999999891e-01 2.078164850155744592e+00
2.074999999999999900e-01 2.017216801209143817e+00
2.084999999999999909e-01 1.974675881139033251e+00
2.094999999999999918e-01 1.949519471674496573e+00
2.104999999999999927e-01 1.950133042637046232e+00
2.114999999999999936e-01 1.872618577701604226e+00
2.124999999999999944e-01 1.804103153550223881e+00
2.134999999999999953e-01 1.789172926794848406e+00
2.144999999999999962e-01 1.754199381929517187e+00
2.154999999999999971e-01 1.727406783231514753e+00
2.164999999999999980e-01 1.679957295461006472e+00
2.174999999999999989e-01 1.686297528740686502e+00
2.184999999999999998e-01 1.651528507529538281e+00
2.195000000000000007e-01 1.580149752219593084e+00
2.205000000000000016e-01 1.575445708173378812e+00
2.215000000000000024e-01 1.539858592345497712e+00
2.225000000000000033e-01 1.503657905555066954e+00
2.235000000000000042e-01 1.482182921865828451e+00
2.245000000000000051e-01 1.457231036055474993e+00
2.255000000000000060e-01 1.422462014844326772e+00
2.265000000000000069e-01 1.371944672261070419e+00
2.275000000000000078e-01 1.353742067038763430e+00
2.285000000000000087e-01 1.363763726093741413e+00
2.295000000000000095e-01 1.325926850069844898e+00
2.305000000000000104e-01 1.299134251371842463e+00
2.315000000000000113e-01 1.235936442229226051e+00
2.325000000000000122e-01 1.215484076810903646e+00
2.335000000000000131e-01 1.216097647773453305e+00
2.344999999999999862e-01 1.195031711392581242e+00
2.354999999999999871e-01 1.182351244833221182e+00
2.364999999999999880e-01 1.155149598826852309e+00
2.374999999999999889e-01 1.144309845155141447e+00
2.384999999999999898e-01 1.106268445477061713e+00
2.394999999999999907e-01 1.083975367171090110e+00
2.404999999999999916e-01 1.073340137153562468e+00
2.414999999999999925e-01 1.050638011539224648e+00
2.424999999999999933e-01 1.045320396530460716e+00
2.434999999999999942e-01 1.019959463411740819e+00
2.444999999999999951e-01 9.890763916300739922e-01
2.454999999999999960e-01 9.604430800444225813e-01
2.464999999999999969e-01 9.647380767822703040e-01
2.474999999999999978e-01 9.579887961942238350e-01
2.484999999999999987e-01 9.348776232715194645e-01
2.494999999999999996e-01 9.189247782452280022e-01
2.505000000000000004e-01 9.095166901527996783e-01
2.515000000000000013e-01 8.935638451265081050e-01
2.525000000000000022e-01 8.516364960189470867e-01
2.535000000000000031e-01 8.440691208141677393e-01
2.545000000000000040e-01 8.256619919376775307e-01
2.555000000000000049e-01 8.420238842723355432e-01
2.565000000000000058e-01 8.082774813321035312e-01
2.575000000000000067e-01 7.780079805129862525e-01
2.585000000000000075e-01 7.677817978038250502e-01
2.595000000000000084e-01 7.696225106914740266e-01
2.605000000000000093e-01 7.596008516364960439e-01
2.615000000000000102e-01 7.260589723504472515e-01
2.625000000000000111e-01 7.405801517974561765e-01
2.635000000000000120e-01 6.892447145974668343e-01
2.645000000000000129e-01 6.970166134564292904e-01
2.655000000000000138e-01 6.554983116572347113e-01
2.665000000000000147e-01 6.651109234038462548e-01
2.675000000000000155e-01 6.657244943663959136e-01
2.685000000000000164e-01 6.597933083950824340e-01
2.695000000000000173e-01 6.215473850628194796e-01
2.705000000000000182e-01 6.135709625496736930e-01
2.715000000000000191e-01 6.033447798405124907e-01
2.725000000000000200e-01 5.976181175233822307e-01
2.735000000000000209e-01 6.125483442787575949e-01
2.745000000000000218e-01 5.812562251887242182e-01
2.755000000000000226e-01 5.761431338341436170e-01
2.765000000000000235e-01 5.702119478628301374e-01
2.775000000000000244e-01 5.581450522660198477e-01
2.785000000000000253e-01 5.556907684158211014e-01
2.795000000000000262e-01 5.250122202883374944e-01
2.805000000000000271e-01 5.368745922309644536e-01
2.814999999999999725e-01 5.426012545480948246e-01
2.824999999999999734e-01 5.182629397002910254e-01
2.834999999999999742e-01 4.945381958150369961e-01
2.844999999999999751e-01 5.008784290947169149e-01
2.854999999999999760e-01 4.888115334979067361e-01
2.864999999999999769e-01 4.489294209321779139e-01
2.874999999999999778e-01 4.718360702006990648e-01
2.884999999999999787e-01 4.530198940158424170e-01
2.894999999999999796e-01 4.622234584540875213e-01
2.904999999999999805e-01 4.517927520907430439e-01
2.914999999999999813e-01 4.368625253353676796e-01
2.924999999999999822e-01 4.170237308795948783e-01
2.934999999999999831e-01 4.207051566548929422e-01
2.944999999999999840e-01 4.227503931967251938e-01
2.954999999999999849e-01 3.973894600780053521e-01
2.964999999999999858e-01 4.041387406660517656e-01
2.974999999999999867e-01 3.932989869943408490e-01
2.984999999999999876e-01 4.006618385449369213e-01
2.994999999999999885e-01 3.887994666023099066e-01
3.004999999999999893e-01 3.724375742676519496e-01
3.014999999999999902e-01 3.742782871553009816e-01
3.024999999999999911e-01 3.665063882963384145e-01
3.034999999999999920e-01 3.491218776907643595e-01
3.044999999999999929e-01 3.560756819329939926e-01
3.054999999999999938e-01 3.339871272812057201e-01
3.064999999999999947e-01 3.421680734485346709e-01
3.074999999999999956e-01 3.268287993847928674e-01
3.084999999999999964e-01 3.305102251600908758e-01
3.094999999999999973e-01 3.118985726294174476e-01
3.104999999999999982e-01 3.243745155345941766e-01
3.114999999999999991e-01 3.100578597417684157e-01
3.125000000000000000e-01 3.076035758915697249e-01
3.135000000000000009e-01 3.051492920413710341e-01
3.145000000000000018e-01 2.932869200987440195e-01
3.155000000000000027e-01 2.949231093322098318e-01
3.165000000000000036e-01 2.971728695282253030e-01
3.175000000000000044e-01 2.877647814357969791e-01
3.185000000000000053e-01 2.789702643059183140e-01
3.195000000000000062e-01 2.787657406517350944e-01
3.205000000000000071e-01 2.677214633258409582e-01
3.215000000000000080e-01 2.624038483170771374e-01
3.225000000000000089e-01 2.534048075330152527e-01
3.235000000000000098e-01 2.513595709911830012e-01
3.245000000000000107e-01 2.411333882820217711e-01
3.255000000000000115e-01 2.499279054119004084e-01
3.265000000000000124e-01 2.572907569624964808e-01
3.275000000000000133e-01 2.296800636477611957e-01
3.285000000000000142e-01 2.458374323282359331e-01
3.295000000000000151e-01 2.345886313481585772e-01
3.305000000000000160e-01 2.065688907250567974e-01
3.315000000000000169e-01 2.315207765354101999e-01
3.325000000000000178e-01 2.149543605465690232e-01
3.335000000000000187e-01 2.141362659298361171e-01
3.345000000000000195e-01 2.163860261258515882e-01
3.355000000000000204e-01 2.174086443967677140e-01
3.365000000000000213e-01 2.098412691919883943e-01
3.375000000000000222e-01 2.030919886039419808e-01
3.385000000000000231e-01 2.020693703330258828e-01
3.395000000000000240e-01 1.985924682119110662e-01
3.405000000000000249e-01 1.945019951282465631e-01
3.415000000000000258e-01 1.752767716350234484e-01
3.425000000000000266e-01 1.777310554852221391e-01
3.435000000000000275e-01 1.865255726151008042e-01
3.444999999999999729e-01 1.769129608684892607e-01
3.454999999999999738e-01 1.787536737561382649e-01
3.464999999999999747e-01 1.670958254676944699e-01
3.474999999999999756e-01 1.734360587473744442e-01
3.484999999999999765e-01 1.758903425975731349e-01
3.494999999999999774e-01 1.662777308509615637e-01
3.504999999999999782e-01 1.621872577672970883e-01
3.514999999999999791e-01 1.570741664127164594e-01
3.524999999999999800e-01 1.568696427585332398e-01
3.534999999999999809e-01 1.560515481418003336e-01
3.544999999999999818e-01 1.452117944700894447e-01
3.554999999999999827e-01 1.495067912079371675e-01
3.564999999999999836e-01 1.423484633115242870e-01
3.574999999999999845e-01 1.427575106198907540e-01
3.584999999999999853e-01 1.478706019744713551e-01
3.594999999999999862e-01 1.396896558071423766e-01
3.604999999999999871e-01 1.386670375362262508e-01
3.614999999999999880e-01 1.400987031155088158e-01
3.624999999999999889e-01 1.347810881067449951e-01
3.634999999999999898e-01 1.394851321529591570e-01
3.644999999999999907e-01 1.227141925099347330e-01
3.654999999999999916e-01 1.351901354151114343e-01
3.664999999999999925e-01 1.261910946310495496e-01
3.674999999999999933e-01 1.282363311728818012e-01
3.684999999999999942e-01 1.159649119218883334e-01
3.694999999999999951e-01 1.188282430804534773e-01
3.704999999999999960e-01 1.206689559681024954e-01
3.714999999999999969e-01 1.110563442214909380e-01
3.724999999999999978e-01 1.120789624924070638e-01
3.734999999999999987e-01 1.155558646135218803e-01
3.744999999999999996e-01 1.083975367171090137e-01
3.755000000000000004e-01 1.143287226884225349e-01
3.765000000000000013e-01 1.061477765210935564e-01
3.775000000000000022e-01 9.776230669958134445e-02
3.785000000000000031e-01 1.024663507457955064e-01
3.795000000000000040e-01 1.024663507457955064e-01
3.805000000000000049e-01 9.448992823264974750e-02
3.815000000000000058e-01 1.026708743999787260e-01
3.825000000000000067e-01 9.837587766213101714e-02
3.835000000000000075e-01 9.592159381193232637e-02
3.845000000000000084e-01 9.448992823264974750e-02
3.855000000000000093e-01 9.244469169081750981e-02
3.865000000000000102e-01 8.814969495296978708e-02
3.875000000000000111e-01 8.487731648603819012e-02
3.885000000000000120e-01 8.365017456093884474e-02
3.895000000000000129e-01 8.630898206532076899e-02
3.905000000000000138e-01 8.774064764460333399e-02
3.915000000000000147e-01 8.508184014022142361e-02
3.925000000000000155e-01 8.917231322388591286e-02
3.935000000000000164e-01 8.630898206532076899e-02
3.945000000000000173e-01 8.140041436492337357e-02
3.955000000000000182e-01 8.017327243982402818e-02
3.965000000000000191e-01 8.119589071074015396e-02
3.975000000000000200e-01 7.199232627249504968e-02
3.985000000000000209e-01 8.119589071074015396e-02
3.995000000000000218e-01 7.096970800157892389e-02
4.005000000000000226e-01 7.853708320635822970e-02
4.015000000000000235e-01 7.096970800157892389e-02
4.025000000000000244e-01 7.137875530994537698e-02
4.035000000000000253e-01 6.340233279679961809e-02
4.045000000000000262e-01 6.749280588046410734e-02
4.055000000000000271e-01 7.894613051472468279e-02
4.064999999999999725e-01 6.503852203026541656e-02
4.074999999999999734e-01 5.644852855456997803e-02
4.084999999999999742e-01 7.281042088922794198e-02
4.094999999999999751e-01 6.217519087170026576e-02
4.104999999999999760e-01 6.299328548843316500e-02
4.114999999999999769e-01 6.135709625496736652e-02
4.124999999999999778e-01 6.299328548843316500e-02
4.134999999999999787e-01 6.319780914261638460e-02
4.144999999999999796e-01 5.828924144221900305e-02
4.154999999999999805e-01 5.931185971313512190e-02
4.164999999999999813e-01 5.890281240476867575e-02
4.174999999999999822e-01 5.583495759202030534e-02
4.184999999999999831e-01 5.460781566692095995e-02
4.194999999999999840e-01 5.399424470437128726e-02
4.204999999999999849e-01 5.072186623743969031e-02
4.214999999999999858e-01 4.458615661194295643e-02
4.224999999999999867e-01 5.338067374182161456e-02
4.234999999999999876e-01 5.992543067568479459e-02
4.244999999999999885e-01 5.133543719998936300e-02
4.254999999999999893e-01 5.358519739600483417e-02
4.264999999999999902e-01 5.051734258325647070e-02
4.274999999999999911e-01 4.969924796652357146e-02
4.284999999999999920e-01 4.356353834102683065e-02
4.294999999999999929e-01 4.417710930357650334e-02
4.304999999999999938e-01 4.540425122867585567e-02
4.314999999999999947e-01 4.315449103266038450e-02
4.324999999999999956e-01 4.131377814501135948e-02
4.334999999999999964e-01 3.967758891154556794e-02
4.344999999999999973e-01 4.560877488285907527e-02
4.354999999999999982e-01 4.151830179919458602e-02
4.364999999999999991e-01 3.926854160317911485e-02
4.375000000000000000e-01 3.885949429481266870e-02
4.385000000000000009e-01 4.438163295775972988e-02
4.395000000000000018e-01 4.049568352827846718e-02
4.405000000000000027e-01 3.640521044461397099e-02
4.415000000000000036e-01 4.192734910756103911e-02
4.425000000000000044e-01 3.476902121114817945e-02
4.435000000000000053e-01 3.824592333226299601e-02
4.445000000000000062e-01 3.722330506134687023e-02
4.455000000000000071e-01 3.640521044461397099e-02
4.465000000000000080e-01 4.090473083664491333e-02
4.475000000000000089e-01 3.885949429481266870e-02
4.485000000000000098e-01 3.620068679043075138e-02
4.495000000000000107e-01 3.660973409879719753e-02
4.505000000000000115e-01 3.415545024859849982e-02
4.515000000000000124e-01 3.129211909003335595e-02
4.525000000000000133e-01 2.965592985656756095e-02
4.535000000000000142e-01 3.538259217369785214e-02
4.545000000000000151e-01 3.231473736094948174e-02
4.555000000000000160e-01 3.435997390278172636e-02
4.565000000000000169e-01 2.801974062310176594e-02
4.575000000000000178e-01 3.129211909003335595e-02
4.585000000000000187e-01 3.211021370676625519e-02
4.595000000000000195e-01 3.026950081911723711e-02
4.605000000000000204e-01 3.129211909003335595e-02
4.615000000000000213e-01 2.904235889401788825e-02
4.625000000000000222e-01 2.842878793146821556e-02
4.635000000000000231e-01 2.761069331473531632e-02
4.645000000000000240e-01 2.720164600636886670e-02
4.655000000000000249e-01 2.904235889401788825e-02
4.665000000000000258e-01 2.352022023107082360e-02
4.675000000000000266e-01 2.801974062310176594e-02
4.685000000000000275e-01 2.311117292270437745e-02
4.694999999999999729e-01 2.822426427728498902e-02
4.704999999999999738e-01 2.413379119362049977e-02
4.714999999999999747e-01 2.617902773545274439e-02
4.724999999999999756e-01 2.474736215617017246e-02
4.734999999999999765e-01 2.229307830597147821e-02
4.744999999999999774e-01 2.413379119362049977e-02
4.754999999999999782e-01 2.699712235218564363e-02
4.764999999999999791e-01 2.270212561433792783e-02
4.774999999999999800e-01 2.045236541832245666e-02
4.784999999999999809e-01 2.188403099760502860e-02
4.794999999999999818e-01 1.922522349322310781e-02
4.804999999999999827e-01 2.004331810995600704e-02
4.814999999999999836e-01 1.615736868047474087e-02
4.824999999999999845e-01 2.249760196015470129e-02
4.834999999999999853e-01 1.983879445577278397e-02
4.844999999999999862e-01 1.983879445577278397e-02
4.854999999999999871e-01 2.290664926852115091e-02
4.864999999999999880e-01 1.922522349322310781e-02
4.874999999999999889e-01 1.963427080158955743e-02
4.884999999999999898e-01 1.636189233465796394e-02
4.894999999999999907e-01 1.840712887649021204e-02
4.904999999999999916e-01 1.595284502629151779e-02
4.914999999999999925e-01 1.288499021354314739e-02
4.924999999999999933e-01 2.024784176413923359e-02
4.934999999999999942e-01 1.983879445577278397e-02
4.944999999999999951e-01 1.697546329720764011e-02
4.954999999999999960e-01 1.717998695139086318e-02
4.964999999999999969e-01 1.758903425975731280e-02
4.974999999999999978e-01 1.677093964302441356e-02
4.984999999999999987e-01 1.922522349322310781e-02
4.994999999999999996e-01 1.595284502629151779e-02
5.004999999999999449e-01 1.758903425975731280e-02
5.014999999999999458e-01 1.288499021354314739e-02
5.024999999999999467e-01 1.268046655935992258e-02
5.034999999999999476e-01 1.268046655935992258e-02
5.044999999999999485e-01 1.390760848445926970e-02
5.054999999999999494e-01 1.595284502629151779e-02
5.064999999999999503e-01 1.370308483027604662e-02
5.074999999999999512e-01 1.799808156812376242e-02
5.084999999999999520e-01 1.431665579282571932e-02
5.094999999999999529e-01 1.043070636334445314e-02
5.104999999999999538e-01 1.390760848445926970e-02
5.114999999999999547e-01 1.227141925099347469e-02
5.124999999999999556e-01 1.002165905497800352e-02
5.134999999999999565e-01 1.145332463426057545e-02
5.144999999999999574e-01 1.288499021354314739e-02
5.154999999999999583e-01 1.411213213864249451e-02
5.164999999999999591e-01 1.370308483027604662e-02
5.174999999999999600e-01 1.165784828844380026e-02
5.184999999999999609e-01 1.411213213864249451e-02
5.194999999999999618e-01 1.165784828844380026e-02
5.204999999999999627e-01 1.124880098007735064e-02
5.214999999999999636e-01 1.452117944700894413e-02
5.224999999999999645e-01 1.288499021354314739e-02
5.234999999999999654e-01 1.268046655935992258e-02
5.244999999999999662e-01 1.063523001752767795e-02
5.254999999999999671e-01 1.083975367171090276e-02
5.264999999999999680e-01 1.349856117609282181e-02
5.274999999999999689e-01 8.794517129878656400e-03
5.284999999999999698e-01 9.203564438245106019e-03
5.294999999999999707e-01 1.022618270916122833e-02
5.304999999999999716e-01 1.145332463426057545e-02
5.314999999999999725e-01 1.002165905497800352e-02
5.324999999999999734e-01 1.043070636334445314e-02
5.334999999999999742e-01 9.612611746611553903e-03
5.344999999999999751e-01 1.165784828844380026e-02
5.354999999999999760e-01 1.022618270916122833e-02
5.364999999999999769e-01 9.817135400794778713e-03
5.374999999999999778e-01 8.794517129878656400e-03
5.384999999999999787e-01 1.002165905497800352e-02
5.394999999999999796e-01 6.135709625496737346e-03
5.404999999999999805e-01 8.794517129878656400e-03
5.414999999999999813e-01 8.794517129878656400e-03
5.424999999999999822e-01 1.022618270916122833e-02
5.434999999999999831e-01 8.999040784061881210e-03
5.444999999999999840e-01 6.953804242229634849e-03
5.454999999999999849e-01 1.022618270916122833e-02
5.464999999999999858e-01 6.544756933863186098e-03
5.474999999999999867e-01 7.158327896412859659e-03
5.484999999999999876e-01 9.203564438245106019e-03
5.494999999999999885e-01 1.022618270916122833e-02
5.504999999999999893e-01 8.999040784061881210e-03
5.514999999999999902e-01 6.749280588046410907e-03
5.524999999999999911e-01 1.043070636334445314e-02
5.534999999999999920e-01 8.589993475695431591e-03
5.544999999999999929e-01 6.749280588046410907e-03
5.554999999999999938e-01 5.931185971313512537e-03
5.564999999999999947e-01 6.749280588046410907e-03
5.574999999999999956e-01 7.976422513145758897e-03
5.584999999999999964e-01 8.180946167328981972e-03
5.594999999999999973e-01 6.749280588046410907e-03
5.604999999999999982e-01 6.749280588046410907e-03
5.614999999999999991e-01 6.340233279679961288e-03
5.625000000000000000e-01 6.135709625496737346e-03
5.635000000000000009e-01 6.135709625496737346e-03
5.645000000000000018e-01 8.385469821512206781e-03
5.655000000000000027e-01 6.340233279679961288e-03
5.665000000000000036e-01 5.317615008763838975e-03
5.675000000000000044e-01 3.885949429481266610e-03
5.685000000000000053e-01 6.953804242229634849e-03
5.695000000000000062e-01 5.522138662947062918e-03
5.705000000000000071e-01 4.090473083664490986e-03
5.715000000000000080e-01 4.908567700397389356e-03
5.725000000000000089e-01 4.499520392030940605e-03
5.735000000000000098e-01 6.953804242229634849e-03
5.745000000000000107e-01 6.135709625496737346e-03
5.755000000000000115e-01 6.749280588046410907e-03
5.765000000000000124e-01 3.681425775298042234e-03
5.775000000000000133e-01 4.499520392030940605e-03
5.785000000000000142e-01 5.726662317130287727e-03
5.795000000000000151e-01 3.681425775298042234e-03
5.805000000000000160e-01 4.294996737847715795e-03
5.815000000000000169e-01 4.090473083664490986e-03
5.825000000000000178e-01 4.294996737847715795e-03
5.835000000000000187e-01 5.113091354580614166e-03
5.845000000000000195e-01 3.476902121114817425e-03
5.855000000000000204e-01 4.908567700397389356e-03
5.865000000000000213e-01 3.272378466931593049e-03
5.875000000000000222e-01 4.090473083664490986e-03
5.885000000000000231e-01 5.317615008763838975e-03
5.895000000000000240e-01 3.885949429481266610e-03
5.905000000000000249e-01 5.522138662947062918e-03
5.915000000000000258e-01 4.499520392030940605e-03
5.925000000000000266e-01 3.681425775298042234e-03
5.935000000000000275e-01 5.317615008763838975e-03
5.945000000000000284e-01 3.272378466931593049e-03
5.955000000000000293e-01 3.681425775298042234e-03
5.965000000000000302e-01 3.272378466931593049e-03
5.975000000000000311e-01 3.681425775298042234e-03
5.985000000000000320e-01 4.090473083664490986e-03
5.995000000000000329e-01 3.885949429481266610e-03
6.005000000000000338e-01 4.704044046214165414e-03
6.015000000000000346e-01 3.067854812748368673e-03
6.025000000000000355e-01 3.681425775298042234e-03
6.035000000000000364e-01 3.476902121114817425e-03
6.045000000000000373e-01 3.067854812748368673e-03
6.055000000000000382e-01 2.658807504381919488e-03
6.065000000000000391e-01 3.272378466931593049e-03
6.075000000000000400e-01 2.863331158565143864e-03
6.085000000000000409e-01 4.090473083664490986e-03
6.095000000000000417e-01 2.863331158565143864e-03
6.105000000000000426e-01 2.658807504381919488e-03
6.115000000000000435e-01 1.840712887649021117e-03
6.125000000000000444e-01 3.067854812748368673e-03
6.135000000000000453e-01 3.272378466931593049e-03
6.145000000000000462e-01 2.454283850198694678e-03
6.155000000000000471e-01 1.431665579282571932e-03
6.165000000000000480e-01 2.863331158565143864e-03
6.175000000000000488e-01 3.885949429481266610e-03
6.185000000000000497e-01 2.658807504381919488e-03
6.195000000000000506e-01 2.249760196015470302e-03
6.205000000000000515e-01 2.863331158565143864e-03
6.215000000000000524e-01 2.454283850198694678e-03
6.225000000000000533e-01 2.249760196015470302e-03
6.235000000000000542e-01 3.067854812748368673e-03
6.245000000000000551e-01 3.272378466931593049e-03
6.254999999999999449e-01 2.249760196015470302e-03
6.264999999999999458e-01 2.658807504381919488e-03
6.274999999999999467e-01 2.658807504381919488e-03
6.284999999999999476e-01 2.045236541832245493e-03
6.294999999999999485e-01 2.454283850198694678e-03
6.304999999999999494e-01 1.431665579282571932e-03
6.314999999999999503e-01 2.045236541832245493e-03
6.324999999999999512e-01 1.022618270916122746e-03
6.334999999999999520e-01 2.249760196015470302e-03
6.344999999999999529e-01 1.022618270916122746e-03
6.354999999999999538e-01 2.249760196015470302e-03
6.364999999999999547e-01 1.636189233465796524e-03
6.374999999999999556e-01 2.045236541832245493e-03
6.384999999999999565e-01 2.045236541832245493e-03
6.394999999999999574e-01 1.636189233465796524e-03
6.404999999999999583e-01 2.249760196015470302e-03
6.414999999999999591e-01 3.272378466931593049e-03
6.424999999999999600e-01 1.227141925099347339e-03
6.434999999999999609e-01 2.454283850198694678e-03
6.444999999999999618e-01 1.431665579282571932e-03
6.454999999999999627e-01 2.658807504381919488e-03
6.464999999999999636e-01 1.636189233465796524e-03
6.474999999999999645e-01 4.090473083664491311e-04
6.484999999999999654e-01 2.249760196015470302e-03
6.494999999999999662e-01 2.249760196015470302e-03
6.504999999999999671e-01 1.227141925099347339e-03
6.514999999999999680e-01 2.045236541832245493e-03
6.524999999999999689e-01 1.636189233465796524e-03
6.534999999999999698e-01 2.658807504381919488e-03
6.544999999999999707e-01 1.431665579282571932e-03
6.554999999999999716e-01 2.249760196015470302e-03
6.564999999999999725e-01 1.022618270916122746e-03
6.574999999999999734e-01 1.636189233465796524e-03
6.584999999999999742e-01 1.227141925099347339e-03
6.594999999999999751e-01 1.636189233465796524e-03
6.604999999999999760e-01 1.227141925099347339e-03
6.614999999999999769e-01 8.180946167328982622e-04
6.624999999999999778e-01 1.022618270916122746e-03
6.634999999999999787e-01 1.431665579282571932e-03
6.644999999999999796e-01 1.227141925099347339e-03
6.654999999999999805e-01 1.431665579282571932e-03
6.664999999999999813e-01 1.431665579282571932e-03
6.674999999999999822e-01 1.022618270916122746e-03
6.684999999999999831e-01 1.431665579282571932e-03
6.694999999999999840e-01 1.022618270916122746e-03
6.704999999999999849e-01 4.090473083664491311e-04
6.714999999999999858e-01 4.090473083664491311e-04
6.724999999999999867e-01 1.227141925099347339e-03
6.734999999999999876e-01 1.431665579282571932e-03
6.744999999999999885e-01 6.135709625496736696e-04
6.754999999999999893e-01 2.045236541832245493e-03
6.764999999999999902e-01 8.180946167328982622e-04
6.774999999999999911e-01 1.431665579282571932e-03
6.784999999999999920e-01 1.227141925099347339e-03
6.794999999999999929e-01 2.045236541832245493e-03
6.804999999999999938e-01 1.636189233465796524e-03
6.814999999999999947e-01 8.180946167328982622e-04
6.824999999999999956e-01 8.180946167328982622e-04
6.834999999999999964e-01 1.022618270916122746e-03
6.844999999999999973e-01 4.090473083664491311e-04
6.854999999999999982e-01 1.636189233465796524e-03
6.864999999999999991e-01 2.045236541832245493e-03
6.875000000000000000e-01 1.227141925099347339e-03
6.885000000000000009e-01 1.022618270916122746e-03
6.895000000000000018e-01 6.135709625496736696e-04
6.905000000000000027e-01 4.090473083664491311e-04
6.915000000000000036e-01 6.135709625496736696e-04
6.925000000000000044e-01 4.090473083664491311e-04
6.935000000000000053e-01 4.090473083664491311e-04
6.945000000000000062e-01 1.227141925099347339e-03
6.955000000000000071e-01 2.045236541832245656e-04
6.965000000000000080e-01 6.135709625496736696e-04
6.975000000000000089e-01 1.227141925099347339e-03
6.985000000000000098e-01 1.022618270916122746e-03
6.995000000000000107e-01 6.135709625496736696e-04
7.005000000000000115e-01 8.180946167328982622e-04
7.015000000000000124e-01 8.180946167328982622e-04
7.025000000000000133e-01 4.090473083664491311e-04
7.035000000000000142e-01 1.022618270916122746e-03
7.045000000000000151e-01 2.045236541832245656e-04
7.055000000000000160e-01 1.431665579282571932e-03
7.065000000000000169e-01 6.135709625496736696e-04
7.075000000000000178e-01 4.090473083664491311e-04
7.085000000000000187e-01 6.135709625496736696e-04
7.095000000000000195e-01 6.135709625496736696e-04
7.105000000000000204e-01 4.090473083664491311e-04
7.115000000000000213e-01 0.000000000000000000e+00
7.125000000000000222e-01 8.180946167328982622e-04
7.135000000000000231e-01 6.135709625496736696e-04
7.145000000000000240e-01 6.135709625496736696e-04
7.155000000000000249e-01 1.431665579282571932e-03
7.165000000000000258e-01 8.180946167328982622e-04
7.175000000000000266e-01 4.090473083664491311e-04
7.185000000000000275e-01 8.180946167328982622e-04
7.195000000000000284e-01 8.180946167328982622e-04
7.205000000000000293e-01 1.022618270916122746e-03
7.215000000000000302e-01 4.090473083664491311e-04
7.225000000000000311e-01 2.045236541832245656e-04
7.235000000000000320e-01 1.022618270916122746e-03
7.245000000000000329e-01 4.090473083664491311e-04
7.255000000000000338e-01 1.022618270916122746e-03
7.265000000000000346e-01 4.090473083664491311e-04
7.275000000000000355e-01 1.022618270916122746e-03
7.285000000000000364e-01 1.022618270916122746e-03
7.295000000000000373e-01 2.045236541832245656e-04
7.305000000000000382e-01 8.180946167328982622e-04
7.315000000000000391e-01 4.090473083664491311e-04
7.325000000000000400e-01 4.090473083664491311e-04
7.335000000000000409e-01 6.135709625496736696e-04
7.345000000000000417e-01 4.090473083664491311e-04
7.355000000000000426e-01 6.135709625496736696e-04
7.365000000000000435e-01 2.045236541832245656e-04
7.375000000000000444e-01 4.090473083664491311e-04
7.385000000000000453e-01 4.090473083664491311e-04
7.395000000000000462e-01 4.090473083664491311e-04
7.405000000000000471e-01 2.045236541832245656e-04
7.415000000000000480e-01 6.135709625496736696e-04
7.425000000000000488e-01 2.045236541832245656e-04
7.435000000000000497e-01 2.045236541832245656e-04
7.445000000000000506e-01 4.090473083664491311e-04
7.455000000000000515e-01 4.090473083664491311e-04
7.465000000000000524e-01 4.090473083664491311e-04
7.475000000000000533e-01 2.045236541832245656e-04
7.485000000000000542e-01 2.045236541832245656e-04
7.495000000000000551e-01 2.045236541832245656e-04
7.504999999999999449e-01 8.180946167328982622e-04
7.514999999999999458e-01 2.045236541832245656e-04
7.524999999999999467e-01 2.045236541832245656e-04
7.534999999999999476e-01 4.090473083664491311e-04
7.544999999999999485e-01 4.090473083664491311e-04
7.554999999999999494e-01 6.135709625496736696e-04
7.564999999999999503e-01 8.180946167328982622e-04
7.574999999999999512e-01 4.090473083664491311e-04
7.584999999999999520e-01 6.135709625496736696e-04
7.594999999999999529e-01 4.090473083664491311e-04
7.604999999999999538e-01 4.090473083664491311e-04
7.614999999999999547e-01 4.090473083664491311e-04
7.624999999999999556e-01 2.045236541832245656e-04
7.634999999999999565e-01 2.045236541832245656e-04
7.644999999999999574e-01 6.135709625496736696e-04
7.654999999999999583e-01 6.135709625496736696e-04
7.664999999999999591e-01 4.090473083664491311e-04
7.674999999999999600e-01 2.045236541832245656e-04
7.684999999999999609e-01 4.090473083664491311e-04
7.694999999999999618e-01 0.000000000000000000e+00
7.704999999999999627e-01 4.090473083664491311e-04
7.714999999999999636e-01 0.000000000000000000e+00
7.724999999999999645e-01 0.000000000000000000e+00
7.734999999999999654e-01 0.000000000000000000e+00
7.744999999999999662e-01 2.045236541832245656e-04
7.754999999999999671e-01 1.022618270916122746e-03
7.764999999999999680e-01 0.000000000000000000e+00
7.774999999999999689e-01 0.000000000000000000e+00
7.784999999999999698e-01 6.135709625496736696e-04
7.794999999999999707e-01 0.000000000000000000e+00
7.804999999999999716e-01 0.000000000000000000e+00
7.814999999999999725e-01 8.180946167328982622e-04
7.824999999999999734e-01 2.045236541832245656e-04
7.834999999999999742e-01 2.045236541832245656e-04
7.844999999999999751e-01 4.090473083664491311e-04
7.854999999999999760e-01 0.000000000000000000e+00
7.864999999999999769e-01 2.045236541832245656e-04
7.874999999999999778e-01 2.045236541832245656e-04
7.884999999999999787e-01 0.000000000000000000e+00
7.894999999999999796e-01 0.000000000000000000e+00
7.904999999999999805e-01 0.000000000000000000e+00
7.914999999999999813e-01 2.045236541832245656e-04
7.924999999999999822e-01 0.000000000000000000e+00
7.934999999999999831e-01 2.045236541832245656e-04
7.944999999999999840e-01 0.000000000000000000e+00
7.954999999999999849e-01 0.000000000000000000e+00
7.964999999999999858e-01 0.000000000000000000e+00
7.974999999999999867e-01 0.000000000000000000e+00
7.984999999999999876e-01 4.090473083664491311e-04
7.994999999999999885e-01 0.000000000000000000e+00
8.004999999999999893e-01 0.000000000000000000e+00
8.014999999999999902e-01 2.045236541832245656e-04
8.024999999999999911e-01 0.000000000000000000e+00
8.034999999999999920e-01 2.045236541832245656e-04
8.044999999999999929e-01 0.000000000000000000e+00
8.054999999999999938e-01 4.090473083664491311e-04
8.064999999999999947e-01 0.000000000000000000e+00
8.074999999999999956e-01 0.000000000000000000e+00
8.084999999999999964e-01 0.000000000000000000e+00
8.094999999999999973e-01 0.000000000000000000e+00
8.104999999999999982e-01 0.000000000000000000e+00
8.114999999999999991e-01 2.045236541832245656e-04
8.125000000000000000e-01 4.090473083664491311e-04
8.135000000000000009e-01 4.090473083664491311e-04
8.145000000000000018e-01 4.090473083664491311e-04
8.155000000000000027e-01 2.045236541832245656e-04
8.165000000000000036e-01 2.045236541832245656e-04
8.175000000000000044e-01 0.000000000000000000e+00
8.185000000000000053e-01 4.090473083664491311e-04
8.195000000000000062e-01 0.000000000000000000e+00
8.205000000000000071e-01 0.000000000000000000e+00
8.215000000000000080e-01 0.000000000000000000e+00
8.225000000000000089e-01 0.000000000000000000e+00
8.235000000000000098e-01 2.045236541832245656e-04
8.245000000000000107e-01 0.000000000000000000e+00
8.255000000000000115e-01 2.045236541832245656e-04
8.265000000000000124e-01 0.000000000000000000e+00
8.275000000000000133e-01 0.000000000000000000e+00
8.285000000000000142e-01 2.045236541832245656e-04
8.295000000000000151e-01 2.045236541832245656e-04
8.305000000000000160e-01 2.045236541832245656e-04
8.315000000000000169e-01 2.045236541832245656e-04
8.325000000000000178e-01 0.000000000000000000e+00
8.335000000000000187e-01 2.045236541832245656e-04
8.345000000000000195e-01 2.045236541832245656e-04
8.355000000000000204e-01 2.045236541832245656e-04
8.365000000000000213e-01 0.000000000000000000e+00
8.375000000000000222e-01 2.045236541832245656e-04
8.385000000000000231e-01 0.000000000000000000e+00
8.395000000000000240e-01 0.000000000000000000e+00
8.405000000000000249e-01 0.000000000000000000e+00
8.415000000000000258e-01 0.000000000000000000e+00
8.425000000000000266e-01 2.045236541832245656e-04
8.435000000000000275e-01 0.000000000000000000e+00
8.445000000000000284e-01 0.000000000000000000e+00
8.455000000000000293e-01 0.000000000000000000e+00
8.465000000000000302e-01 0.000000000000000000e+00
8.475000000000000311e-01 2.045236541832245656e-04
8.485000000000000320e-01 2.045236541832245656e-04
8.495000000000000329e-01 0.000000000000000000e+00
8.505000000000000338e-01 0.000000000000000000e+00
8.515000000000000346e-01 0.000000000000000000e+00
8.525000000000000355e-01 0.000000000000000000e+00
8.535000000000000364e-01 0.000000000000000000e+00
8.545000000000000373e-01 0.000000000000000000e+00
8.555000000000000382e-01 2.045236541832245656e-04
8.565000000000000391e-01 0.000000000000000000e+00
8.575000000000000400e-01 2.045236541832245656e-04
8.585000000000000409e-01 0.000000000000000000e+00
8.595000000000000417e-01 0.000000000000000000e+00
8.605000000000000426e-01 2.045236541832245656e-04
8.615000000000000435e-01 0.000000000000000000e+00
8.625000000000000444e-01 0.000000000000000000e+00
8.635000000000000453e-01 0.000000000000000000e+00
8.645000000000000462e-01 0.000000000000000000e+00
8.655000000000000471e-01 2.045236541832245656e-04
8.665000000000000480e-01 0.000000000000000000e+00
8.675000000000000488e-01 0.000000000000000000e+00
8.685000000000000497e-01 0.000000000000000000e+00
8.695000000000000506e-01 0.000000000000000000e+00
8.705000000000000515e-01 2.045236541832245656e-04
8.715000000000000524e-01 0.000000000000000000e+00
8.725000000000000533e-01 0.000000000000000000e+00
8.735000000000000542e-01 0.000000000000000000e+00
8.745000000000000551e-01 2.045236541832245656e-04
8.754999999999999449e-01 0.000000000000000000e+00
8.764999999999999458e-01 0.000000000000000000e+00
8.774999999999999467e-01 0.000000000000000000e+00
8.784999999999999476e-01 0.000000000000000000e+00
8.794999999999999485e-01 0.000000000000000000e+00
8.804999999999999494e-01 2.045236541832245656e-04
8.814999999999999503e-01 2.045236541832245656e-04
8.824999999999999512e-01 4.090473083664491311e-04
8.834999999999999520e-01 0.000000000000000000e+00
8.844999999999999529e-01 0.000000000000000000e+00
8.854999999999999538e-01 0.000000000000000000e+00
8.864999999999999547e-01 0.000000000000000000e+00
8.874999999999999556e-01 0.000000000000000000e+00
8.884999999999999565e-01 0.000000000000000000e+00
8.894999999999999574e-01 2.045236541832245656e-04
8.904999999999999583e-01 2.045236541832245656e-04
8.914999999999999591e-01 0.000000000000000000e+00
8.924999999999999600e-01 2.045236541832245656e-04
8.934999999999999609e-01 0.000000000000000000e+00
8.944999999999999618e-01 0.000000000000000000e+00
8.954999999999999627e-01 0.000000000000000000e+00
8.964999999999999636e-01 2.045236541832245656e-04
8.974999999999999645e-01 2.045236541832245656e-04
8.984999999999999654e-01 0.000000000000000000e+00
8.994999999999999662e-01 0.000000000000000000e+00
9.004999999999999671e-01 0.000000000000000000e+00
9.014999999999999680e-01 2.045236541832245656e-04
9.024999999999999689e-01 0.000000000000000000e+00
9.034999999999999698e-01 0.000000000000000000e+00
9.044999999999999707e-01 0.000000000000000000e+00
9.054999999999999716e-01 0.000000000000000000e+00
9.064999999999999725e-01 0.000000000000000000e+00
9.074999999999999734e-01 0.000000000000000000e+00
9.084999999999999742e-01 0.000000000000000000e+00
9.094999999999999751e-01 2.045236541832245656e-04
9.104999999999999760e-01 2.045236541832245656e-04
9.114999999999999769e-01 0.000000000000000000e+00
9.124999999999999778e-01 2.045236541832245656e-04
9.134999999999999787e-01 0.000000000000000000e+00
9.144999999999999796e-01 0.000000000000000000e+00
9.154999999999999805e-01 0.000000000000000000e+00
9.164999999999999813e-01 2.045236541832245656e-04
9.174999999999999822e-01 0.000000000000000000e+00
9.184999999999999831e-01 0.000000000000000000e+00
9.194999999999999840e-01 0.000000000000000000e+00
9.204999999999999849e-01 2.045236541832245656e-04
9.214999999999999858e-01 2.045236541832245656e-04
9.224999999999999867e-01 0.000000000000000000e+00
9.234999999999999876e-01 0.000000000000000000e+00
9.244999999999999885e-01 0.000000000000000000e+00
9.254999999999999893e-01 0.000000000000000000e+00
9.264999999999999902e-01 0.000000000000000000e+00
9.274999999999999911e-01 0.000000000000000000e+00
9.284999999999999920e-01 0.000000000000000000e+00
9.294999999999999929e-01 0.000000000000000000e+00
9.304999999999999938e-01 0.000000000000000000e+00
9.314999999999999947e-01 0.000000000000000000e+00
9.324999999999999956e-01 2.045236541832245656e-04
9.334999999999999964e-01 0.000000000000000000e+00
9.344999999999999973e-01 0.000000000000000000e+00
9.354999999999999982e-01 0.000000000000000000e+00
9.364999999999999991e-01 0.000000000000000000e+00
9.375000000000000000e-01 0.000000000000000000e+00
9.385000000000000009e-01 0.000000000000000000e+00
9.395000000000000018e-01 0.000000000000000000e+00
9.405000000000000027e-01 0.000000000000000000e+00
9.415000000000000036e-01 2.045236541832245656e-04
9.425000000000000044e-01 0.000000000000000000e+00
9.435000000000000053e-01 0.000000000000000000e+00
9.445000000000000062e-01 2.045236541832245656e-04
9.455000000000000071e-01 0.000000000000000000e+00
9.465000000000000080e-01 2.045236541832245656e-04
9.475000000000000089e-01 0.000000000000000000e+00
9.485000000000000098e-01 0.000000000000000000e+00
9.495000000000000107e-01 0.000000000000000000e+00
9.505000000000000115e-01 0.000000000000000000e+00
9.515000000000000124e-01 0.000000000000000000e+00
9.525000000000000133e-01 0.000000000000000000e+00
9.535000000000000142e-01 0.000000000000000000e+00
9.545000000000000151e-01 0.000000000000000000e+00
9.555000000000000160e-01 0.000000000000000000e+00
9.565000000000000169e-01 0.000000000000000000e+00
9.575000000000000178e-01 0.000000000000000000e+00
9.585000000000000187e-01 0.000000000000000000e+00
9.595000000000000195e-01 0.000000000000000000e+00
9.605000000000000204e-01 0.000000000000000000e+00
9.615000000000000213e-01 0.000000000000000000e+00
9.625000000000000222e-01 0.000000000000000000e+00
9.635000000000000231e-01 2.045236541832245656e-04
9.645000000000000240e-01 0.000000000000000000e+00
9.655000000000000249e-01 0.000000000000000000e+00
9.665000000000000258e-01 0.000000000000000000e+00
9.675000000000000266e-01 0.000000000000000000e+00
9.685000000000000275e-01 0.000000000000000000e+00
9.695000000000000284e-01 0.000000000000000000e+00
9.705000000000000293e-01 0.000000000000000000e+00
9.715000000000000302e-01 0.000000000000000000e+00
9.725000000000000311e-01 0.000000000000000000e+00
9.735000000000000320e-01 0.000000000000000000e+00
9.745000000000000329e-01 0.000000000000000000e+00
9.755000000000000338e-01 0.000000000000000000e+00
9.765000000000000346e-01 0.000000000000000000e+00
9.775000000000000355e-01 0.000000000000000000e+00
9.785000000000000364e-01 0.000000000000000000e+00
9.795000000000000373e-01 0.000000000000000000e+00
9.805000000000000382e-01 0.000000000000000000e+00
9.815000000000000391e-01 2.045236541832245656e-04
9.825000000000000400e-01 0.000000000000000000e+00
9.835000000000000409e-01 0.000000000000000000e+00
9.845000000000000417e-01 0.000000000000000000e+00
9.855000000000000426e-01 0.000000000000000000e+00
9.865000000000000435e-01 0.000000000000000000e+00
9.875000000000000444e-01 0.000000000000000000e+00
9.885000000000000453e-01 0.000000000000000000e+00
9.895000000000000462e-01 2.045236541832245656e-04
9.905000000000000471e-01 0.000000000000000000e+00
9.915000000000000480e-01 0.000000000000000000e+00
9.925000000000000488e-01 0.000000000000000000e+00
9.935000000000000497e-01 0.000000000000000000e+00
9.945000000000000506e-01 0.000000000000000000e+00
9.955000000000000515e-01 0.000000000000000000e+00
9.965000000000000524e-01 0.000000000000000000e+00
9.975000000000000533e-01 0.000000000000000000e+00
9.985000000000000542e-01 0.000000000000000000e+00
9.995000000000000551e-01 0.000000000000000000e+00
1.000499999999999945e+00 0.000000000000000000e+00
