5.000000000000000104e-04 0.000000000000000000e+00
1.500000000000000031e-03 0.000000000000000000e+00
2.500000000000000052e-03 0.000000000000000000e+00
3.500000000000000073e-03 0.000000000000000000e+00
4.499999999999999660e-03 0.000000000000000000e+00
5.499999999999999681e-03 0.000000000000000000e+00
6.499999999999999702e-03 0.000000000000000000e+00
7.499999999999999722e-03 0.000000000000000000e+00
8.500000000000000611e-03 0.000000000000000000e+00
9.499999999999999764e-03 0.000000000000000000e+00
1.050000000000000065e-02 0.000000000000000000e+00
1.149999999999999981e-02 0.000000000000000000e+00
1.250000000000000069e-02 9.999999999999999547e-08
1.349999999999999985e-02 9.999999999999999547e-08
1.450000000000000074e-02 9.999999999999999547e-08
1.549999999999999989e-02 9.999999999999999547e-08
1.650000000000000078e-02 9.999999999999999547e-08
1.750000000000000167e-02 1.999999999999999909e-07
1.849999999999999908e-02 1.999999999999999909e-07
1.949999999999999997e-02 2.999999999999999864e-07
2.050000000000000086e-02 3.999999999999999819e-07
2.149999999999999828e-02 4.999999999999999774e-07
2.249999999999999917e-02 5.999999999999999728e-07
2.350000000000000006e-02 7.999999999999999638e-07
2.450000000000000094e-02 9.999999999999999547e-07
2.549999999999999836e-02 1.300000000000000047e-06
2.649999999999999925e-02 1.599999999999999928e-06
2.750000000000000014e-02 1.999999999999999909e-06
2.850000000000000103e-02 2.500000000000000205e-06
2.949999999999999845e-02 3.199999999999999855e-06
3.049999999999999933e-02 3.999999999999999819e-06
3.150000000000000022e-02 5.000000000000000409e-06
3.250000000000000111e-02 6.199999999999999931e-06
3.350000000000000200e-02 7.700000000000000816e-06
3.450000000000000289e-02 9.500000000000000523e-06
3.549999999999999684e-02 1.180000000000000052e-05
3.649999999999999772e-02 1.460000000000000082e-05
3.749999999999999861e-02 1.809999999999999950e-05
3.849999999999999950e-02 2.220000000000000090e-05
3.950000000000000039e-02 2.739999999999999855e-05
4.050000000000000128e-02 3.359999999999999679e-05
4.150000000000000216e-02 4.119999999999999856e-05
4.250000000000000305e-02 5.050000000000000100e-05
4.349999999999999700e-02 6.169999999999999541e-05
4.449999999999999789e-02 7.519999999999999829e-05
4.549999999999999878e-02 9.160000000000000390e-05
4.649999999999999967e-02 1.113999999999999973e-04
4.750000000000000056e-02 1.352000000000000066e-04
4.850000000000000144e-02 1.636999999999999946e-04
4.950000000000000233e-02 1.979999999999999881e-04
5.050000000000000322e-02 2.391000000000000113e-04
5.149999999999999717e-02 2.882000000000000122e-04
5.249999999999999806e-02 3.467000000000000247e-04
5.349999999999999895e-02 4.164999999999999866e-04
5.449999999999999983e-02 4.993999999999999958e-04
5.550000000000000072e-02 5.978000000000000024e-04
5.650000000000000161e-02 7.142999999999999610e-04
5.750000000000000250e-02 8.522000000000000061e-04
5.850000000000000339e-02 1.014900000000000004e-03
5.949999999999999734e-02 1.206500000000000107e-03
6.049999999999999822e-02 1.431999999999999896e-03
6.149999999999999911e-02 1.696699999999999988e-03
6.250000000000000000e-02 2.006899999999999830e-03
6.350000000000000089e-02 2.369800000000000031e-03
6.450000000000000178e-02 2.793499999999999976e-03
6.550000000000000266e-02 3.287500000000000058e-03
6.650000000000000355e-02 3.862200000000000095e-03
6.750000000000000444e-02 4.529799999999999625e-03
6.850000000000000533e-02 5.303800000000000008e-03
6.950000000000000622e-02 6.199500000000000149e-03
7.049999999999999323e-02 7.234299999999999932e-03
7.149999999999999412e-02 8.427699999999999775e-03
7.249999999999999500e-02 9.801400000000000043e-03
7.349999999999999589e-02 1.137990000000000008e-02
7.449999999999999678e-02 1.319039999999999969e-02
7.549999999999999767e-02 1.526339999999999988e-02
7.649999999999999856e-02 1.763259999999999827e-02
7.749999999999999944e-02 2.033559999999999882e-02
7.850000000000000033e-02 2.341390000000000138e-02
7.950000000000000122e-02 2.691330000000000111e-02
8.050000000000000211e-02 3.088420000000000054e-02
8.150000000000000300e-02 3.538220000000000254e-02
8.250000000000000389e-02 4.046809999999999991e-02
8.350000000000000477e-02 4.620849999999999957e-02
8.450000000000000566e-02 5.267609999999999654e-02
8.550000000000000655e-02 5.994979999999999754e-02
8.649999999999999356e-02 6.811549999999999550e-02
8.749999999999999445e-02 7.726639999999999897e-02
8.849999999999999534e-02 8.750280000000000558e-02
8.949999999999999623e-02 9.893309999999999604e-02
9.049999999999999711e-02 1.116735999999999979e-01
9.149999999999999800e-02 1.258494000000000002e-01
9.249999999999999889e-02 1.415935999999999861e-01
9.349999999999999978e-02 1.590487999999999902e-01
9.450000000000000067e-02 1.783660999999999996e-01
9.550000000000000155e-02 1.997060999999999975e-01
9.650000000000000244e-02 2.232381999999999977e-01
9.750000000000000333e-02 2.491414000000000128e-01
9.850000000000000422e-02 2.776034000000000002e-01
9.950000000000000511e-02 3.088212000000000179e-01
1.005000000000000060e-01 3.430001999999999773e-01
1.015000000000000069e-01 3.803542999999999785e-01
1.024999999999999939e-01 4.211054000000000186e-01
1.034999999999999948e-01 4.654827000000000270e-01
1.044999999999999957e-01 5.137222999999999651e-01
1.054999999999999966e-01 5.660663000000000222e-01
1.064999999999999974e-01 6.227620999999999851e-01
1.074999999999999983e-01 6.840612999999999833e-01
1.084999999999999992e-01 7.502183999999999520e-01
1.095000000000000001e-01 8.214901999999999482e-01
1.105000000000000010e-01 8.981341000000000463e-01
1.115000000000000019e-01 9.804064000000000112e-01
1.125000000000000028e-01 1.068561400000000106e+00
1.135000000000000037e-01 1.162849299999999975e+00
1.145000000000000046e-01 1.263514500000000096e+00
1.155000000000000054e-01 1.370794000000000068e+00
1.165000000000000063e-01 1.484915200000000102e+00
1.174999999999999933e-01 1.606094200000000027e+00
1.184999999999999942e-01 1.734533499999999950e+00
1.194999999999999951e-01 1.870419999999999972e+00
1.204999999999999960e-01 2.013923199999999802e+00
1.214999999999999969e-01 2.165192499999999853e+00
1.224999999999999978e-01 2.324355600000000077e+00
1.234999999999999987e-01 2.491516199999999959e+00
1.244999999999999996e-01 2.666751699999999836e+00
1.255000000000000004e-01 2.850111899999999920e+00
1.265000000000000013e-01 3.041616400000000109e+00
1.275000000000000022e-01 3.241253100000000220e+00
1.285000000000000031e-01 3.448976500000000112e+00
1.295000000000000040e-01 3.664706199999999914e+00
1.305000000000000049e-01 3.888325299999999984e+00
1.315000000000000058e-01 4.119679600000000441e+00
1.325000000000000067e-01 4.358576099999999620e+00
1.335000000000000075e-01 4.604782600000000059e+00
1.345000000000000084e-01 4.858026800000000200e+00
1.355000000000000093e-01 5.117996200000000329e+00
1.365000000000000102e-01 5.384337900000000232e+00
1.375000000000000111e-01 5.656658799999999765e+00
1.385000000000000120e-01 5.934525800000000295e+00
1.395000000000000129e-01 6.217467000000000077e+00
1.405000000000000138e-01 6.504971900000000140e+00
1.414999999999999869e-01 6.796493299999999849e+00
1.424999999999999878e-01 7.091448500000000266e+00
1.434999999999999887e-01 7.389220899999999759e+00
1.444999999999999896e-01 7.689162200000000169e+00
1.454999999999999905e-01 7.990594699999999939e+00
1.464999999999999913e-01 8.292813499999999394e+00
1.474999999999999922e-01 8.595089299999999710e+00
1.484999999999999931e-01 8.896671400000000673e+00
1.494999999999999940e-01 9.196790599999999927e+00
1.504999999999999949e-01 9.494662399999999280e+00
1.514999999999999958e-01 9.789490499999999429e+00
1.524999999999999967e-01 1.008047039999999939e+01
1.534999999999999976e-01 1.036679250000000074e+01
1.544999999999999984e-01 1.064764629999999990e+01
1.554999999999999993e-01 1.092222369999999998e+01
1.565000000000000002e-01 1.118972310000000014e+01
1.575000000000000011e-01 1.144935279999999977e+01
1.585000000000000020e-01 1.170033519999999960e+01
1.595000000000000029e-01 1.194190960000000068e+01
1.605000000000000038e-01 1.217333700000000007e+01
1.615000000000000047e-01 1.239390269999999994e+01
1.625000000000000056e-01 1.260291989999999984e+01
1.635000000000000064e-01 1.279973339999999915e+01
1.645000000000000073e-01 1.298372230000000016e+01
1.655000000000000082e-01 1.315430309999999992e+01
1.665000000000000091e-01 1.331093259999999923e+01
1.675000000000000100e-01 1.345311049999999931e+01
1.685000000000000109e-01 1.358038140000000027e+01
1.695000000000000118e-01 1.369233769999999950e+01
1.705000000000000127e-01 1.378862069999999918e+01
1.715000000000000135e-01 1.386892280000000000e+01
1.724999999999999867e-01 1.393298889999999979e+01
1.734999999999999876e-01 1.398061749999999925e+01
1.744999999999999885e-01 1.401166130000000010e+01
1.754999999999999893e-01 1.402602850000000068e+01
1.764999999999999902e-01 1.402368249999999961e+01
1.774999999999999911e-01 1.400464239999999982e+01
1.784999999999999920e-01 1.396898290000000031e+01
1.794999999999999929e-01 1.391683349999999919e+01
1.804999999999999938e-01 1.384837800000000030e+01
1.814999999999999947e-01 1.376385359999999913e+01
1.824999999999999956e-01 1.366354940000000084e+01
1.834999999999999964e-01 1.354780550000000083e+01
1.844999999999999973e-01 1.341701059999999934e+01
1.854999999999999982e-01 1.327160040000000052e+01
1.864999999999999991e-01 1.311205559999999970e+01
1.875000000000000000e-01 1.293889899999999926e+01
1.885000000000000009e-01 1.275269370000000002e+01
1.895000000000000018e-01 1.255403950000000002e+01
1.905000000000000027e-01 1.234357050000000022e+01
1.915000000000000036e-01 1.212195189999999911e+01
1.925000000000000044e-01 1.188987700000000025e+01
1.935000000000000053e-01 1.164806349999999924e+01
1.945000000000000062e-01 1.139725010000000083e+01
1.955000000000000071e-01 1.113819359999999925e+01
1.965000000000000080e-01 1.087166449999999962e+01
1.975000000000000089e-01 1.059844419999999943e+01
1.985000000000000098e-01 1.031932089999999924e+01
1.995000000000000107e-01 1.003508620000000029e+01
2.005000000000000115e-01 9.746531600000000850e+00
2.015000000000000124e-01 9.454444799999999205e+00
2.025000000000000133e-01 9.159606699999999435e+00
2.034999999999999865e-01 8.862787400000000204e+00
2.044999999999999873e-01 8.564743699999999293e+00
2.054999999999999882e-01 8.266215600000000663e+00
2.064999999999999891e-01 7.967923599999999773e+00
2.074999999999999900e-01 7.670565500000000370e+00
2.084999999999999909e-01 7.374814599999999665e+00
2.094999999999999918e-01 7.081316499999999792e+00
2.104999999999999927e-01 6.790687600000000046e+00
2.114999999999999936e-01 6.503512699999999924e+00
2.124999999999999944e-01 6.220343800000000201e+00
2.134999999999999953e-01 5.941697900000000310e+00
2.144999999999999962e-01 5.668056499999999609e+00
2.154999999999999971e-01 5.399864400000000231e+00
2.164999999999999980e-01 5.137528500000000165e+00
2.174999999999999989e-01 4.881418000000000035e+00
2.184999999999999998e-01 4.631863899999999923e+00
2.195000000000000007e-01 4.389158600000000021e+00
2.205000000000000016e-01 4.153556799999999605e+00
2.215000000000000024e-01 3.925275399999999859e+00
2.225000000000000033e-01 3.704494299999999907e+00
2.235000000000000042e-01 3.491357199999999938e+00
2.245000000000000051e-01 3.285972800000000138e+00
2.255000000000000060e-01 3.088415799999999933e+00
2.265000000000000069e-01 2.898728199999999866e+00
2.275000000000000078e-01 2.716920899999999861e+00
2.285000000000000087e-01 2.542975199999999880e+00
2.295000000000000095e-01 2.376844600000000085e+00
2.305000000000000104e-01 2.218456399999999995e+00
2.315000000000000113e-01 2.067713900000000216e+00
2.325000000000000122e-01 1.924497600000000030e+00
2.335000000000000131e-01 1.788667900000000088e+00
2.344999999999999862e-01 1.660066599999999948e+00
2.354999999999999871e-01 1.538518899999999912e+00
2.364999999999999880e-01 1.423835600000000090e+00
2.374999999999999889e-01 1.315814400000000051e+00
2.384999999999999898e-01 1.214242400000000055e+00
2.394999999999999907e-01 1.118897699999999995e+00
2.404999999999999916e-01 1.029550799999999988e+00
2.414999999999999925e-01 9.459667000000000492e-01
2.424999999999999933e-01 8.679065999999999725e-01
2.434999999999999942e-01 7.951287999999999689e-01
2.444999999999999951e-01 7.273906999999999456e-01
2.454999999999999960e-01 6.644497999999999793e-01
2.464999999999999969e-01 6.060649000000000175e-01
2.474999999999999978e-01 5.519975999999999772e-01
2.484999999999999987e-01 5.020128000000000368e-01
2.494999999999999996e-01 4.558800000000000074e-01
2.505000000000000004e-01 4.133738000000000135e-01
2.515000000000000013e-01 3.742748000000000186e-01
2.525000000000000022e-01 3.383702000000000099e-01
2.535000000000000031e-01 3.054543000000000119e-01
2.545000000000000040e-01 2.753287999999999847e-01
2.555000000000000049e-01 2.478032000000000012e-01
2.565000000000000058e-01 2.226952000000000098e-01
2.575000000000000067e-01 1.998308000000000029e-01
2.585000000000000075e-01 1.790441000000000116e-01
2.595000000000000084e-01 1.601779999999999871e-01
2.605000000000000093e-01 1.430835000000000024e-01
2.615000000000000102e-01 1.276200999999999863e-01
2.625000000000000111e-01 1.136554000000000036e-01
2.635000000000000120e-01 1.010652999999999968e-01
2.645000000000000129e-01 8.973330000000000195e-02
2.655000000000000138e-01 7.955059999999999909e-02
2.665000000000000147e-01 7.041590000000000349e-02
2.675000000000000155e-01 6.223499999999999865e-02
2.685000000000000164e-01 5.492049999999999710e-02
2.695000000000000173e-01 4.839149999999999702e-02
2.705000000000000182e-01 4.257330000000000142e-02
2.715000000000000191e-01 3.739710000000000256e-02
2.725000000000000200e-01 3.279979999999999701e-02
2.735000000000000209e-01 2.872330000000000022e-02
2.745000000000000218e-01 2.511470000000000022e-02
2.755000000000000226e-01 2.192569999999999936e-02
2.765000000000000235e-01 1.911190000000000111e-02
2.775000000000000244e-01 1.663359999999999839e-02
2.785000000000000253e-01 1.445409999999999924e-02
2.795000000000000262e-01 1.254079999999999952e-02
2.805000000000000271e-01 1.086389999999999925e-02
2.814999999999999725e-01 9.396599999999999744e-03
2.824999999999999734e-01 8.114800000000000138e-03
2.834999999999999742e-01 6.996999999999999748e-03
2.844999999999999751e-01 6.023699999999999888e-03
2.854999999999999760e-01 5.177700000000000358e-03
2.864999999999999769e-01 4.443599999999999807e-03
2.874999999999999778e-01 3.807699999999999800e-03
2.884999999999999787e-01 3.257599999999999819e-03
2.894999999999999796e-01 2.782600000000000091e-03
2.904999999999999805e-01 2.373199999999999789e-03
2.914999999999999813e-01 2.020800000000000114e-03
2.924999999999999822e-01 1.718099999999999966e-03
2.934999999999999831e-01 1.458400000000000104e-03
2.944999999999999840e-01 1.235999999999999903e-03
2.954999999999999849e-01 1.045899999999999998e-03
2.964999999999999858e-01 8.836000000000000104e-04
2.974999999999999867e-01 7.454000000000000122e-04
2.984999999999999876e-01 6.277000000000000244e-04
2.994999999999999885e-01 5.278000000000000356e-04
3.004999999999999893e-01 4.430999999999999826e-04
3.014999999999999902e-01 3.714999999999999769e-04
3.024999999999999911e-01 3.109000000000000218e-04
3.034999999999999920e-01 2.597000000000000241e-04
3.044999999999999929e-01 2.167000000000000089e-04
3.054999999999999938e-01 1.804999999999999964e-04
3.064999999999999947e-01 1.500999999999999893e-04
3.074999999999999956e-01 1.245999999999999929e-04
3.084999999999999964e-01 1.033000000000000037e-04
3.094999999999999973e-01 8.550000000000000471e-05
3.104999999999999982e-01 7.059999999999999490e-05
3.114999999999999991e-01 5.830000000000000086e-05
3.125000000000000000e-01 4.800000000000000122e-05
3.135000000000000009e-01 3.949999999999999789e-05
3.145000000000000018e-01 3.240000000000000150e-05
3.155000000000000027e-01 2.659999999999999943e-05
3.165000000000000036e-01 2.180000000000000134e-05
3.175000000000000044e-01 1.779999999999999898e-05
3.185000000000000053e-01 1.450000000000000009e-05
3.195000000000000062e-01 1.180000000000000052e-05
3.205000000000000071e-01 9.599999999999999566e-06
3.215000000000000080e-01 7.799999999999999859e-06
3.225000000000000089e-01 6.299999999999999821e-06
3.235000000000000098e-01 5.100000000000000299e-06
3.245000000000000107e-01 4.099999999999999709e-06
3.255000000000000115e-01 3.300000000000000168e-06
3.265000000000000124e-01 2.699999999999999984e-06
3.275000000000000133e-01 2.200000000000000112e-06
3.285000000000000142e-01 1.700000000000000029e-06
3.295000000000000151e-01 1.399999999999999937e-06
3.305000000000000160e-01 1.100000000000000056e-06
3.315000000000000169e-01 8.999999999999999593e-07
3.325000000000000178e-01 6.999999999999999683e-07
3.335000000000000187e-01 5.999999999999999728e-07
3.345000000000000195e-01 3.999999999999999819e-07
3.355000000000000204e-01 3.999999999999999819e-07
3.365000000000000213e-01 2.999999999999999864e-07
3.375000000000000222e-01 1.999999999999999909e-07
3.385000000000000231e-01 1.999999999999999909e-07
3.395000000000000240e-01 9.999999999999999547e-08
3.405000000000000249e-01 9.999999999999999547e-08
3.415000000000000258e-01 9.999999999999999547e-08
3.425000000000000266e-01 9.999999999999999547e-08
3.435000000000000275e-01 9.999999999999999547e-08
3.444999999999999729e-01 0.000000000000000000e+00
3.454999999999999738e-01 0.000000000000000000e+00
3.464999999999999747e-01 0.000000000000000000e+00
3.474999999999999756e-01 0.000000000000000000e+00
3.484999999999999765e-01 0.000000000000000000e+00
3.494999999999999774e-01 0.000000000000000000e+00
3.504999999999999782e-01 0.000000000000000000e+00
3.514999999999999791e-01 0.000000000000000000e+00
3.524999999999999800e-01 0.000000000000000000e+00
3.534999999999999809e-01 0.000000000000000000e+00
3.544999999999999818e-01 0.000000000000000000e+00
3.554999999999999827e-01 0.000000000000000000e+00
3.564999999999999836e-01 0.000000000000000000e+00
3.574999999999999845e-01 0.000000000000000000e+00
3.584999999999999853e-01 0.000000000000000000e+00
3.594999999999999862e-01 0.000000000000000000e+00
3.604999999999999871e-01 0.000000000000000000e+00
3.614999999999999880e-01 0.000000000000000000e+00
3.624999999999999889e-01 0.000000000000000000e+00
3.634999999999999898e-01 0.000000000000000000e+00
3.644999999999999907e-01 0.000000000000000000e+00
3.654999999999999916e-01 0.000000000000000000e+00
3.664999999999999925e-01 0.000000000000000000e+00
3.674999999999999933e-01 0.000000000000000000e+00
3.684999999999999942e-01 0.000000000000000000e+00
3.694999999999999951e-01 0.000000000000000000e+00
3.704999999999999960e-01 0.000000000000000000e+00
3.714999999999999969e-01 0.000000000000000000e+00
3.724999999999999978e-01 0.000000000000000000e+00
3.734999999999999987e-01 0.000000000000000000e+00
3.744999999999999996e-01 0.000000000000000000e+00
3.755000000000000004e-01 0.000000000000000000e+00
3.765000000000000013e-01 0.000000000000000000e+00
3.775000000000000022e-01 0.000000000000000000e+00
3.785000000000000031e-01 0.000000000000000000e+00
3.795000000000000040e-01 0.000000000000000000e+00
3.805000000000000049e-01 0.000000000000000000e+00
3.815000000000000058e-01 0.000000000000000000e+00
3.825000000000000067e-01 0.000000000000000000e+00
3.835000000000000075e-01 0.000000000000000000e+00
3.845000000000000084e-01 0.000000000000000000e+00
3.855000000000000093e-01 0.000000000000000000e+00
3.865000000000000102e-01 0.000000000000000000e+00
3.875000000000000111e-01 0.000000000000000000e+00
3.885000000000000120e-01 0.000000000000000000e+00
3.895000000000000129e-01 0.000000000000000000e+00
3.905000000000000138e-01 0.000000000000000000e+00
3.915000000000000147e-01 0.000000000000000000e+00
3.925000000000000155e-01 0.000000000000000000e+00
3.935000000000000164e-01 0.000000000000000000e+00
3.945000000000000173e-01 0.000000000000000000e+00
3.955000000000000182e-01 0.000000000000000000e+00
3.965000000000000191e-01 0.000000000000000000e+00
3.975000000000000200e-01 0.000000000000000000e+00
3.985000000000000209e-01 0.000000000000000000e+00
3.995000000000000218e-01 0.000000000000000000e+00
4.005000000000000226e-01 0.000000000000000000e+00
4.015000000000000235e-01 0.000000000000000000e+00
4.025000000000000244e-01 0.000000000000000000e+00
4.035000000000000253e-01 0.000000000000000000e+00
4.045000000000000262e-01 0.000000000000000000e+00
4.055000000000000271e-01 0.000000000000000000e+00
4.064999999999999725e-01 0.000000000000000000e+00
4.074999999999999734e-01 0.000000000000000000e+00
4.084999999999999742e-01 0.000000000000000000e+00
4.094999999999999751e-01 0.000000000000000000e+00
4.104999999999999760e-01 0.000000000000000000e+00
4.114999999999999769e-01 0.000000000000000000e+00
4.124999999999999778e-01 0.000000000000000000e+00
4.134999999999999787e-01 0.000000000000000000e+00
4.144999999999999796e-01 0.000000000000000000e+00
4.154999999999999805e-01 0.000000000000000000e+00
4.164999999999999813e-01 0.000000000000000000e+00
4.174999999999999822e-01 0.000000000000000000e+00
4.184999999999999831e-01 0.000000000000000000e+00
4.194999999999999840e-01 0.000000000000000000e+00
4.204999999999999849e-01 0.000000000000000000e+00
4.214999999999999858e-01 0.000000000000000000e+00
4.224999999999999867e-01 0.000000000000000000e+00
4.234999999999999876e-01 0.000000000000000000e+00
4.244999999999999885e-01 0.000000000000000000e+00
4.254999999999999893e-01 0.000000000000000000e+00
4.264999999999999902e-01 0.000000000000000000e+00
4.274999999999999911e-01 0.000000000000000000e+00
4.284999999999999920e-01 0.000000000000000000e+00
4.294999999999999929e-01 0.000000000000000000e+00
4.304999999999999938e-01 0.000000000000000000e+00
4.314999999999999947e-01 0.000000000000000000e+00
4.324999999999999956e-01 0.000000000000000000e+00
4.334999999999999964e-01 0.000000000000000000e+00
4.344999999999999973e-01 0.000000000000000000e+00
4.354999999999999982e-01 0.000000000000000000e+00
4.364999999999999991e-01 0.000000000000000000e+00
4.375000000000000000e-01 0.000000000000000000e+00
4.385000000000000009e-01 0.000000000000000000e+00
4.395000000000000018e-01 0.000000000000000000e+00
4.405000000000000027e-01 0.000000000000000000e+00
4.415000000000000036e-01 0.000000000000000000e+00
4.425000000000000044e-01 0.000000000000000000e+00
4.435000000000000053e-01 0.000000000000000000e+00
4.445000000000000062e-01 0.000000000000000000e+00
4.455000000000000071e-01 0.000000000000000000e+00
4.465000000000000080e-01 0.000000000000000000e+00
4.475000000000000089e-01 0.000000000000000000e+00
4.485000000000000098e-01 0.000000000000000000e+00
4.495000000000000107e-01 0.000000000000000000e+00
4.505000000000000115e-01 0.000000000000000000e+00
4.515000000000000124e-01 0.000000000000000000e+00
4.525000000000000133e-01 0.000000000000000000e+00
4.535000000000000142e-01 0.000000000000000000e+00
4.545000000000000151e-01 0.000000000000000000e+00
4.555000000000000160e-01 0.000000000000000000e+00
4.565000000000000169e-01 0.000000000000000000e+00
4.575000000000000178e-01 0.000000000000000000e+00
4.585000000000000187e-01 0.000000000000000000e+00
4.595000000000000195e-01 0.000000000000000000e+00
4.605000000000000204e-01 0.000000000000000000e+00
4.615000000000000213e-01 0.000000000000000000e+00
4.625000000000000222e-01 0.000000000000000000e+00
4.635000000000000231e-01 0.000000000000000000e+00
4.645000000000000240e-01 0.000000000000000000e+00
4.655000000000000249e-01 0.000000000000000000e+00
4.665000000000000258e-01 0.000000000000000000e+00
4.675000000000000266e-01 0.000000000000000000e+00
4.685000000000000275e-01 0.000000000000000000e+00
4.694999999999999729e-01 0.000000000000000000e+00
4.704999999999999738e-01 0.000000000000000000e+00
4.714999999999999747e-01 0.000000000000000000e+00
4.724999999999999756e-01 0.000000000000000000e+00
4.734999999999999765e-01 0.000000000000000000e+00
4.744999999999999774e-01 0.000000000000000000e+00
4.754999999999999782e-01 0.000000000000000000e+00
4.764999999999999791e-01 0.000000000000000000e+00
4.774999999999999800e-01 0.000000000000000000e+00
4.784999999999999809e-01 0.000000000000000000e+00
4.794999999999999818e-01 0.000000000000000000e+00
4.804999999999999827e-01 0.000000000000000000e+00
4.814999999999999836e-01 0.000000000000000000e+00
4.824999999999999845e-01 0.000000000000000000e+00
4.834999999999999853e-01 0.000000000000000000e+00
4.844999999999999862e-01 0.000000000000000000e+00
4.854999999999999871e-01 0.000000000000000000e+00
4.864999999999999880e-01 0.000000000000000000e+00
4.874999999999999889e-01 0.000000000000000000e+00
4.884999999999999898e-01 0.000000000000000000e+00
4.894999999999999907e-01 0.000000000000000000e+00
4.904999999999999916e-01 0.000000000000000000e+00
4.914999999999999925e-01 0.000000000000000000e+00
4.924999999999999933e-01 0.000000000000000000e+00
4.934999999999999942e-01 0.000000000000000000e+00
4.944999999999999951e-01 0.000000000000000000e+00
4.954999999999999960e-01 0.000000000000000000e+00
4.964999999999999969e-01 0.000000000000000000e+00
4.974999999999999978e-01 0.000000000000000000e+00
4.984999999999999987e-01 0.000000000000000000e+00
4.994999999999999996e-01 0.000000000000000000e+00
5.004999999999999449e-01 0.000000000000000000e+00
5.014999999999999458e-01 0.000000000000000000e+00
5.024999999999999467e-01 0.000000000000000000e+00
5.034999999999999476e-01 0.000000000000000000e+00
5.044999999999999485e-01 0.000000000000000000e+00
5.054999999999999494e-01 0.000000000000000000e+00
5.064999999999999503e-01 0.000000000000000000e+00
5.074999999999999512e-01 0.000000000000000000e+00
5.084999999999999520e-01 0.000000000000000000e+00
5.094999999999999529e-01 0.000000000000000000e+00
5.104999999999999538e-01 0.000000000000000000e+00
5.114999999999999547e-01 0.000000000000000000e+00
5.124999999999999556e-01 0.000000000000000000e+00
5.134999999999999565e-01 0.000000000000000000e+00
5.144999999999999574e-01 0.000000000000000000e+00
5.154999999999999583e-01 0.000000000000000000e+00
5.164999999999999591e-01 0.000000000000000000e+00
5.174999999999999600e-01 0.000000000000000000e+00
5.184999999999999609e-01 0.000000000000000000e+00
5.194999999999999618e-01 0.000000000000000000e+00
5.204999999999999627e-01 0.000000000000000000e+00
5.214999999999999636e-01 0.000000000000000000e+00
5.224999999999999645e-01 0.000000000000000000e+00
5.234999999999999654e-01 0.000000000000000000e+00
5.244999999999999662e-01 0.000000000000000000e+00
5.254999999999999671e-01 0.000000000000000000e+00
5.264999999999999680e-01 0.000000000000000000e+00
5.274999999999999689e-01 0.000000000000000000e+00
5.284999999999999698e-01 0.000000000000000000e+00
5.294999999999999707e-01 0.000000000000000000e+00
5.304999999999999716e-01 0.000000000000000000e+00
5.314999999999999725e-01 0.000000000000000000e+00
5.324999999999999734e-01 0.000000000000000000e+00
5.334999999999999742e-01 0.000000000000000000e+00
5.344999999999999751e-01 0.000000000000000000e+00
5.354999999999999760e-01 0.000000000000000000e+00
5.364999999999999769e-01 0.000000000000000000e+00
5.374999999999999778e-01 0.000000000000000000e+00
5.384999999999999787e-01 0.000000000000000000e+00
5.394999999999999796e-01 0.000000000000000000e+00
5.404999999999999805e-01 0.000000000000000000e+00
5.414999999999999813e-01 0.000000000000000000e+00
5.424999999999999822e-01 0.000000000000000000e+00
5.434999999999999831e-01 0.000000000000000000e+00
5.444999999999999840e-01 0.000000000000000000e+00
5.454999999999999849e-01 0.000000000000000000e+00
5.464999999999999858e-01 0.000000000000000000e+00
5.474999999999999867e-01 0.000000000000000000e+00
5.484999999999999876e-01 0.000000000000000000e+00
5.494999999999999885e-01 0.000000000000000000e+00
5.504999999999999893e-01 0.000000000000000000e+00
5.514999999999999902e-01 0.000000000000000000e+00
5.524999999999999911e-01 0.000000000000000000e+00
5.534999999999999920e-01 0.000000000000000000e+00
5.544999999999999929e-01 0.000000000000000000e+00
5.554999999999999938e-01 0.000000000000000000e+00
5.564999999999999947e-01 0.000000000000000000e+00
5.574999999999999956e-01 0.000000000000000000e+00
5.584999999999999964e-01 0.000000000000000000e+00
5.594999999999999973e-01 0.000000000000000000e+00
5.604999999999999982e-01 0.000000000000000000e+00
5.614999999999999991e-01 0.000000000000000000e+00
5.625000000000000000e-01 0.000000000000000000e+00
5.635000000000000009e-01 0.000000000000000000e+00
5.645000000000000018e-01 0.000000000000000000e+00
5.655000000000000027e-01 0.000000000000000000e+00
5.665000000000000036e-01 0.000000000000000000e+00
5.675000000000000044e-01 0.000000000000000000e+00
5.685000000000000053e-01 0.000000000000000000e+00
5.695000000000000062e-01 0.000000000000000000e+00
5.705000000000000071e-01 0.000000000000000000e+00
5.715000000000000080e-01 0.000000000000000000e+00
5.725000000000000089e-01 0.000000000000000000e+00
5.735000000000000098e-01 0.000000000000000000e+00
5.745000000000000107e-01 0.000000000000000000e+00
5.755000000000000115e-01 0.000000000000000000e+00
5.765000000000000124e-01 0.000000000000000000e+00
5.775000000000000133e-01 0.000000000000000000e+00
5.785000000000000142e-01 0.000000000000000000e+00
5.795000000000000151e-01 0.000000000000000000e+00
5.805000000000000160e-01 0.000000000000000000e+00
5.815000000000000169e-01 0.000000000000000000e+00
5.825000000000000178e-01 0.000000000000000000e+00
5.835000000000000187e-01 0.000000000000000000e+00
5.845000000000000195e-01 0.000000000000000000e+00
5.855000000000000204e-01 0.000000000000000000e+00
5.865000000000000213e-01 0.000000000000000000e+00
5.875000000000000222e-01 0.000000000000000000e+00
5.885000000000000231e-01 0.000000000000000000e+00
5.895000000000000240e-01 0.000000000000000000e+00
5.905000000000000249e-01 0.000000000000000000e+00
5.915000000000000258e-01 0.000000000000000000e+00
5.925000000000000266e-01 0.000000000000000000e+00
5.935000000000000275e-01 0.000000000000000000e+00
5.945000000000000284e-01 0.000000000000000000e+00
5.955000000000000293e-01 0.000000000000000000e+00
5.965000000000000302e-01 0.000000000000000000e+00
5.975000000000000311e-01 0.000000000000000000e+00
5.985000000000000320e-01 0.000000000000000000e+00
5.995000000000000329e-01 0.000000000000000000e+00
6.005000000000000338e-01 0.000000000000000000e+00
6.015000000000000346e-01 0.000000000000000000e+00
6.025000000000000355e-01 0.000000000000000000e+00
6.035000000000000364e-01 0.000000000000000000e+00
6.045000000000000373e-01 0.000000000000000000e+00
6.055000000000000382e-01 0.000000000000000000e+00
6.065000000000000391e-01 0.000000000000000000e+00
6.075000000000000400e-01 0.000000000000000000e+00
6.085000000000000409e-01 0.000000000000000000e+00
6.095000000000000417e-01 0.000000000000000000e+00
6.105000000000000426e-01 0.000000000000000000e+00
6.115000000000000435e-01 0.000000000000000000e+00
6.125000000000000444e-01 0.000000000000000000e+00
6.135000000000000453e-01 0.000000000000000000e+00
6.145000000000000462e-01 0.000000000000000000e+00
6.155000000000000471e-01 0.000000000000000000e+00
6.165000000000000480e-01 0.000000000000000000e+00
6.175000000000000488e-01 0.000000000000000000e+00
6.185000000000000497e-01 0.000000000000000000e+00
6.195000000000000506e-01 0.000000000000000000e+00
6.205000000000000515e-01 0.000000000000000000e+00
6.215000000000000524e-01 0.000000000000000000e+00
6.225000000000000533e-01 0.000000000000000000e+00
6.235000000000000542e-01 0.000000000000000000e+00
6.245000000000000551e-01 0.000000000000000000e+00
6.254999999999999449e-01 0.000000000000000000e+00
6.264999999999999458e-01 0.000000000000000000e+00
6.274999999999999467e-01 0.000000000000000000e+00
6.284999999999999476e-01 0.000000000000000000e+00
6.294999999999999485e-01 0.000000000000000000e+00
6.304999999999999494e-01 0.000000000000000000e+00
6.314999999999999503e-01 0.000000000000000000e+00
6.324999999999999512e-01 0.000000000000000000e+00
6.334999999999999520e-01 0.000000000000000000e+00
6.344999999999999529e-01 0.000000000000000000e+00
6.354999999999999538e-01 0.000000000000000000e+00
6.364999999999999547e-01 0.000000000000000000e+00
6.374999999999999556e-01 0.000000000000000000e+00
6.384999999999999565e-01 0.000000000000000000e+00
6.394999999999999574e-01 0.000000000000000000e+00
6.404999999999999583e-01 0.000000000000000000e+00
6.414999999999999591e-01 0.000000000000000000e+00
6.424999999999999600e-01 0.000000000000000000e+00
6.434999999999999609e-01 0.000000000000000000e+00
6.444999999999999618e-01 0.000000000000000000e+00
6.454999999999999627e-01 0.000000000000000000e+00
6.464999999999999636e-01 0.000000000000000000e+00
6.474999999999999645e-01 0.000000000000000000e+00
6.484999999999999654e-01 0.000000000000000000e+00
6.494999999999999662e-01 0.000000000000000000e+00
6.504999999999999671e-01 0.000000000000000000e+00
6.514999999999999680e-01 0.000000000000000000e+00
6.524999999999999689e-01 0.000000000000000000e+00
6.534999999999999698e-01 0.000000000000000000e+00
6.544999999999999707e-01 0.000000000000000000e+00
6.554999999999999716e-01 0.000000000000000000e+00
6.564999999999999725e-01 0.000000000000000000e+00
6.574999999999999734e-01 0.000000000000000000e+00
6.584999999999999742e-01 0.000000000000000000e+00
6.594999999999999751e-01 0.000000000000000000e+00
6.604999999999999760e-01 0.000000000000000000e+00
6.614999999999999769e-01 0.000000000000000000e+00
6.624999999999999778e-01 0.000000000000000000e+00
6.634999999999999787e-01 0.000000000000000000e+00
6.644999999999999796e-01 0.000000000000000000e+00
6.654999999999999805e-01 0.000000000000000000e+00
6.664999999999999813e-01 0.000000000000000000e+00
6.674999999999999822e-01 0.000000000000000000e+00
6.684999999999999831e-01 0.000000000000000000e+00
6.694999999999999840e-01 0.000000000000000000e+00
6.704999999999999849e-01 0.000000000000000000e+00
6.714999999999999858e-01 0.000000000000000000e+00
6.724999999999999867e-01 0.000000000000000000e+00
6.734999999999999876e-01 0.000000000000000000e+00
6.744999999999999885e-01 0.000000000000000000e+00
6.754999999999999893e-01 0.000000000000000000e+00
6.764999999999999902e-01 0.000000000000000000e+00
6.774999999999999911e-01 0.000000000000000000e+00
6.784999999999999920e-01 0.000000000000000000e+00
6.794999999999999929e-01 0.000000000000000000e+00
6.804999999999999938e-01 0.000000000000000000e+00
6.814999999999999947e-01 0.000000000000000000e+00
6.824999999999999956e-01 0.000000000000000000e+00
6.834999999999999964e-01 0.000000000000000000e+00
6.844999999999999973e-01 0.000000000000000000e+00
6.854999999999999982e-01 0.000000000000000000e+00
6.864999999999999991e-01 0.000000000000000000e+00
6.875000000000000000e-01 0.000000000000000000e+00
6.885000000000000009e-01 0.000000000000000000e+00
6.895000000000000018e-01 0.000000000000000000e+00
6.905000000000000027e-01 0.000000000000000000e+00
6.915000000000000036e-01 0.000000000000000000e+00
6.925000000000000044e-01 0.000000000000000000e+00
6.935000000000000053e-01 0.000000000000000000e+00
6.945000000000000062e-01 0.000000000000000000e+00
6.955000000000000071e-01 0.000000000000000000e+00
6.965000000000000080e-01 0.000000000000000000e+00
6.975000000000000089e-01 0.000000000000000000e+00
6.985000000000000098e-01 0.000000000000000000e+00
6.995000000000000107e-01 0.000000000000000000e+00
7.005000000000000115e-01 0.000000000000000000e+00
7.015000000000000124e-01 0.000000000000000000e+00
7.025000000000000133e-01 0.000000000000000000e+00
7.035000000000000142e-01 0.000000000000000000e+00
7.045000000000000151e-01 0.000000000000000000e+00
7.055000000000000160e-01 0.000000000000000000e+00
7.065000000000000169e-01 0.000000000000000000e+00
7.075000000000000178e-01 0.000000000000000000e+00
7.085000000000000187e-01 0.000000000000000000e+00
7.095000000000000195e-01 0.000000000000000000e+00
7.105000000000000204e-01 0.000000000000000000e+00
7.115000000000000213e-01 0.000000000000000000e+00
7.125000000000000222e-01 0.000000000000000000e+00
7.135000000000000231e-01 0.000000000000000000e+00
7.145000000000000240e-01 0.000000000000000000e+00
7.155000000000000249e-01 0.000000000000000000e+00
7.165000000000000258e-01 0.000000000000000000e+00
7.175000000000000266e-01 0.000000000000000000e+00
7.185000000000000275e-01 0.000000000000000000e+00
7.195000000000000284e-01 0.000000000000000000e+00
7.205000000000000293e-01 0.000000000000000000e+00
7.215000000000000302e-01 0.000000000000000000e+00
7.225000000000000311e-01 0.000000000000000000e+00
7.235000000000000320e-01 0.000000000000000000e+00
7.245000000000000329e-01 0.000000000000000000e+00
7.255000000000000338e-01 0.000000000000000000e+00
7.265000000000000346e-01 0.000000000000000000e+00
7.275000000000000355e-01 0.000000000000000000e+00
7.285000000000000364e-01 0.000000000000000000e+00
7.295000000000000373e-01 0.000000000000000000e+00
7.305000000000000382e-01 0.000000000000000000e+00
7.315000000000000391e-01 0.000000000000000000e+00
7.325000000000000400e-01 0.000000000000000000e+00
7.335000000000000409e-01 0.000000000000000000e+00
7.345000000000000417e-01 0.000000000000000000e+00
7.355000000000000426e-01 0.000000000000000000e+00
7.365000000000000435e-01 0.000000000000000000e+00
7.375000000000000444e-01 0.000000000000000000e+00
7.385000000000000453e-01 0.000000000000000000e+00
7.395000000000000462e-01 0.000000000000000000e+00
7.405000000000000471e-01 0.000000000000000000e+00
7.415000000000000480e-01 0.000000000000000000e+00
7.425000000000000488e-01 0.000000000000000000e+00
7.435000000000000497e-01 0.000000000000000000e+00
7.445000000000000506e-01 0.000000000000000000e+00
7.455000000000000515e-01 0.000000000000000000e+00
7.465000000000000524e-01 0.000000000000000000e+00
7.475000000000000533e-01 0.000000000000000000e+00
7.485000000000000542e-01 0.000000000000000000e+00
7.495000000000000551e-01 0.000000000000000000e+00
7.504999999999999449e-01 0.000000000000000000e+00
7.514999999999999458e-01 0.000000000000000000e+00
7.524999999999999467e-01 0.000000000000000000e+00
7.534999999999999476e-01 0.000000000000000000e+00
7.544999999999999485e-01 0.000000000000000000e+00
7.554999999999999494e-01 0.000000000000000000e+00
7.564999999999999503e-01 0.000000000000000000e+00
7.574999999999999512e-01 0.000000000000000000e+00
7.584999999999999520e-01 0.000000000000000000e+00
7.594999999999999529e-01 0.000000000000000000e+00
7.604999999999999538e-01 0.000000000000000000e+00
7.614999999999999547e-01 0.000000000000000000e+00
7.624999999999999556e-01 0.000000000000000000e+00
7.634999999999999565e-01 0.000000000000000000e+00
7.644999999999999574e-01 0.000000000000000000e+00
7.654999999999999583e-01 0.000000000000000000e+00
7.664999999999999591e-01 0.000000000000000000e+00
7.674999999999999600e-01 0.000000000000000000e+00
7.684999999999999609e-01 0.000000000000000000e+00
7.694999999999999618e-01 0.000000000000000000e+00
7.704999999999999627e-01 0.000000000000000000e+00
7.714999999999999636e-01 0.000000000000000000e+00
7.724999999999999645e-01 0.000000000000000000e+00
7.734999999999999654e-01 0.000000000000000000e+00
7.744999999999999662e-01 0.000000000000000000e+00
7.754999999999999671e-01 0.000000000000000000e+00
7.764999999999999680e-01 0.000000000000000000e+00
7.774999999999999689e-01 0.000000000000000000e+00
7.784999999999999698e-01 0.000000000000000000e+00
7.794999999999999707e-01 0.000000000000000000e+00
7.804999999999999716e-01 0.000000000000000000e+00
7.814999999999999725e-01 0.000000000000000000e+00
7.824999999999999734e-01 0.000000000000000000e+00
7.834999999999999742e-01 0.000000000000000000e+00
7.844999999999999751e-01 0.000000000000000000e+00
7.854999999999999760e-01 0.000000000000000000e+00
7.864999999999999769e-01 0.000000000000000000e+00
7.874999999999999778e-01 0.000000000000000000e+00
7.884999999999999787e-01 0.000000000000000000e+00
7.894999999999999796e-01 0.000000000000000000e+00
7.904999999999999805e-01 0.000000000000000000e+00
7.914999999999999813e-01 0.000000000000000000e+00
7.924999999999999822e-01 0.000000000000000000e+00
7.934999999999999831e-01 0.000000000000000000e+00
7.944999999999999840e-01 0.000000000000000000e+00
7.954999999999999849e-01 0.000000000000000000e+00
7.964999999999999858e-01 0.000000000000000000e+00
7.974999999999999867e-01 0.000000000000000000e+00
7.984999999999999876e-01 0.000000000000000000e+00
7.994999999999999885e-01 0.000000000000000000e+00
8.004999999999999893e-01 0.000000000000000000e+00
8.014999999999999902e-01 0.000000000000000000e+00
8.024999999999999911e-01 0.000000000000000000e+00
8.034999999999999920e-01 0.000000000000000000e+00
8.044999999999999929e-01 0.000000000000000000e+00
8.054999999999999938e-01 0.000000000000000000e+00
8.064999999999999947e-01 0.000000000000000000e+00
8.074999999999999956e-01 0.000000000000000000e+00
8.084999999999999964e-01 0.000000000000000000e+00
8.094999999999999973e-01 0.000000000000000000e+00
8.104999999999999982e-01 0.000000000000000000e+00
8.114999999999999991e-01 0.000000000000000000e+00
8.125000000000000000e-01 0.000000000000000000e+00
8.135000000000000009e-01 0.000000000000000000e+00
8.145000000000000018e-01 0.000000000000000000e+00
8.155000000000000027e-01 0.000000000000000000e+00
8.165000000000000036e-01 0.000000000000000000e+00
8.175000000000000044e-01 0.000000000000000000e+00
8.185000000000000053e-01 0.000000000000000000e+00
8.195000000000000062e-01 0.000000000000000000e+00
8.205000000000000071e-01 0.000000000000000000e+00
8.215000000000000080e-01 0.000000000000000000e+00
8.225000000000000089e-01 0.000000000000000000e+00
8.235000000000000098e-01 0.000000000000000000e+00
8.245000000000000107e-01 0.000000000000000000e+00
8.255000000000000115e-01 0.000000000000000000e+00
8.265000000000000124e-01 0.000000000000000000e+00
8.275000000000000133e-01 0.000000000000000000e+00
8.285000000000000142e-01 0.000000000000000000e+00
8.295000000000000151e-01 0.000000000000000000e+00
8.305000000000000160e-01 0.000000000000000000e+00
8.315000000000000169e-01 0.000000000000000000e+00
8.325000000000000178e-01 0.000000000000000000e+00
8.335000000000000187e-01 0.000000000000000000e+00
8.345000000000000195e-01 0.000000000000000000e+00
8.355000000000000204e-01 0.000000000000000000e+00
8.365000000000000213e-01 0.000000000000000000e+00
8.375000000000000222e-01 0.000000000000000000e+00
8.385000000000000231e-01 0.000000000000000000e+00
8.395000000000000240e-01 0.000000000000000000e+00
8.405000000000000249e-01 0.000000000000000000e+00
8.415000000000000258e-01 0.000000000000000000e+00
8.425000000000000266e-01 0.000000000000000000e+00
8.435000000000000275e-01 0.000000000000000000e+00
8.445000000000000284e-01 0.000000000000000000e+00
8.455000000000000293e-01 0.000000000000000000e+00
8.465000000000000302e-01 0.000000000000000000e+00
8.475000000000000311e-01 0.000000000000000000e+00
8.485000000000000320e-01 0.000000000000000000e+00
8.495000000000000329e-01 0.000000000000000000e+00
8.505000000000000338e-01 0.000000000000000000e+00
8.515000000000000346e-01 0.000000000000000000e+00
8.525000000000000355e-01 0.000000000000000000e+00
8.535000000000000364e-01 0.000000000000000000e+00
8.545000000000000373e-01 0.000000000000000000e+00
8.555000000000000382e-01 0.000000000000000000e+00
8.565000000000000391e-01 0.000000000000000000e+00
8.575000000000000400e-01 0.000000000000000000e+00
8.585000000000000409e-01 0.000000000000000000e+00
8.595000000000000417e-01 0.000000000000000000e+00
8.605000000000000426e-01 0.000000000000000000e+00
8.615000000000000435e-01 0.000000000000000000e+00
8.625000000000000444e-01 0.000000000000000000e+00
8.635000000000000453e-01 0.000000000000000000e+00
8.645000000000000462e-01 0.000000000000000000e+00
8.655000000000000471e-01 0.000000000000000000e+00
8.665000000000000480e-01 0.000000000000000000e+00
8.675000000000000488e-01 0.000000000000000000e+00
8.685000000000000497e-01 0.000000000000000000e+00
8.695000000000000506e-01 0.000000000000000000e+00
8.705000000000000515e-01 0.000000000000000000e+00
8.715000000000000524e-01 0.000000000000000000e+00
8.725000000000000533e-01 0.000000000000000000e+00
8.735000000000000542e-01 0.000000000000000000e+00
8.745000000000000551e-01 0.000000000000000000e+00
8.754999999999999449e-01 0.000000000000000000e+00
8.764999999999999458e-01 0.000000000000000000e+00
8.774999999999999467e-01 0.000000000000000000e+00
8.784999999999999476e-01 0.000000000000000000e+00
8.794999999999999485e-01 0.000000000000000000e+00
8.804999999999999494e-01 0.000000000000000000e+00
8.814999999999999503e-01 0.000000000000000000e+00
8.824999999999999512e-01 0.000000000000000000e+00
8.834999999999999520e-01 0.000000000000000000e+00
8.844999999999999529e-01 0.000000000000000000e+00
8.854999999999999538e-01 0.000000000000000000e+00
8.864999999999999547e-01 0.000000000000000000e+00
8.874999999999999556e-01 0.000000000000000000e+00
8.884999999999999565e-01 0.000000000000000000e+00
8.894999999999999574e-01 0.000000000000000000e+00
8.904999999999999583e-01 0.000000000000000000e+00
8.914999999999999591e-01 0.000000000000000000e+00
8.924999999999999600e-01 0.000000000000000000e+00
8.934999999999999609e-01 0.000000000000000000e+00
8.944999999999999618e-01 0.000000000000000000e+00
8.954999999999999627e-01 0.000000000000000000e+00
8.964999999999999636e-01 0.000000000000000000e+00
8.974999999999999645e-01 0.000000000000000000e+00
8.984999999999999654e-01 0.000000000000000000e+00
8.994999999999999662e-01 0.000000000000000000e+00
9.004999999999999671e-01 0.000000000000000000e+00
9.014999999999999680e-01 0.000000000000000000e+00
9.024999999999999689e-01 0.000000000000000000e+00
9.034999999999999698e-01 0.000000000000000000e+00
9.044999999999999707e-01 0.000000000000000000e+00
9.054999999999999716e-01 0.000000000000000000e+00
9.064999999999999725e-01 0.000000000000000000e+00
9.074999999999999734e-01 0.000000000000000000e+00
9.084999999999999742e-01 0.000000000000000000e+00
9.094999999999999751e-01 0.000000000000000000e+00
9.104999999999999760e-01 0.000000000000000000e+00
9.114999999999999769e-01 0.000000000000000000e+00
9.124999999999999778e-01 0.000000000000000000e+00
9.134999999999999787e-01 0.000000000000000000e+00
9.144999999999999796e-01 0.000000000000000000e+00
9.154999999999999805e-01 0.000000000000000000e+00
9.164999999999999813e-01 0.000000000000000000e+00
9.174999999999999822e-01 0.000000000000000000e+00
9.184999999999999831e-01 0.000000000000000000e+00
9.194999999999999840e-01 0.000000000000000000e+00
9.204999999999999849e-01 0.000000000000000000e+00
9.214999999999999858e-01 0.000000000000000000e+00
9.224999999999999867e-01 0.000000000000000000e+00
9.234999999999999876e-01 0.000000000000000000e+00
9.244999999999999885e-01 0.000000000000000000e+00
9.254999999999999893e-01 0.000000000000000000e+00
9.264999999999999902e-01 0.000000000000000000e+00
9.274999999999999911e-01 0.000000000000000000e+00
9.284999999999999920e-01 0.000000000000000000e+00
9.294999999999999929e-01 0.000000000000000000e+00
9.304999999999999938e-01 0.000000000000000000e+00
9.314999999999999947e-01 0.000000000000000000e+00
9.324999999999999956e-01 0.000000000000000000e+00
9.334999999999999964e-01 0.000000000000000000e+00
9.344999999999999973e-01 0.000000000000000000e+00
9.354999999999999982e-01 0.000000000000000000e+00
9.364999999999999991e-01 0.000000000000000000e+00
9.375000000000000000e-01 0.000000000000000000e+00
9.385000000000000009e-01 0.000000000000000000e+00
9.395000000000000018e-01 0.000000000000000000e+00
9.405000000000000027e-01 0.000000000000000000e+00
9.415000000000000036e-01 0.000000000000000000e+00
9.425000000000000044e-01 0.000000000000000000e+00
9.435000000000000053e-01 0.000000000000000000e+00
9.445000000000000062e-01 0.000000000000000000e+00
9.455000000000000071e-01 0.000000000000000000e+00
9.465000000000000080e-01 0.000000000000000000e+00
9.475000000000000089e-01 0.000000000000000000e+00
9.485000000000000098e-01 0.000000000000000000e+00
9.495000000000000107e-01 0.000000000000000000e+00
9.505000000000000115e-01 0.000000000000000000e+00
9.515000000000000124e-01 0.000000000000000000e+00
9.525000000000000133e-01 0.000000000000000000e+00
9.535000000000000142e-01 0.000000000000000000e+00
9.545000000000000151e-01 0.000000000000000000e+00
9.555000000000000160e-01 0.000000000000000000e+00
9.565000000000000169e-01 0.000000000000000000e+00
9.575000000000000178e-01 0.000000000000000000e+00
9.585000000000000187e-01 0.000000000000000000e+00
9.595000000000000195e-01 0.000000000000000000e+00
9.605000000000000204e-01 0.000000000000000000e+00
9.615000000000000213e-01 0.000000000000000000e+00
9.625000000000000222e-01 0.000000000000000000e+00
9.635000000000000231e-01 0.000000000000000000e+00
9.645000000000000240e-01 0.000000000000000000e+00
9.655000000000000249e-01 0.000000000000000000e+00
9.665000000000000258e-01 0.000000000000000000e+00
9.675000000000000266e-01 0.000000000000000000e+00
9.685000000000000275e-01 0.000000000000000000e+00
9.695000000000000284e-01 0.000000000000000000e+00
9.705000000000000293e-01 0.000000000000000000e+00
9.715000000000000302e-01 0.000000000000000000e+00
9.725000000000000311e-01 0.000000000000000000e+00
9.735000000000000320e-01 0.000000000000000000e+00
9.745000000000000329e-01 0.000000000000000000e+00
9.755000000000000338e-01 0.000000000000000000e+00
9.765000000000000346e-01 0.000000000000000000e+00
9.775000000000000355e-01 0.000000000000000000e+00
9.785000000000000364e-01 0.000000000000000000e+00
9.795000000000000373e-01 0.000000000000000000e+00
9.805000000000000382e-01 0.000000000000000000e+00
9.815000000000000391e-01 0.000000000000000000e+00
9.825000000000000400e-01 0.000000000000000000e+00
9.835000000000000409e-01 0.000000000000000000e+00
9.845000000000000417e-01 0.000000000000000000e+00
9.855000000000000426e-01 0.000000000000000000e+00
9.865000000000000435e-01 0.000000000000000000e+00
9.875000000000000444e-01 0.000000000000000000e+00
9.885000000000000453e-01 0.000000000000000000e+00
9.895000000000000462e-01 0.000000000000000000e+00
9.905000000000000471e-01 0.000000000000000000e+00
9.915000000000000480e-01 0.000000000000000000e+00
9.925000000000000488e-01 0.000000000000000000e+00
9.935000000000000497e-01 0.000000000000000000e+00
9.945000000000000506e-01 0.000000000000000000e+00
9.955000000000000515e-01 0.000000000000000000e+00
9.965000000000000524e-01 0.000000000000000000e+00
9.975000000000000533e-01 0.000000000000000000e+00
9.985000000000000542e-01 0.000000000000000000e+00
9.995000000000000551e-01 0.000000000000000000e+00
