5.000000000000000104e-04 0.000000000000000000e+00
1.500000000000000031e-03 0.000000000000000000e+00
2.500000000000000052e-03 0.000000000000000000e+00
3.500000000000000073e-03 0.000000000000000000e+00
4.499999999999999660e-03 0.000000000000000000e+00
5.499999999999999681e-03 0.000000000000000000e+00
6.499999999999999702e-03 0.000000000000000000e+00
7.499999999999999722e-03 0.000000000000000000e+00
8.500000000000000611e-03 0.000000000000000000e+00
9.499999999999999764e-03 0.000000000000000000e+00
1.050000000000000065e-02 0.000000000000000000e+00
1.149999999999999981e-02 0.000000000000000000e+00
1.250000000000000069e-02 0.000000000000000000e+00
1.349999999999999985e-02 0.000000000000000000e+00
1.450000000000000074e-02 0.000000000000000000e+00
1.549999999999999989e-02 0.000000000000000000e+00
1.650000000000000078e-02 0.000000000000000000e+00
1.750000000000000167e-02 0.000000000000000000e+00
1.849999999999999908e-02 0.000000000000000000e+00
1.949999999999999997e-02 0.000000000000000000e+00
2.050000000000000086e-02 0.000000000000000000e+00
2.149999999999999828e-02 0.000000000000000000e+00
2.249999999999999917e-02 0.000000000000000000e+00
2.350000000000000006e-02 0.000000000000000000e+00
2.450000000000000094e-02 0.000000000000000000e+00
2.549999999999999836e-02 0.000000000000000000e+00
2.649999999999999925e-02 0.000000000000000000e+00
2.750000000000000014e-02 0.000000000000000000e+00
2.850000000000000103e-02 0.000000000000000000e+00
2.949999999999999845e-02 0.000000000000000000e+00
3.049999999999999933e-02 0.000000000000000000e+00
3.150000000000000022e-02 0.000000000000000000e+00
3.250000000000000111e-02 0.000000000000000000e+00
3.350000000000000200e-02 0.000000000000000000e+00
3.450000000000000289e-02 0.000000000000000000e+00
3.549999999999999684e-02 0.000000000000000000e+00
3.649999999999999772e-02 0.000000000000000000e+00
3.749999999999999861e-02 0.000000000000000000e+00
3.849999999999999950e-02 0.000000000000000000e+00
3.950000000000000039e-02 0.000000000000000000e+00
4.050000000000000128e-02 0.000000000000000000e+00
4.150000000000000216e-02 0.000000000000000000e+00
4.250000000000000305e-02 0.000000000000000000e+00
4.349999999999999700e-02 0.000000000000000000e+00
4.449999999999999789e-02 0.000000000000000000e+00
4.549999999999999878e-02 0.000000000000000000e+00
4.649999999999999967e-02 0.000000000000000000e+00
4.750000000000000056e-02 0.000000000000000000e+00
4.850000000000000144e-02 0.000000000000000000e+00
4.950000000000000233e-02 0.000000000000000000e+00
5.050000000000000322e-02 0.000000000000000000e+00
5.149999999999999717e-02 0.000000000000000000e+00
5.249999999999999806e-02 0.000000000000000000e+00
5.349999999999999895e-02 0.000000000000000000e+00
5.449999999999999983e-02 0.000000000000000000e+00
5.550000000000000072e-02 0.000000000000000000e+00
5.650000000000000161e-02 0.000000000000000000e+00
5.750000000000000250e-02 0.000000000000000000e+00
5.850000000000000339e-02 0.000000000000000000e+00
5.949999999999999734e-02 0.000000000000000000e+00
6.049999999999999822e-02 0.000000000000000000e+00
6.149999999999999911e-02 0.000000000000000000e+00
6.250000000000000000e-02 0.000000000000000000e+00
6.350000000000000089e-02 0.000000000000000000e+00
6.450000000000000178e-02 0.000000000000000000e+00
6.550000000000000266e-02 0.000000000000000000e+00
6.650000000000000355e-02 0.000000000000000000e+00
6.750000000000000444e-02 0.000000000000000000e+00
6.850000000000000533e-02 0.000000000000000000e+00
6.950000000000000622e-02 0.000000000000000000e+00
7.049999999999999323e-02 0.000000000000000000e+00
7.149999999999999412e-02 0.000000000000000000e+00
7.249999999999999500e-02 0.000000000000000000e+00
7.349999999999999589e-02 0.000000000000000000e+00
7.449999999999999678e-02 0.000000000000000000e+00
7.549999999999999767e-02 0.000000000000000000e+00
7.649999999999999856e-02 0.000000000000000000e+00
7.749999999999999944e-02 0.000000000000000000e+00
7.850000000000000033e-02 0.000000000000000000e+00
7.950000000000000122e-02 0.000000000000000000e+00
8.050000000000000211e-02 0.000000000000000000e+00
8.150000000000000300e-02 0.000000000000000000e+00
8.250000000000000389e-02 0.000000000000000000e+00
8.350000000000000477e-02 0.000000000000000000e+00
8.450000000000000566e-02 0.000000000000000000e+00
8.550000000000000655e-02 0.000000000000000000e+00
8.649999999999999356e-02 0.000000000000000000e+00
8.749999999999999445e-02 0.000000000000000000e+00
8.849999999999999534e-02 0.000000000000000000e+00
8.949999999999999623e-02 0.000000000000000000e+00
9.049999999999999711e-02 0.000000000000000000e+00
9.149999999999999800e-02 0.000000000000000000e+00
9.249999999999999889e-02 0.000000000000000000e+00
9.349999999999999978e-02 0.000000000000000000e+00
9.450000000000000067e-02 0.000000000000000000e+00
9.550000000000000155e-02 0.000000000000000000e+00
9.650000000000000244e-02 0.000000000000000000e+00
9.750000000000000333e-02 0.000000000000000000e+00
9.850000000000000422e-02 0.000000000000000000e+00
9.950000000000000511e-02 0.000000000000000000e+00
1.005000000000000060e-01 0.000000000000000000e+00
1.015000000000000069e-01 0.000000000000000000e+00
1.024999999999999939e-01 0.000000000000000000e+00
1.034999999999999948e-01 0.000000000000000000e+00
1.044999999999999957e-01 0.000000000000000000e+00
1.054999999999999966e-01 0.000000000000000000e+00
1.064999999999999974e-01 0.000000000000000000e+00
1.074999999999999983e-01 0.000000000000000000e+00
1.084999999999999992e-01 0.000000000000000000e+00
1.095000000000000001e-01 0.000000000000000000e+00
1.105000000000000010e-01 0.000000000000000000e+00
1.115000000000000019e-01 0.000000000000000000e+00
1.125000000000000028e-01 0.000000000000000000e+00
1.135000000000000037e-01 0.000000000000000000e+00
1.145000000000000046e-01 0.000000000000000000e+00
1.155000000000000054e-01 0.000000000000000000e+00
1.165000000000000063e-01 0.000000000000000000e+00
1.174999999999999933e-01 0.000000000000000000e+00
1.184999999999999942e-01 0.000000000000000000e+00
1.194999999999999951e-01 0.000000000000000000e+00
1.204999999999999960e-01 0.000000000000000000e+00
1.214999999999999969e-01 0.000000000000000000e+00
1.224999999999999978e-01 0.000000000000000000e+00
1.234999999999999987e-01 0.000000000000000000e+00
1.244999999999999996e-01 0.000000000000000000e+00
1.255000000000000004e-01 0.000000000000000000e+00
1.265000000000000013e-01 0.000000000000000000e+00
1.275000000000000022e-01 0.000000000000000000e+00
1.285000000000000031e-01 0.000000000000000000e+00
1.295000000000000040e-01 0.000000000000000000e+00
1.305000000000000049e-01 0.000000000000000000e+00
1.315000000000000058e-01 0.000000000000000000e+00
1.325000000000000067e-01 0.000000000000000000e+00
1.335000000000000075e-01 0.000000000000000000e+00
1.345000000000000084e-01 0.000000000000000000e+00
1.355000000000000093e-01 0.000000000000000000e+00
1.365000000000000102e-01 0.000000000000000000e+00
1.375000000000000111e-01 0.000000000000000000e+00
1.385000000000000120e-01 0.000000000000000000e+00
1.395000000000000129e-01 0.000000000000000000e+00
1.405000000000000138e-01 0.000000000000000000e+00
1.414999999999999869e-01 0.000000000000000000e+00
1.424999999999999878e-01 0.000000000000000000e+00
1.434999999999999887e-01 0.000000000000000000e+00
1.444999999999999896e-01 0.000000000000000000e+00
1.454999999999999905e-01 0.000000000000000000e+00
1.464999999999999913e-01 0.000000000000000000e+00
1.474999999999999922e-01 0.000000000000000000e+00
1.484999999999999931e-01 0.000000000000000000e+00
1.494999999999999940e-01 0.000000000000000000e+00
1.504999999999999949e-01 0.000000000000000000e+00
1.514999999999999958e-01 0.000000000000000000e+00
1.524999999999999967e-01 0.000000000000000000e+00
1.534999999999999976e-01 0.000000000000000000e+00
1.544999999999999984e-01 0.000000000000000000e+00
1.554999999999999993e-01 0.000000000000000000e+00
1.565000000000000002e-01 0.000000000000000000e+00
1.575000000000000011e-01 0.000000000000000000e+00
1.585000000000000020e-01 0.000000000000000000e+00
1.595000000000000029e-01 0.000000000000000000e+00
1.605000000000000038e-01 0.000000000000000000e+00
1.615000000000000047e-01 0.000000000000000000e+00
1.625000000000000056e-01 0.000000000000000000e+00
1.635000000000000064e-01 0.000000000000000000e+00
1.645000000000000073e-01 0.000000000000000000e+00
1.655000000000000082e-01 0.000000000000000000e+00
1.665000000000000091e-01 0.000000000000000000e+00
1.675000000000000100e-01 0.000000000000000000e+00
1.685000000000000109e-01 0.000000000000000000e+00
1.695000000000000118e-01 0.000000000000000000e+00
1.705000000000000127e-01 0.000000000000000000e+00
1.715000000000000135e-01 0.000000000000000000e+00
1.724999999999999867e-01 0.000000000000000000e+00
1.734999999999999876e-01 0.000000000000000000e+00
1.744999999999999885e-01 0.000000000000000000e+00
1.754999999999999893e-01 0.000000000000000000e+00
1.764999999999999902e-01 0.000000000000000000e+00
1.774999999999999911e-01 0.000000000000000000e+00
1.784999999999999920e-01 0.000000000000000000e+00
1.794999999999999929e-01 0.000000000000000000e+00
1.804999999999999938e-01 0.000000000000000000e+00
1.814999999999999947e-01 0.000000000000000000e+00
1.824999999999999956e-01 0.000000000000000000e+00
1.834999999999999964e-01 0.000000000000000000e+00
1.844999999999999973e-01 0.000000000000000000e+00
1.854999999999999982e-01 0.000000000000000000e+00
1.864999999999999991e-01 0.000000000000000000e+00
1.875000000000000000e-01 0.000000000000000000e+00
1.885000000000000009e-01 0.000000000000000000e+00
1.895000000000000018e-01 0.000000000000000000e+00
1.905000000000000027e-01 0.000000000000000000e+00
1.915000000000000036e-01 0.000000000000000000e+00
1.925000000000000044e-01 0.000000000000000000e+00
1.935000000000000053e-01 0.000000000000000000e+00
1.945000000000000062e-01 0.000000000000000000e+00
1.955000000000000071e-01 0.000000000000000000e+00
1.965000000000000080e-01 0.000000000000000000e+00
1.975000000000000089e-01 0.000000000000000000e+00
1.985000000000000098e-01 0.000000000000000000e+00
1.995000000000000107e-01 0.000000000000000000e+00
2.005000000000000115e-01 0.000000000000000000e+00
2.015000000000000124e-01 0.000000000000000000e+00
2.025000000000000133e-01 0.000000000000000000e+00
2.034999999999999865e-01 0.000000000000000000e+00
2.044999999999999873e-01 0.000000000000000000e+00
2.054999999999999882e-01 0.000000000000000000e+00
2.064999999999999891e-01 0.000000000000000000e+00
2.074999999999999900e-01 0.000000000000000000e+00
2.084999999999999909e-01 0.000000000000000000e+00
2.094999999999999918e-01 0.000000000000000000e+00
2.104999999999999927e-01 0.000000000000000000e+00
2.114999999999999936e-01 0.000000000000000000e+00
2.124999999999999944e-01 0.000000000000000000e+00
2.134999999999999953e-01 0.000000000000000000e+00
2.144999999999999962e-01 0.000000000000000000e+00
2.154999999999999971e-01 0.000000000000000000e+00
2.164999999999999980e-01 0.000000000000000000e+00
2.174999999999999989e-01 0.000000000000000000e+00
2.184999999999999998e-01 0.000000000000000000e+00
2.195000000000000007e-01 0.000000000000000000e+00
2.205000000000000016e-01 0.000000000000000000e+00
2.215000000000000024e-01 0.000000000000000000e+00
2.225000000000000033e-01 0.000000000000000000e+00
2.235000000000000042e-01 0.000000000000000000e+00
2.245000000000000051e-01 0.000000000000000000e+00
2.255000000000000060e-01 0.000000000000000000e+00
2.265000000000000069e-01 0.000000000000000000e+00
2.275000000000000078e-01 0.000000000000000000e+00
2.285000000000000087e-01 0.000000000000000000e+00
2.295000000000000095e-01 0.000000000000000000e+00
2.305000000000000104e-01 0.000000000000000000e+00
2.315000000000000113e-01 0.000000000000000000e+00
2.325000000000000122e-01 0.000000000000000000e+00
2.335000000000000131e-01 0.000000000000000000e+00
2.344999999999999862e-01 9.999999999999999547e-08
2.354999999999999871e-01 9.999999999999999547e-08
2.364999999999999880e-01 9.999999999999999547e-08
2.374999999999999889e-01 9.999999999999999547e-08
2.384999999999999898e-01 9.999999999999999547e-08
2.394999999999999907e-01 1.999999999999999909e-07
2.404999999999999916e-01 1.999999999999999909e-07
2.414999999999999925e-01 1.999999999999999909e-07
2.424999999999999933e-01 2.999999999999999864e-07
2.434999999999999942e-01 2.999999999999999864e-07
2.444999999999999951e-01 3.999999999999999819e-07
2.454999999999999960e-01 4.999999999999999774e-07
2.464999999999999969e-01 5.999999999999999728e-07
2.474999999999999978e-01 6.999999999999999683e-07
2.484999999999999987e-01 8.999999999999999593e-07
2.494999999999999996e-01 9.999999999999999547e-07
2.505000000000000004e-01 1.300000000000000047e-06
2.515000000000000013e-01 1.500000000000000038e-06
2.525000000000000022e-01 1.799999999999999919e-06
2.535000000000000031e-01 2.200000000000000112e-06
2.545000000000000040e-01 2.600000000000000094e-06
2.555000000000000049e-01 3.199999999999999855e-06
2.565000000000000058e-01 3.800000000000000040e-06
2.575000000000000067e-01 4.500000000000000114e-06
2.585000000000000075e-01 5.399999999999999967e-06
2.595000000000000084e-01 6.499999999999999600e-06
2.605000000000000093e-01 7.700000000000000816e-06
2.615000000000000102e-01 9.200000000000000007e-06
2.625000000000000111e-01 1.090000000000000067e-05
2.635000000000000120e-01 1.299999999999999920e-05
2.645000000000000129e-01 1.540000000000000163e-05
2.655000000000000138e-01 1.830000000000000097e-05
2.665000000000000147e-01 2.159999999999999987e-05
2.675000000000000155e-01 2.559999999999999884e-05
2.685000000000000164e-01 3.019999999999999885e-05
2.695000000000000173e-01 3.559999999999999797e-05
2.705000000000000182e-01 4.199999999999999768e-05
2.715000000000000191e-01 4.940000000000000136e-05
2.725000000000000200e-01 5.810000000000000277e-05
2.735000000000000209e-01 6.820000000000000433e-05
2.745000000000000218e-01 8.000000000000000654e-05
2.755000000000000226e-01 9.370000000000000074e-05
2.765000000000000235e-01 1.096999999999999966e-04
2.775000000000000244e-01 1.281999999999999991e-04
2.785000000000000253e-01 1.496000000000000042e-04
2.795000000000000262e-01 1.745000000000000132e-04
2.805000000000000271e-01 2.032000000000000061e-04
2.814999999999999725e-01 2.363999999999999999e-04
2.824999999999999734e-01 2.747000000000000093e-04
2.834999999999999742e-01 3.187999999999999970e-04
2.844999999999999751e-01 3.694999999999999825e-04
2.854999999999999760e-01 4.278999999999999926e-04
2.864999999999999769e-01 4.949000000000000491e-04
2.874999999999999778e-01 5.716999999999999643e-04
2.884999999999999787e-01 6.597000000000000433e-04
2.894999999999999796e-01 7.602999999999999949e-04
2.904999999999999805e-01 8.752999999999999713e-04
2.914999999999999813e-01 1.006500000000000016e-03
2.924999999999999822e-01 1.156099999999999966e-03
2.934999999999999831e-01 1.326300000000000092e-03
2.944999999999999840e-01 1.519799999999999970e-03
2.954999999999999849e-01 1.739600000000000000e-03
2.964999999999999858e-01 1.988900000000000043e-03
2.974999999999999867e-01 2.271299999999999968e-03
2.984999999999999876e-01 2.590799999999999874e-03
2.994999999999999885e-01 2.951800000000000083e-03
3.004999999999999893e-01 3.359299999999999960e-03
3.014999999999999902e-01 3.818699999999999959e-03
3.024999999999999911e-01 4.335999999999999577e-03
3.034999999999999920e-01 4.917699999999999676e-03
3.044999999999999929e-01 5.571000000000000431e-03
3.054999999999999938e-01 6.303999999999999708e-03
3.064999999999999947e-01 7.125300000000000210e-03
3.074999999999999956e-01 8.044400000000000162e-03
3.084999999999999964e-01 9.071700000000000250e-03
3.094999999999999973e-01 1.021850000000000015e-02
3.104999999999999982e-01 1.149730000000000023e-02
3.114999999999999991e-01 1.292150000000000069e-02
3.125000000000000000e-01 1.450560000000000044e-02
3.135000000000000009e-01 1.626539999999999930e-02
3.145000000000000018e-01 1.821820000000000037e-02
3.155000000000000027e-01 2.038229999999999903e-02
3.165000000000000036e-01 2.277780000000000082e-02
3.175000000000000044e-01 2.542619999999999950e-02
3.185000000000000053e-01 2.835050000000000070e-02
3.195000000000000062e-01 3.157560000000000228e-02
3.205000000000000071e-01 3.512819999999999832e-02
3.215000000000000080e-01 3.903650000000000175e-02
3.225000000000000089e-01 4.333120000000000027e-02
3.235000000000000098e-01 4.804449999999999693e-02
3.245000000000000107e-01 5.321100000000000135e-02
3.255000000000000115e-01 5.886740000000000028e-02
3.265000000000000124e-01 6.505249999999999921e-02
3.275000000000000133e-01 7.180749999999999633e-02
3.285000000000000142e-01 7.917589999999999351e-02
3.295000000000000151e-01 8.720360000000000611e-02
3.305000000000000160e-01 9.593889999999999363e-02
3.315000000000000169e-01 1.054326000000000013e-01
3.325000000000000178e-01 1.157378000000000018e-01
3.335000000000000187e-01 1.269103000000000037e-01
3.345000000000000195e-01 1.390083000000000013e-01
3.355000000000000204e-01 1.520923999999999887e-01
3.365000000000000213e-01 1.662256000000000011e-01
3.375000000000000222e-01 1.814735000000000098e-01
3.385000000000000231e-01 1.979036000000000128e-01
3.395000000000000240e-01 2.155862000000000056e-01
3.405000000000000249e-01 2.345932000000000017e-01
3.415000000000000258e-01 2.549988000000000254e-01
3.425000000000000266e-01 2.768791999999999920e-01
3.435000000000000275e-01 3.003121000000000262e-01
3.444999999999999729e-01 3.253769000000000244e-01
3.454999999999999738e-01 3.521541999999999728e-01
3.464999999999999747e-01 3.807260000000000089e-01
3.474999999999999756e-01 4.111750000000000127e-01
3.484999999999999765e-01 4.435848000000000013e-01
3.494999999999999774e-01 4.780390999999999946e-01
3.504999999999999782e-01 5.146216999999999597e-01
3.514999999999999791e-01 5.534164000000000305e-01
3.524999999999999800e-01 5.945061999999999847e-01
3.534999999999999809e-01 6.379732000000000181e-01
3.544999999999999818e-01 6.838980999999999533e-01
3.554999999999999827e-01 7.323602000000000167e-01
3.564999999999999836e-01 7.834362000000000270e-01
3.574999999999999845e-01 8.372007000000000199e-01
3.584999999999999853e-01 8.937251000000000500e-01
3.594999999999999862e-01 9.530773999999999635e-01
3.604999999999999871e-01 1.015321899999999999e+00
3.614999999999999880e-01 1.080518400000000101e+00
3.624999999999999889e-01 1.148722199999999916e+00
3.634999999999999898e-01 1.219983199999999934e+00
3.644999999999999907e-01 1.294345800000000102e+00
3.654999999999999916e-01 1.371848100000000015e+00
3.664999999999999925e-01 1.452522000000000091e+00
3.674999999999999933e-01 1.536392200000000097e+00
3.684999999999999942e-01 1.623476399999999931e+00
3.694999999999999951e-01 1.713784299999999927e+00
3.704999999999999960e-01 1.807317700000000027e+00
3.714999999999999969e-01 1.904070099999999988e+00
3.724999999999999978e-01 2.004026000000000085e+00
3.734999999999999987e-01 2.107161399999999851e+00
3.744999999999999996e-01 2.213442800000000155e+00
3.755000000000000004e-01 2.322827399999999987e+00
3.765000000000000013e-01 2.435262900000000119e+00
3.775000000000000022e-01 2.550687200000000043e+00
3.785000000000000031e-01 2.669028700000000143e+00
3.795000000000000040e-01 2.790205900000000128e+00
3.805000000000000049e-01 2.914127500000000204e+00
3.815000000000000058e-01 3.040692700000000137e+00
3.825000000000000067e-01 3.169791000000000025e+00
3.835000000000000075e-01 3.301302399999999970e+00
3.845000000000000084e-01 3.435098099999999821e+00
3.855000000000000093e-01 3.571039999999999992e+00
3.865000000000000102e-01 3.708981599999999990e+00
3.875000000000000111e-01 3.848768000000000189e+00
3.885000000000000120e-01 3.990236700000000081e+00
3.895000000000000129e-01 4.133217400000000374e+00
3.905000000000000138e-01 4.277533299999999983e+00
3.915000000000000147e-01 4.423001000000000182e+00
3.925000000000000155e-01 4.569431299999999752e+00
3.935000000000000164e-01 4.716629799999999761e+00
3.945000000000000173e-01 4.864397600000000210e+00
3.955000000000000182e-01 5.012531700000000257e+00
3.965000000000000191e-01 5.160826000000000136e+00
3.975000000000000200e-01 5.309071799999999897e+00
3.985000000000000209e-01 5.457058499999999590e+00
3.995000000000000218e-01 5.604574300000000342e+00
4.005000000000000226e-01 5.751407300000000333e+00
4.015000000000000235e-01 5.897345699999999802e+00
4.025000000000000244e-01 6.042178800000000294e+00
4.035000000000000253e-01 6.185697700000000410e+00
4.045000000000000262e-01 6.327695900000000151e+00
4.055000000000000271e-01 6.467970199999999892e+00
4.064999999999999725e-01 6.606321200000000005e+00
4.074999999999999734e-01 6.742553799999999598e+00
4.084999999999999742e-01 6.876478099999999927e+00
4.094999999999999751e-01 7.007910100000000142e+00
4.104999999999999760e-01 7.136671599999999671e+00
4.114999999999999769e-01 7.262591399999999808e+00
4.124999999999999778e-01 7.385505300000000162e+00
4.134999999999999787e-01 7.505256900000000009e+00
4.144999999999999796e-01 7.621697499999999792e+00
4.154999999999999805e-01 7.734687000000000090e+00
4.164999999999999813e-01 7.844093599999999888e+00
4.174999999999999822e-01 7.949794599999999711e+00
4.184999999999999831e-01 8.051675899999999331e+00
4.194999999999999840e-01 8.149632900000000291e+00
4.204999999999999849e-01 8.243570000000000064e+00
4.214999999999999858e-01 8.333400799999999720e+00
4.224999999999999867e-01 8.419048300000000040e+00
4.234999999999999876e-01 8.500444299999999842e+00
4.244999999999999885e-01 8.577529999999999433e+00
4.254999999999999893e-01 8.650255299999999536e+00
4.264999999999999902e-01 8.718578900000000687e+00
4.274999999999999911e-01 8.782467799999999158e+00
4.284999999999999920e-01 8.841897499999999965e+00
4.294999999999999929e-01 8.896851200000000404e+00
4.304999999999999938e-01 8.947319699999999543e+00
4.314999999999999947e-01 8.993301300000000609e+00
4.324999999999999956e-01 9.034800900000000468e+00
4.334999999999999964e-01 9.071830200000000843e+00
4.344999999999999973e-01 9.104406700000000185e+00
4.354999999999999982e-01 9.132554000000000727e+00
4.364999999999999991e-01 9.156300599999999790e+00
4.375000000000000000e-01 9.175680299999999789e+00
4.385000000000000009e-01 9.190730999999999540e+00
4.395000000000000018e-01 9.201494999999999536e+00
4.405000000000000027e-01 9.208017999999999148e+00
4.415000000000000036e-01 9.210349100000000178e+00
4.425000000000000044e-01 9.208540199999999842e+00
4.435000000000000053e-01 9.202645800000000875e+00
4.445000000000000062e-01 9.192722599999999744e+00
4.455000000000000071e-01 9.178829099999999741e+00
4.465000000000000080e-01 9.161025099999999810e+00
4.475000000000000089e-01 9.139372200000000390e+00
4.485000000000000098e-01 9.113932500000000658e+00
4.495000000000000107e-01 9.084768999999999650e+00
4.505000000000000115e-01 9.051945500000000422e+00
4.515000000000000124e-01 9.015525800000000700e+00
4.525000000000000133e-01 8.975574299999999894e+00
4.535000000000000142e-01 8.932155200000000406e+00
4.545000000000000151e-01 8.885332899999999867e+00
4.555000000000000160e-01 8.835171799999999465e+00
4.565000000000000169e-01 8.781736000000000431e+00
4.575000000000000178e-01 8.725089600000000445e+00
4.585000000000000187e-01 8.665296700000000740e+00
4.595000000000000195e-01 8.602421200000000212e+00
4.605000000000000204e-01 8.536526900000000140e+00
4.615000000000000213e-01 8.467677999999999372e+00
4.625000000000000222e-01 8.395938299999999188e+00
4.635000000000000231e-01 8.321372399999999558e+00
4.645000000000000240e-01 8.244044699999999892e+00
4.655000000000000249e-01 8.164020600000000627e+00
4.665000000000000258e-01 8.081365699999999208e+00
4.675000000000000266e-01 7.996146600000000326e+00
4.685000000000000275e-01 7.908430700000000257e+00
4.694999999999999729e-01 7.818286500000000139e+00
4.704999999999999738e-01 7.725783700000000032e+00
4.714999999999999747e-01 7.630993199999999810e+00
4.724999999999999756e-01 7.533987599999999674e+00
4.734999999999999765e-01 7.434840999999999589e+00
4.744999999999999774e-01 7.333629199999999848e+00
4.754999999999999782e-01 7.230430000000000135e+00
4.764999999999999791e-01 7.125322999999999851e+00
4.774999999999999800e-01 7.018390000000000128e+00
4.784999999999999809e-01 6.909714700000000320e+00
4.794999999999999818e-01 6.799383299999999686e+00
4.804999999999999827e-01 6.687483900000000148e+00
4.814999999999999836e-01 6.574107099999999981e+00
4.824999999999999845e-01 6.459345500000000406e+00
4.834999999999999853e-01 6.343294199999999883e+00
4.844999999999999862e-01 6.226050100000000143e+00
4.854999999999999871e-01 6.107712600000000158e+00
4.864999999999999880e-01 5.988382800000000117e+00
4.874999999999999889e-01 5.868164100000000438e+00
4.884999999999999898e-01 5.747161400000000420e+00
4.894999999999999907e-01 5.625481399999999965e+00
4.904999999999999916e-01 5.503232200000000240e+00
4.914999999999999925e-01 5.380523499999999792e+00
4.924999999999999933e-01 5.257465700000000020e+00
4.934999999999999942e-01 5.134170600000000029e+00
4.944999999999999951e-01 5.010750400000000049e+00
4.954999999999999960e-01 4.887317799999999934e+00
4.964999999999999969e-01 4.763985800000000381e+00
4.974999999999999978e-01 4.640867100000000356e+00
4.984999999999999987e-01 4.518074399999999713e+00
4.994999999999999996e-01 4.395719500000000224e+00
5.004999999999999449e-01 4.273913600000000201e+00
5.014999999999999458e-01 4.152766500000000249e+00
5.024999999999999467e-01 4.032386500000000318e+00
5.034999999999999476e-01 3.912880499999999984e+00
5.044999999999999485e-01 3.794353000000000087e+00
5.054999999999999494e-01 3.676906400000000019e+00
5.064999999999999503e-01 3.560640400000000039e+00
5.074999999999999512e-01 3.445651900000000101e+00
5.084999999999999520e-01 3.332034900000000022e+00
5.094999999999999529e-01 3.219879699999999900e+00
5.104999999999999538e-01 3.109273299999999907e+00
5.114999999999999547e-01 3.000298799999999932e+00
5.124999999999999556e-01 2.893035400000000035e+00
5.134999999999999565e-01 2.787557800000000086e+00
5.144999999999999574e-01 2.683936899999999959e+00
5.154999999999999583e-01 2.582238600000000162e+00
5.164999999999999591e-01 2.482524399999999964e+00
5.174999999999999600e-01 2.384850999999999832e+00
5.184999999999999609e-01 2.289270300000000091e+00
5.194999999999999618e-01 2.195829199999999926e+00
5.204999999999999627e-01 2.104569699999999877e+00
5.214999999999999636e-01 2.015528799999999787e+00
5.224999999999999645e-01 1.928738499999999911e+00
5.234999999999999654e-01 1.844225699999999968e+00
5.244999999999999662e-01 1.762012300000000087e+00
5.254999999999999671e-01 1.682115599999999933e+00
5.264999999999999680e-01 1.604547699999999910e+00
5.274999999999999689e-01 1.529315900000000061e+00
5.284999999999999698e-01 1.456423000000000023e+00
5.294999999999999707e-01 1.385867299999999913e+00
5.304999999999999716e-01 1.317642399999999991e+00
5.314999999999999725e-01 1.251737700000000064e+00
5.324999999999999734e-01 1.188138700000000103e+00
5.334999999999999742e-01 1.126826700000000070e+00
5.344999999999999751e-01 1.067779299999999987e+00
5.354999999999999760e-01 1.010970399999999936e+00
5.364999999999999769e-01 9.563707999999999654e-01
5.374999999999999778e-01 9.039477999999999680e-01
5.384999999999999787e-01 8.536658999999999775e-01
5.394999999999999796e-01 8.054867999999999473e-01
5.404999999999999805e-01 7.593697999999999837e-01
5.414999999999999813e-01 7.152716000000000074e-01
5.424999999999999822e-01 6.731470000000000509e-01
5.434999999999999831e-01 6.329489000000000365e-01
5.444999999999999840e-01 5.946285000000000043e-01
5.454999999999999849e-01 5.581355999999999540e-01
5.464999999999999858e-01 5.234187999999999619e-01
5.474999999999999867e-01 4.904255000000000142e-01
5.484999999999999876e-01 4.591025000000000245e-01
5.494999999999999885e-01 4.293957999999999942e-01
5.504999999999999893e-01 4.012511000000000272e-01
5.514999999999999902e-01 3.746136999999999939e-01
5.524999999999999911e-01 3.494289999999999896e-01
5.534999999999999920e-01 3.256423999999999985e-01
5.544999999999999929e-01 3.031994000000000078e-01
5.554999999999999938e-01 2.820460000000000189e-01
5.564999999999999947e-01 2.621288999999999980e-01
5.574999999999999956e-01 2.433952000000000060e-01
5.584999999999999964e-01 2.257927999999999880e-01
5.594999999999999973e-01 2.092706000000000011e-01
5.604999999999999982e-01 1.937782999999999867e-01
5.614999999999999991e-01 1.792670000000000097e-01
5.625000000000000000e-01 1.656884999999999886e-01
5.635000000000000009e-01 1.529960999999999960e-01
5.645000000000000018e-01 1.411444000000000032e-01
5.655000000000000027e-01 1.300891999999999882e-01
5.665000000000000036e-01 1.197875999999999941e-01
5.675000000000000044e-01 1.101982999999999990e-01
5.685000000000000053e-01 1.012813999999999937e-01
5.695000000000000062e-01 9.299830000000000596e-02
5.705000000000000071e-01 8.531210000000000182e-02
5.715000000000000080e-01 7.818709999999999549e-02
5.725000000000000089e-01 7.158920000000000561e-02
5.735000000000000098e-01 6.548589999999999967e-02
5.745000000000000107e-01 5.984600000000000336e-02
5.755000000000000115e-01 5.463969999999999938e-02
5.765000000000000124e-01 4.983869999999999967e-02
5.775000000000000133e-01 4.541599999999999804e-02
5.785000000000000142e-01 4.134630000000000249e-02
5.795000000000000151e-01 3.760510000000000241e-02
5.805000000000000160e-01 3.416949999999999849e-02
5.815000000000000169e-01 3.101800000000000043e-02
5.825000000000000178e-01 2.812999999999999876e-02
5.835000000000000187e-01 2.548620000000000052e-02
5.845000000000000195e-01 2.306860000000000160e-02
5.855000000000000204e-01 2.086019999999999888e-02
5.865000000000000213e-01 1.884479999999999836e-02
5.875000000000000222e-01 1.700770000000000060e-02
5.885000000000000231e-01 1.533469999999999972e-02
5.895000000000000240e-01 1.381289999999999948e-02
5.905000000000000249e-01 1.242990000000000067e-02
5.915000000000000258e-01 1.117450000000000040e-02
5.925000000000000266e-01 1.003609999999999919e-02
5.935000000000000275e-01 9.004800000000000304e-03
5.945000000000000284e-01 8.071599999999999955e-03
5.955000000000000293e-01 7.228000000000000050e-03
5.965000000000000302e-01 6.466300000000000346e-03
5.975000000000000311e-01 5.779099999999999689e-03
5.985000000000000320e-01 5.159900000000000250e-03
5.995000000000000329e-01 4.602499999999999820e-03
6.005000000000000338e-01 4.101200000000000158e-03
6.015000000000000346e-01 3.650899999999999892e-03
6.025000000000000355e-01 3.246900000000000047e-03
6.035000000000000364e-01 2.884700000000000025e-03
6.045000000000000373e-01 2.560400000000000002e-03
6.055000000000000382e-01 2.270299999999999836e-03
6.065000000000000391e-01 2.011100000000000040e-03
6.075000000000000400e-01 1.779699999999999945e-03
6.085000000000000409e-01 1.573299999999999916e-03
6.095000000000000417e-01 1.389499999999999893e-03
6.105000000000000426e-01 1.226000000000000093e-03
6.115000000000000435e-01 1.080599999999999920e-03
6.125000000000000444e-01 9.514999999999999803e-04
6.135000000000000453e-01 8.369999999999999619e-04
6.145000000000000462e-01 7.355999999999999909e-04
6.155000000000000471e-01 6.457999999999999765e-04
6.165000000000000480e-01 5.663999999999999981e-04
6.175000000000000488e-01 4.962000000000000265e-04
6.185000000000000497e-01 4.342999999999999855e-04
6.195000000000000506e-01 3.798000000000000161e-04
6.205000000000000515e-01 3.316999999999999853e-04
6.215000000000000524e-01 2.894999999999999895e-04
6.225000000000000533e-01 2.524000000000000093e-04
6.235000000000000542e-01 2.198000000000000030e-04
6.245000000000000551e-01 1.912000000000000125e-04
6.254999999999999449e-01 1.662000000000000012e-04
6.264999999999999458e-01 1.443000000000000109e-04
6.274999999999999467e-01 1.252000000000000075e-04
6.284999999999999476e-01 1.084999999999999946e-04
6.294999999999999485e-01 9.390000000000000560e-05
6.304999999999999494e-01 8.119999999999999505e-05
6.314999999999999503e-01 7.009999999999999630e-05
6.324999999999999512e-01 6.050000000000000012e-05
6.334999999999999520e-01 5.220000000000000166e-05
6.344999999999999529e-01 4.500000000000000283e-05
6.354999999999999538e-01 3.869999999999999878e-05
6.364999999999999547e-01 3.320000000000000062e-05
6.374999999999999556e-01 2.850000000000000157e-05
6.384999999999999565e-01 2.449999999999999921e-05
6.394999999999999574e-01 2.099999999999999884e-05
6.404999999999999583e-01 1.800000000000000046e-05
6.414999999999999591e-01 1.540000000000000163e-05
6.424999999999999600e-01 1.309999999999999994e-05
6.434999999999999609e-01 1.119999999999999949e-05
6.444999999999999618e-01 9.500000000000000523e-06
6.454999999999999627e-01 8.100000000000000375e-06
6.464999999999999636e-01 6.900000000000000005e-06
6.474999999999999645e-01 5.900000000000000262e-06
6.484999999999999654e-01 5.000000000000000409e-06
6.494999999999999662e-01 4.199999999999999598e-06
6.504999999999999671e-01 3.599999999999999837e-06
6.514999999999999680e-01 3.000000000000000076e-06
6.524999999999999689e-01 2.600000000000000094e-06
6.534999999999999698e-01 2.200000000000000112e-06
6.544999999999999707e-01 1.799999999999999919e-06
6.554999999999999716e-01 1.500000000000000038e-06
6.564999999999999725e-01 1.300000000000000047e-06
6.574999999999999734e-01 1.100000000000000056e-06
6.584999999999999742e-01 8.999999999999999593e-07
6.594999999999999751e-01 7.999999999999999638e-07
6.604999999999999760e-01 5.999999999999999728e-07
6.614999999999999769e-01 4.999999999999999774e-07
6.624999999999999778e-01 4.999999999999999774e-07
6.634999999999999787e-01 3.999999999999999819e-07
6.644999999999999796e-01 2.999999999999999864e-07
6.654999999999999805e-01 2.999999999999999864e-07
6.664999999999999813e-01 1.999999999999999909e-07
6.674999999999999822e-01 1.999999999999999909e-07
6.684999999999999831e-01 1.999999999999999909e-07
6.694999999999999840e-01 9.999999999999999547e-08
6.704999999999999849e-01 9.999999999999999547e-08
6.714999999999999858e-01 9.999999999999999547e-08
6.724999999999999867e-01 9.999999999999999547e-08
6.734999999999999876e-01 9.999999999999999547e-08
6.744999999999999885e-01 0.000000000000000000e+00
6.754999999999999893e-01 0.000000000000000000e+00
6.764999999999999902e-01 0.000000000000000000e+00
6.774999999999999911e-01 0.000000000000000000e+00
6.784999999999999920e-01 0.000000000000000000e+00
6.794999999999999929e-01 0.000000000000000000e+00
6.804999999999999938e-01 0.000000000000000000e+00
6.814999999999999947e-01 0.000000000000000000e+00
6.824999999999999956e-01 0.000000000000000000e+00
6.834999999999999964e-01 0.000000000000000000e+00
6.844999999999999973e-01 0.000000000000000000e+00
6.854999999999999982e-01 0.000000000000000000e+00
6.864999999999999991e-01 0.000000000000000000e+00
6.875000000000000000e-01 0.000000000000000000e+00
6.885000000000000009e-01 0.000000000000000000e+00
6.895000000000000018e-01 0.000000000000000000e+00
6.905000000000000027e-01 0.000000000000000000e+00
6.915000000000000036e-01 0.000000000000000000e+00
6.925000000000000044e-01 0.000000000000000000e+00
6.935000000000000053e-01 0.000000000000000000e+00
6.945000000000000062e-01 0.000000000000000000e+00
6.955000000000000071e-01 0.000000000000000000e+00
6.965000000000000080e-01 0.000000000000000000e+00
6.975000000000000089e-01 0.000000000000000000e+00
6.985000000000000098e-01 0.000000000000000000e+00
6.995000000000000107e-01 0.000000000000000000e+00
7.005000000000000115e-01 0.000000000000000000e+00
7.015000000000000124e-01 0.000000000000000000e+00
7.025000000000000133e-01 0.000000000000000000e+00
7.035000000000000142e-01 0.000000000000000000e+00
7.045000000000000151e-01 0.000000000000000000e+00
7.055000000000000160e-01 0.000000000000000000e+00
7.065000000000000169e-01 0.000000000000000000e+00
7.075000000000000178e-01 0.000000000000000000e+00
7.085000000000000187e-01 0.000000000000000000e+00
7.095000000000000195e-01 0.000000000000000000e+00
7.105000000000000204e-01 0.000000000000000000e+00
7.115000000000000213e-01 0.000000000000000000e+00
7.125000000000000222e-01 0.000000000000000000e+00
7.135000000000000231e-01 0.000000000000000000e+00
7.145000000000000240e-01 0.000000000000000000e+00
7.155000000000000249e-01 0.000000000000000000e+00
7.165000000000000258e-01 0.000000000000000000e+00
7.175000000000000266e-01 0.000000000000000000e+00
7.185000000000000275e-01 0.000000000000000000e+00
7.195000000000000284e-01 0.000000000000000000e+00
7.205000000000000293e-01 0.000000000000000000e+00
7.215000000000000302e-01 0.000000000000000000e+00
7.225000000000000311e-01 0.000000000000000000e+00
7.235000000000000320e-01 0.000000000000000000e+00
7.245000000000000329e-01 0.000000000000000000e+00
7.255000000000000338e-01 0.000000000000000000e+00
7.265000000000000346e-01 0.000000000000000000e+00
7.275000000000000355e-01 0.000000000000000000e+00
7.285000000000000364e-01 0.000000000000000000e+00
7.295000000000000373e-01 0.000000000000000000e+00
7.305000000000000382e-01 0.000000000000000000e+00
7.315000000000000391e-01 0.000000000000000000e+00
7.325000000000000400e-01 0.000000000000000000e+00
7.335000000000000409e-01 0.000000000000000000e+00
7.345000000000000417e-01 0.000000000000000000e+00
7.355000000000000426e-01 0.000000000000000000e+00
7.365000000000000435e-01 0.000000000000000000e+00
7.375000000000000444e-01 0.000000000000000000e+00
7.385000000000000453e-01 0.000000000000000000e+00
7.395000000000000462e-01 0.000000000000000000e+00
7.405000000000000471e-01 0.000000000000000000e+00
7.415000000000000480e-01 0.000000000000000000e+00
7.425000000000000488e-01 0.000000000000000000e+00
7.435000000000000497e-01 0.000000000000000000e+00
7.445000000000000506e-01 0.000000000000000000e+00
7.455000000000000515e-01 0.000000000000000000e+00
7.465000000000000524e-01 0.000000000000000000e+00
7.475000000000000533e-01 0.000000000000000000e+00
7.485000000000000542e-01 0.000000000000000000e+00
7.495000000000000551e-01 0.000000000000000000e+00
7.504999999999999449e-01 0.000000000000000000e+00
7.514999999999999458e-01 0.000000000000000000e+00
7.524999999999999467e-01 0.000000000000000000e+00
7.534999999999999476e-01 0.000000000000000000e+00
7.544999999999999485e-01 0.000000000000000000e+00
7.554999999999999494e-01 0.000000000000000000e+00
7.564999999999999503e-01 0.000000000000000000e+00
7.574999999999999512e-01 0.000000000000000000e+00
7.584999999999999520e-01 0.000000000000000000e+00
7.594999999999999529e-01 0.000000000000000000e+00
7.604999999999999538e-01 0.000000000000000000e+00
7.614999999999999547e-01 0.000000000000000000e+00
7.624999999999999556e-01 0.000000000000000000e+00
7.634999999999999565e-01 0.000000000000000000e+00
7.644999999999999574e-01 0.000000000000000000e+00
7.654999999999999583e-01 0.000000000000000000e+00
7.664999999999999591e-01 0.000000000000000000e+00
7.674999999999999600e-01 0.000000000000000000e+00
7.684999999999999609e-01 0.000000000000000000e+00
7.694999999999999618e-01 0.000000000000000000e+00
7.704999999999999627e-01 0.000000000000000000e+00
7.714999999999999636e-01 0.000000000000000000e+00
7.724999999999999645e-01 0.000000000000000000e+00
7.734999999999999654e-01 0.000000000000000000e+00
7.744999999999999662e-01 0.000000000000000000e+00
7.754999999999999671e-01 0.000000000000000000e+00
7.764999999999999680e-01 0.000000000000000000e+00
7.774999999999999689e-01 0.000000000000000000e+00
7.784999999999999698e-01 0.000000000000000000e+00
7.794999999999999707e-01 0.000000000000000000e+00
7.804999999999999716e-01 0.000000000000000000e+00
7.814999999999999725e-01 0.000000000000000000e+00
7.824999999999999734e-01 0.000000000000000000e+00
7.834999999999999742e-01 0.000000000000000000e+00
7.844999999999999751e-01 0.000000000000000000e+00
7.854999999999999760e-01 0.000000000000000000e+00
7.864999999999999769e-01 0.000000000000000000e+00
7.874999999999999778e-01 0.000000000000000000e+00
7.884999999999999787e-01 0.000000000000000000e+00
7.894999999999999796e-01 0.000000000000000000e+00
7.904999999999999805e-01 0.000000000000000000e+00
7.914999999999999813e-01 0.000000000000000000e+00
7.924999999999999822e-01 0.000000000000000000e+00
7.934999999999999831e-01 0.000000000000000000e+00
7.944999999999999840e-01 0.000000000000000000e+00
7.954999999999999849e-01 0.000000000000000000e+00
7.964999999999999858e-01 0.000000000000000000e+00
7.974999999999999867e-01 0.000000000000000000e+00
7.984999999999999876e-01 0.000000000000000000e+00
7.994999999999999885e-01 0.000000000000000000e+00
8.004999999999999893e-01 0.000000000000000000e+00
8.014999999999999902e-01 0.000000000000000000e+00
8.024999999999999911e-01 0.000000000000000000e+00
8.034999999999999920e-01 0.000000000000000000e+00
8.044999999999999929e-01 0.000000000000000000e+00
8.054999999999999938e-01 0.000000000000000000e+00
8.064999999999999947e-01 0.000000000000000000e+00
8.074999999999999956e-01 0.000000000000000000e+00
8.084999999999999964e-01 0.000000000000000000e+00
8.094999999999999973e-01 0.000000000000000000e+00
8.104999999999999982e-01 0.000000000000000000e+00
8.114999999999999991e-01 0.000000000000000000e+00
8.125000000000000000e-01 0.000000000000000000e+00
8.135000000000000009e-01 0.000000000000000000e+00
8.145000000000000018e-01 0.000000000000000000e+00
8.155000000000000027e-01 0.000000000000000000e+00
8.165000000000000036e-01 0.000000000000000000e+00
8.175000000000000044e-01 0.000000000000000000e+00
8.185000000000000053e-01 0.000000000000000000e+00
8.195000000000000062e-01 0.000000000000000000e+00
8.205000000000000071e-01 0.000000000000000000e+00
8.215000000000000080e-01 0.000000000000000000e+00
8.225000000000000089e-01 0.000000000000000000e+00
8.235000000000000098e-01 0.000000000000000000e+00
8.245000000000000107e-01 0.000000000000000000e+00
8.255000000000000115e-01 0.000000000000000000e+00
8.265000000000000124e-01 0.000000000000000000e+00
8.275000000000000133e-01 0.000000000000000000e+00
8.285000000000000142e-01 0.000000000000000000e+00
8.295000000000000151e-01 0.000000000000000000e+00
8.305000000000000160e-01 0.000000000000000000e+00
8.315000000000000169e-01 0.000000000000000000e+00
8.325000000000000178e-01 0.000000000000000000e+00
8.335000000000000187e-01 0.000000000000000000e+00
8.345000000000000195e-01 0.000000000000000000e+00
8.355000000000000204e-01 0.000000000000000000e+00
8.365000000000000213e-01 0.000000000000000000e+00
8.375000000000000222e-01 0.000000000000000000e+00
8.385000000000000231e-01 0.000000000000000000e+00
8.395000000000000240e-01 0.000000000000000000e+00
8.405000000000000249e-01 0.000000000000000000e+00
8.415000000000000258e-01 0.000000000000000000e+00
8.425000000000000266e-01 0.000000000000000000e+00
8.435000000000000275e-01 0.000000000000000000e+00
8.445000000000000284e-01 0.000000000000000000e+00
8.455000000000000293e-01 0.000000000000000000e+00
8.465000000000000302e-01 0.000000000000000000e+00
8.475000000000000311e-01 0.000000000000000000e+00
8.485000000000000320e-01 0.000000000000000000e+00
8.495000000000000329e-01 0.000000000000000000e+00
8.505000000000000338e-01 0.000000000000000000e+00
8.515000000000000346e-01 0.000000000000000000e+00
8.525000000000000355e-01 0.000000000000000000e+00
8.535000000000000364e-01 0.000000000000000000e+00
8.545000000000000373e-01 0.000000000000000000e+00
8.555000000000000382e-01 0.000000000000000000e+00
8.565000000000000391e-01 0.000000000000000000e+00
8.575000000000000400e-01 0.000000000000000000e+00
8.585000000000000409e-01 0.000000000000000000e+00
8.595000000000000417e-01 0.000000000000000000e+00
8.605000000000000426e-01 0.000000000000000000e+00
8.615000000000000435e-01 0.000000000000000000e+00
8.625000000000000444e-01 0.000000000000000000e+00
8.635000000000000453e-01 0.000000000000000000e+00
8.645000000000000462e-01 0.000000000000000000e+00
8.655000000000000471e-01 0.000000000000000000e+00
8.665000000000000480e-01 0.000000000000000000e+00
8.675000000000000488e-01 0.000000000000000000e+00
8.685000000000000497e-01 0.000000000000000000e+00
8.695000000000000506e-01 0.000000000000000000e+00
8.705000000000000515e-01 0.000000000000000000e+00
8.715000000000000524e-01 0.000000000000000000e+00
8.725000000000000533e-01 0.000000000000000000e+00
8.735000000000000542e-01 0.000000000000000000e+00
8.745000000000000551e-01 0.000000000000000000e+00
8.754999999999999449e-01 0.000000000000000000e+00
8.764999999999999458e-01 0.000000000000000000e+00
8.774999999999999467e-01 0.000000000000000000e+00
8.784999999999999476e-01 0.000000000000000000e+00
8.794999999999999485e-01 0.000000000000000000e+00
8.804999999999999494e-01 0.000000000000000000e+00
8.814999999999999503e-01 0.000000000000000000e+00
8.824999999999999512e-01 0.000000000000000000e+00
8.834999999999999520e-01 0.000000000000000000e+00
8.844999999999999529e-01 0.000000000000000000e+00
8.854999999999999538e-01 0.000000000000000000e+00
8.864999999999999547e-01 0.000000000000000000e+00
8.874999999999999556e-01 0.000000000000000000e+00
8.884999999999999565e-01 0.000000000000000000e+00
8.894999999999999574e-01 0.000000000000000000e+00
8.904999999999999583e-01 0.000000000000000000e+00
8.914999999999999591e-01 0.000000000000000000e+00
8.924999999999999600e-01 0.000000000000000000e+00
8.934999999999999609e-01 0.000000000000000000e+00
8.944999999999999618e-01 0.000000000000000000e+00
8.954999999999999627e-01 0.000000000000000000e+00
8.964999999999999636e-01 0.000000000000000000e+00
8.974999999999999645e-01 0.000000000000000000e+00
8.984999999999999654e-01 0.000000000000000000e+00
8.994999999999999662e-01 0.000000000000000000e+00
9.004999999999999671e-01 0.000000000000000000e+00
9.014999999999999680e-01 0.000000000000000000e+00
9.024999999999999689e-01 0.000000000000000000e+00
9.034999999999999698e-01 0.000000000000000000e+00
9.044999999999999707e-01 0.000000000000000000e+00
9.054999999999999716e-01 0.000000000000000000e+00
9.064999999999999725e-01 0.000000000000000000e+00
9.074999999999999734e-01 0.000000000000000000e+00
9.084999999999999742e-01 0.000000000000000000e+00
9.094999999999999751e-01 0.000000000000000000e+00
9.104999999999999760e-01 0.000000000000000000e+00
9.114999999999999769e-01 0.000000000000000000e+00
9.124999999999999778e-01 0.000000000000000000e+00
9.134999999999999787e-01 0.000000000000000000e+00
9.144999999999999796e-01 0.000000000000000000e+00
9.154999999999999805e-01 0.000000000000000000e+00
9.164999999999999813e-01 0.000000000000000000e+00
9.174999999999999822e-01 0.000000000000000000e+00
9.184999999999999831e-01 0.000000000000000000e+00
9.194999999999999840e-01 0.000000000000000000e+00
9.204999999999999849e-01 0.000000000000000000e+00
9.214999999999999858e-01 0.000000000000000000e+00
9.224999999999999867e-01 0.000000000000000000e+00
9.234999999999999876e-01 0.000000000000000000e+00
9.244999999999999885e-01 0.000000000000000000e+00
9.254999999999999893e-01 0.000000000000000000e+00
9.264999999999999902e-01 0.000000000000000000e+00
9.274999999999999911e-01 0.000000000000000000e+00
9.284999999999999920e-01 0.000000000000000000e+00
9.294999999999999929e-01 0.000000000000000000e+00
9.304999999999999938e-01 0.000000000000000000e+00
9.314999999999999947e-01 0.000000000000000000e+00
9.324999999999999956e-01 0.000000000000000000e+00
9.334999999999999964e-01 0.000000000000000000e+00
9.344999999999999973e-01 0.000000000000000000e+00
9.354999999999999982e-01 0.000000000000000000e+00
9.364999999999999991e-01 0.000000000000000000e+00
9.375000000000000000e-01 0.000000000000000000e+00
9.385000000000000009e-01 0.000000000000000000e+00
9.395000000000000018e-01 0.000000000000000000e+00
9.405000000000000027e-01 0.000000000000000000e+00
9.415000000000000036e-01 0.000000000000000000e+00
9.425000000000000044e-01 0.000000000000000000e+00
9.435000000000000053e-01 0.000000000000000000e+00
9.445000000000000062e-01 0.000000000000000000e+00
9.455000000000000071e-01 0.000000000000000000e+00
9.465000000000000080e-01 0.000000000000000000e+00
9.475000000000000089e-01 0.000000000000000000e+00
9.485000000000000098e-01 0.000000000000000000e+00
9.495000000000000107e-01 0.000000000000000000e+00
9.505000000000000115e-01 0.000000000000000000e+00
9.515000000000000124e-01 0.000000000000000000e+00
9.525000000000000133e-01 0.000000000000000000e+00
9.535000000000000142e-01 0.000000000000000000e+00
9.545000000000000151e-01 0.000000000000000000e+00
9.555000000000000160e-01 0.000000000000000000e+00
9.565000000000000169e-01 0.000000000000000000e+00
9.575000000000000178e-01 0.000000000000000000e+00
9.585000000000000187e-01 0.000000000000000000e+00
9.595000000000000195e-01 0.000000000000000000e+00
9.605000000000000204e-01 0.000000000000000000e+00
9.615000000000000213e-01 0.000000000000000000e+00
9.625000000000000222e-01 0.000000000000000000e+00
9.635000000000000231e-01 0.000000000000000000e+00
9.645000000000000240e-01 0.000000000000000000e+00
9.655000000000000249e-01 0.000000000000000000e+00
9.665000000000000258e-01 0.000000000000000000e+00
9.675000000000000266e-01 0.000000000000000000e+00
9.685000000000000275e-01 0.000000000000000000e+00
9.695000000000000284e-01 0.000000000000000000e+00
9.705000000000000293e-01 0.000000000000000000e+00
9.715000000000000302e-01 0.000000000000000000e+00
9.725000000000000311e-01 0.000000000000000000e+00
9.735000000000000320e-01 0.000000000000000000e+00
9.745000000000000329e-01 0.000000000000000000e+00
9.755000000000000338e-01 0.000000000000000000e+00
9.765000000000000346e-01 0.000000000000000000e+00
9.775000000000000355e-01 0.000000000000000000e+00
9.785000000000000364e-01 0.000000000000000000e+00
9.795000000000000373e-01 0.000000000000000000e+00
9.805000000000000382e-01 0.000000000000000000e+00
9.815000000000000391e-01 0.000000000000000000e+00
9.825000000000000400e-01 0.000000000000000000e+00
9.835000000000000409e-01 0.000000000000000000e+00
9.845000000000000417e-01 0.000000000000000000e+00
9.855000000000000426e-01 0.000000000000000000e+00
9.865000000000000435e-01 0.000000000000000000e+00
9.875000000000000444e-01 0.000000000000000000e+00
9.885000000000000453e-01 0.000000000000000000e+00
9.895000000000000462e-01 0.000000000000000000e+00
9.905000000000000471e-01 0.000000000000000000e+00
9.915000000000000480e-01 0.000000000000000000e+00
9.925000000000000488e-01 0.000000000000000000e+00
9.935000000000000497e-01 0.000000000000000000e+00
9.945000000000000506e-01 0.000000000000000000e+00
9.955000000000000515e-01 0.000000000000000000e+00
9.965000000000000524e-01 0.000000000000000000e+00
9.975000000000000533e-01 0.000000000000000000e+00
9.985000000000000542e-01 0.000000000000000000e+00
9.995000000000000551e-01 0.000000000000000000e+00
