5.000000000000000104e-04 9.450000000000000663e-05
1.500000000000000031e-03 1.157999999999999958e-04
2.500000000000000052e-03 1.417000000000000020e-04
3.500000000000000073e-03 1.730000000000000038e-04
4.499999999999999660e-03 2.108000000000000010e-04
5.499999999999999681e-03 2.563999999999999981e-04
6.499999999999999702e-03 3.112999999999999773e-04
7.499999999999999722e-03 3.773000000000000095e-04
8.500000000000000611e-03 4.562999999999999782e-04
9.499999999999999764e-03 5.509000000000000008e-04
1.050000000000000065e-02 6.639000000000000370e-04
1.149999999999999981e-02 7.984999999999999477e-04
1.250000000000000069e-02 9.587000000000000469e-04
1.349999999999999985e-02 1.148900000000000008e-03
1.450000000000000074e-02 1.374199999999999901e-03
1.549999999999999989e-02 1.640699999999999928e-03
1.650000000000000078e-02 1.955199999999999820e-03
1.750000000000000167e-02 2.325699999999999990e-03
1.849999999999999908e-02 2.761299999999999952e-03
1.949999999999999997e-02 3.272399999999999962e-03
2.050000000000000086e-02 3.870900000000000035e-03
2.149999999999999828e-02 4.570499999999999910e-03
2.249999999999999917e-02 5.386600000000000069e-03
2.350000000000000006e-02 6.336699999999999798e-03
2.450000000000000094e-02 7.440800000000000018e-03
2.549999999999999836e-02 8.721100000000000727e-03
2.649999999999999925e-02 1.020309999999999967e-02
2.750000000000000014e-02 1.191509999999999965e-02
2.850000000000000103e-02 1.388889999999999916e-02
2.949999999999999845e-02 1.616019999999999956e-02
3.049999999999999933e-02 1.876869999999999927e-02
3.150000000000000022e-02 2.175869999999999888e-02
3.250000000000000111e-02 2.517909999999999940e-02
3.350000000000000200e-02 2.908449999999999924e-02
3.450000000000000289e-02 3.353479999999999656e-02
3.549999999999999684e-02 3.859619999999999718e-02
3.649999999999999772e-02 4.434149999999999897e-02
3.749999999999999861e-02 5.085039999999999699e-02
3.849999999999999950e-02 5.820990000000000192e-02
3.950000000000000039e-02 6.651519999999999655e-02
4.050000000000000128e-02 7.586940000000000350e-02
4.150000000000000216e-02 8.638460000000000583e-02
4.250000000000000305e-02 9.818190000000000250e-02
4.349999999999999700e-02 1.113920000000000049e-01
4.449999999999999789e-02 1.261551999999999951e-01
4.549999999999999878e-02 1.426221000000000017e-01
4.649999999999999967e-02 1.609537000000000051e-01
4.750000000000000056e-02 1.813213999999999937e-01
4.850000000000000144e-02 2.039073999999999887e-01
4.950000000000000233e-02 2.289047999999999916e-01
5.050000000000000322e-02 2.565172000000000008e-01
5.149999999999999717e-02 2.869591000000000225e-01
5.249999999999999806e-02 3.204551999999999956e-01
5.349999999999999895e-02 3.572404000000000135e-01
5.449999999999999983e-02 3.975592000000000015e-01
5.550000000000000072e-02 4.416653999999999858e-01
5.650000000000000161e-02 4.898211000000000093e-01
5.750000000000000250e-02 5.422959000000000529e-01
5.850000000000000339e-02 5.993663999999999659e-01
5.949999999999999734e-02 6.613143000000000216e-01
6.049999999999999822e-02 7.284260999999999653e-01
6.149999999999999911e-02 8.009908999999999502e-01
6.250000000000000000e-02 8.792993000000000059e-01
6.350000000000000089e-02 9.636417000000000455e-01
6.450000000000000178e-02 1.054306299999999919e+00
6.550000000000000266e-02 1.151577400000000084e+00
6.650000000000000355e-02 1.255733100000000046e+00
6.750000000000000444e-02 1.367043400000000020e+00
6.850000000000000533e-02 1.485767700000000024e+00
6.950000000000000622e-02 1.612152400000000041e+00
7.049999999999999323e-02 1.746428799999999892e+00
7.149999999999999412e-02 1.888810199999999995e+00
7.249999999999999500e-02 2.039489999999999803e+00
7.349999999999999589e-02 2.198638299999999823e+00
7.449999999999999678e-02 2.366400200000000176e+00
7.549999999999999767e-02 2.542892900000000012e+00
7.649999999999999856e-02 2.728203399999999945e+00
7.749999999999999944e-02 2.922386200000000045e+00
7.850000000000000033e-02 3.125461099999999881e+00
7.950000000000000122e-02 3.337410699999999952e+00
8.050000000000000211e-02 3.558179200000000098e+00
8.150000000000000300e-02 3.787670100000000151e+00
8.250000000000000389e-02 4.025744699999999732e+00
8.350000000000000477e-02 4.272220899999999766e+00
8.450000000000000566e-02 4.526872199999999680e+00
8.550000000000000655e-02 4.789426699999999926e+00
8.649999999999999356e-02 5.059566399999999575e+00
8.749999999999999445e-02 5.336927400000000432e+00
8.849999999999999534e-02 5.621099700000000254e+00
8.949999999999999623e-02 5.911627400000000421e+00
9.049999999999999711e-02 6.208009500000000180e+00
9.149999999999999800e-02 6.509701299999999691e+00
9.249999999999999889e-02 6.816114800000000251e+00
9.349999999999999978e-02 7.126621300000000048e+00
9.450000000000000067e-02 7.440552499999999903e+00
9.550000000000000155e-02 7.757203500000000140e+00
9.650000000000000244e-02 8.075834600000000307e+00
9.750000000000000333e-02 8.395674599999999543e+00
9.850000000000000422e-02 8.715923399999999432e+00
9.950000000000000511e-02 9.035755599999999887e+00
1.005000000000000060e-01 9.354324000000000083e+00
1.015000000000000069e-01 9.670763000000000886e+00
1.024999999999999939e-01 9.984192399999999523e+00
1.034999999999999948e-01 1.029372170000000075e+01
1.044999999999999957e-01 1.059845409999999966e+01
1.054999999999999966e-01 1.089749029999999941e+01
1.064999999999999974e-01 1.118993320000000047e+01
1.074999999999999983e-01 1.147489179999999998e+01
1.084999999999999992e-01 1.175148549999999936e+01
1.095000000000000001e-01 1.201884860000000010e+01
1.105000000000000010e-01 1.227613430000000072e+01
1.115000000000000019e-01 1.252251859999999972e+01
1.125000000000000028e-01 1.275720459999999967e+01
1.135000000000000037e-01 1.297942639999999948e+01
1.145000000000000046e-01 1.318845259999999975e+01
1.155000000000000054e-01 1.338359009999999927e+01
1.165000000000000063e-01 1.356418739999999978e+01
1.174999999999999933e-01 1.372963790000000017e+01
1.184999999999999942e-01 1.387938270000000074e+01
1.194999999999999951e-01 1.401291340000000041e+01
1.204999999999999960e-01 1.412977500000000042e+01
1.214999999999999969e-01 1.422956749999999992e+01
1.224999999999999978e-01 1.431194829999999918e+01
1.234999999999999987e-01 1.437663399999999925e+01
1.244999999999999996e-01 1.442340160000000004e+01
1.255000000000000004e-01 1.445208940000000020e+01
1.265000000000000013e-01 1.446259859999999975e+01
1.275000000000000022e-01 1.445489290000000082e+01
1.285000000000000031e-01 1.442899940000000036e+01
1.295000000000000040e-01 1.438500830000000086e+01
1.305000000000000049e-01 1.432307239999999915e+01
1.315000000000000058e-01 1.424340660000000014e+01
1.325000000000000067e-01 1.414628659999999982e+01
1.335000000000000075e-01 1.403204780000000085e+01
1.345000000000000084e-01 1.390108359999999976e+01
1.355000000000000093e-01 1.375384359999999973e+01
1.365000000000000102e-01 1.359083120000000022e+01
1.375000000000000111e-01 1.341260119999999922e+01
1.385000000000000120e-01 1.321975710000000070e+01
1.395000000000000129e-01 1.301294799999999974e+01
1.405000000000000138e-01 1.279286570000000012e+01
1.414999999999999869e-01 1.256024080000000076e+01
1.424999999999999878e-01 1.231583909999999982e+01
1.434999999999999887e-01 1.206045809999999996e+01
1.444999999999999896e-01 1.179492300000000071e+01
1.454999999999999905e-01 1.152008219999999916e+01
1.464999999999999913e-01 1.123680320000000066e+01
1.474999999999999922e-01 1.094596879999999928e+01
1.484999999999999931e-01 1.064847199999999994e+01
1.494999999999999940e-01 1.034521220000000064e+01
1.504999999999999949e-01 1.003709060000000086e+01
1.514999999999999958e-01 9.725005899999999315e+00
1.524999999999999967e-01 9.409850000000000492e+00
1.534999999999999976e-01 9.092504099999999312e+00
1.544999999999999984e-01 8.773834400000000144e+00
1.554999999999999993e-01 8.454688000000000869e+00
1.565000000000000002e-01 8.135890099999999237e+00
1.575000000000000011e-01 7.818239400000000394e+00
1.585000000000000020e-01 7.502505600000000108e+00
1.595000000000000029e-01 7.189426199999999767e+00
1.605000000000000038e-01 6.879703499999999750e+00
1.615000000000000047e-01 6.574002499999999749e+00
1.625000000000000056e-01 6.272948699999999711e+00
1.635000000000000064e-01 5.977126000000000161e+00
1.645000000000000073e-01 5.687075199999999775e+00
1.655000000000000082e-01 5.403293299999999633e+00
1.665000000000000091e-01 5.126231999999999900e+00
1.675000000000000100e-01 4.856297099999999922e+00
1.685000000000000109e-01 4.593848999999999627e+00
1.695000000000000118e-01 4.339202000000000226e+00
1.705000000000000127e-01 4.092624800000000285e+00
1.715000000000000135e-01 3.854341499999999865e+00
1.724999999999999867e-01 3.624531999999999865e+00
1.734999999999999876e-01 3.403333700000000128e+00
1.744999999999999885e-01 3.190842400000000190e+00
1.754999999999999893e-01 2.987114200000000164e+00
1.764999999999999902e-01 2.792167000000000066e+00
1.774999999999999911e-01 2.605982800000000044e+00
1.784999999999999920e-01 2.428509800000000052e+00
1.794999999999999929e-01 2.259664200000000012e+00
1.804999999999999938e-01 2.099332899999999835e+00
1.814999999999999947e-01 1.947375700000000043e+00
1.824999999999999956e-01 1.803627799999999892e+00
1.834999999999999964e-01 1.667902299999999949e+00
1.844999999999999973e-01 1.539992400000000039e+00
1.854999999999999982e-01 1.419674300000000056e+00
1.864999999999999991e-01 1.306709099999999957e+00
1.875000000000000000e-01 1.200845299999999893e+00
1.885000000000000009e-01 1.101821299999999892e+00
1.895000000000000018e-01 1.009367300000000078e+00
1.905000000000000027e-01 9.232076000000000171e-01
1.915000000000000036e-01 8.430621999999999838e-01
1.925000000000000044e-01 7.686490999999999740e-01
1.935000000000000053e-01 6.996858999999999718e-01
1.945000000000000062e-01 6.358911999999999898e-01
1.955000000000000071e-01 5.769862999999999520e-01
1.965000000000000080e-01 5.226963000000000026e-01
1.975000000000000089e-01 4.727515999999999941e-01
1.985000000000000098e-01 4.268886000000000069e-01
1.995000000000000107e-01 3.848509999999999986e-01
2.005000000000000115e-01 3.463900999999999786e-01
2.015000000000000124e-01 3.112659999999999871e-01
2.025000000000000133e-01 2.792478999999999933e-01
2.034999999999999865e-01 2.501143000000000116e-01
2.044999999999999873e-01 2.236538000000000137e-01
2.054999999999999882e-01 1.996649000000000063e-01
2.064999999999999891e-01 1.779563000000000117e-01
2.074999999999999900e-01 1.583470999999999906e-01
2.084999999999999909e-01 1.406664999999999999e-01
2.094999999999999918e-01 1.247539000000000009e-01
2.104999999999999927e-01 1.104582999999999954e-01
2.114999999999999936e-01 9.763890000000000069e-02
2.124999999999999944e-01 8.616419999999999635e-02
2.134999999999999953e-01 7.591159999999999575e-02
2.144999999999999962e-01 6.676769999999999927e-02
2.154999999999999971e-01 5.862740000000000312e-02
2.164999999999999980e-01 5.139359999999999762e-02
2.174999999999999989e-01 4.497700000000000309e-02
2.184999999999999998e-01 3.929579999999999879e-02
2.195000000000000007e-01 3.427460000000000229e-02
2.205000000000000016e-01 2.984480000000000119e-02
2.215000000000000024e-01 2.594389999999999891e-02
2.225000000000000033e-01 2.251500000000000029e-02
2.235000000000000042e-01 1.950630000000000072e-02
2.245000000000000051e-01 1.687119999999999939e-02
2.255000000000000060e-01 1.456739999999999945e-02
2.265000000000000069e-01 1.255700000000000045e-02
2.275000000000000078e-01 1.080560000000000027e-02
2.285000000000000087e-01 9.282900000000000179e-03
2.295000000000000095e-01 7.961100000000000468e-03
2.305000000000000104e-01 6.816000000000000010e-03
2.315000000000000113e-01 5.825699999999999629e-03
2.325000000000000122e-01 4.970800000000000045e-03
2.335000000000000131e-01 4.234100000000000190e-03
2.344999999999999862e-01 3.600499999999999968e-03
2.354999999999999871e-01 3.056500000000000189e-03
2.364999999999999880e-01 2.590199999999999968e-03
2.374999999999999889e-01 2.191300000000000192e-03
2.384999999999999898e-01 1.850700000000000045e-03
2.394999999999999907e-01 1.560299999999999925e-03
2.404999999999999916e-01 1.313300000000000101e-03
2.414999999999999925e-01 1.103500000000000097e-03
2.424999999999999933e-01 9.255999999999999471e-04
2.434999999999999942e-01 7.749999999999999728e-04
2.444999999999999951e-01 6.478000000000000251e-04
2.454999999999999960e-01 5.406000000000000215e-04
2.464999999999999969e-01 4.502999999999999950e-04
2.474999999999999978e-01 3.744999999999999957e-04
2.484999999999999987e-01 3.109000000000000218e-04
2.494999999999999996e-01 2.575999999999999731e-04
2.505000000000000004e-01 2.132000000000000052e-04
2.515000000000000013e-01 1.759999999999999954e-04
2.525000000000000022e-01 1.451000000000000033e-04
2.535000000000000031e-01 1.195000000000000044e-04
2.545000000000000040e-01 9.809999999999999927e-05
2.555000000000000049e-01 8.050000000000000515e-05
2.565000000000000058e-01 6.590000000000000263e-05
2.575000000000000067e-01 5.390000000000000233e-05
2.585000000000000075e-01 4.399999999999999886e-05
2.595000000000000084e-01 3.580000000000000283e-05
2.605000000000000093e-01 2.909999999999999921e-05
2.615000000000000102e-01 2.360000000000000105e-05
2.625000000000000111e-01 1.910000000000000009e-05
2.635000000000000120e-01 1.550000000000000068e-05
2.645000000000000129e-01 1.250000000000000060e-05
2.655000000000000138e-01 1.009999999999999986e-05
2.665000000000000147e-01 8.100000000000000375e-06
2.675000000000000155e-01 6.499999999999999600e-06
2.685000000000000164e-01 5.200000000000000188e-06
2.695000000000000173e-01 4.199999999999999598e-06
2.705000000000000182e-01 3.300000000000000168e-06
2.715000000000000191e-01 2.699999999999999984e-06
2.725000000000000200e-01 2.099999999999999799e-06
2.735000000000000209e-01 1.700000000000000029e-06
2.745000000000000218e-01 1.300000000000000047e-06
2.755000000000000226e-01 1.100000000000000056e-06
2.765000000000000235e-01 7.999999999999999638e-07
2.775000000000000244e-01 6.999999999999999683e-07
2.785000000000000253e-01 4.999999999999999774e-07
2.795000000000000262e-01 3.999999999999999819e-07
2.805000000000000271e-01 2.999999999999999864e-07
2.814999999999999725e-01 2.999999999999999864e-07
2.824999999999999734e-01 1.999999999999999909e-07
2.834999999999999742e-01 1.999999999999999909e-07
2.844999999999999751e-01 9.999999999999999547e-08
2.854999999999999760e-01 9.999999999999999547e-08
2.864999999999999769e-01 9.999999999999999547e-08
2.874999999999999778e-01 9.999999999999999547e-08
2.884999999999999787e-01 0.000000000000000000e+00
2.894999999999999796e-01 0.000000000000000000e+00
2.904999999999999805e-01 0.000000000000000000e+00
2.914999999999999813e-01 0.000000000000000000e+00
2.924999999999999822e-01 0.000000000000000000e+00
2.934999999999999831e-01 0.000000000000000000e+00
2.944999999999999840e-01 0.000000000000000000e+00
2.954999999999999849e-01 0.000000000000000000e+00
2.964999999999999858e-01 0.000000000000000000e+00
2.974999999999999867e-01 0.000000000000000000e+00
2.984999999999999876e-01 0.000000000000000000e+00
2.994999999999999885e-01 0.000000000000000000e+00
3.004999999999999893e-01 0.000000000000000000e+00
3.014999999999999902e-01 0.000000000000000000e+00
3.024999999999999911e-01 0.000000000000000000e+00
3.034999999999999920e-01 0.000000000000000000e+00
3.044999999999999929e-01 0.000000000000000000e+00
3.054999999999999938e-01 0.000000000000000000e+00
3.064999999999999947e-01 0.000000000000000000e+00
3.074999999999999956e-01 0.000000000000000000e+00
3.084999999999999964e-01 0.000000000000000000e+00
3.094999999999999973e-01 0.000000000000000000e+00
3.104999999999999982e-01 0.000000000000000000e+00
3.114999999999999991e-01 0.000000000000000000e+00
3.125000000000000000e-01 0.000000000000000000e+00
3.135000000000000009e-01 0.000000000000000000e+00
3.145000000000000018e-01 0.000000000000000000e+00
3.155000000000000027e-01 0.000000000000000000e+00
3.165000000000000036e-01 0.000000000000000000e+00
3.175000000000000044e-01 0.000000000000000000e+00
3.185000000000000053e-01 0.000000000000000000e+00
3.195000000000000062e-01 0.000000000000000000e+00
3.205000000000000071e-01 0.000000000000000000e+00
3.215000000000000080e-01 0.000000000000000000e+00
3.225000000000000089e-01 0.000000000000000000e+00
3.235000000000000098e-01 0.000000000000000000e+00
3.245000000000000107e-01 0.000000000000000000e+00
3.255000000000000115e-01 0.000000000000000000e+00
3.265000000000000124e-01 0.000000000000000000e+00
3.275000000000000133e-01 0.000000000000000000e+00
3.285000000000000142e-01 0.000000000000000000e+00
3.295000000000000151e-01 0.000000000000000000e+00
3.305000000000000160e-01 0.000000000000000000e+00
3.315000000000000169e-01 0.000000000000000000e+00
3.325000000000000178e-01 0.000000000000000000e+00
3.335000000000000187e-01 0.000000000000000000e+00
3.345000000000000195e-01 0.000000000000000000e+00
3.355000000000000204e-01 0.000000000000000000e+00
3.365000000000000213e-01 0.000000000000000000e+00
3.375000000000000222e-01 0.000000000000000000e+00
3.385000000000000231e-01 0.000000000000000000e+00
3.395000000000000240e-01 0.000000000000000000e+00
3.405000000000000249e-01 0.000000000000000000e+00
3.415000000000000258e-01 0.000000000000000000e+00
3.425000000000000266e-01 0.000000000000000000e+00
3.435000000000000275e-01 0.000000000000000000e+00
3.444999999999999729e-01 0.000000000000000000e+00
3.454999999999999738e-01 0.000000000000000000e+00
3.464999999999999747e-01 0.000000000000000000e+00
3.474999999999999756e-01 0.000000000000000000e+00
3.484999999999999765e-01 0.000000000000000000e+00
3.494999999999999774e-01 0.000000000000000000e+00
3.504999999999999782e-01 0.000000000000000000e+00
3.514999999999999791e-01 0.000000000000000000e+00
3.524999999999999800e-01 0.000000000000000000e+00
3.534999999999999809e-01 0.000000000000000000e+00
3.544999999999999818e-01 0.000000000000000000e+00
3.554999999999999827e-01 0.000000000000000000e+00
3.564999999999999836e-01 0.000000000000000000e+00
3.574999999999999845e-01 0.000000000000000000e+00
3.584999999999999853e-01 0.000000000000000000e+00
3.594999999999999862e-01 0.000000000000000000e+00
3.604999999999999871e-01 0.000000000000000000e+00
3.614999999999999880e-01 0.000000000000000000e+00
3.624999999999999889e-01 0.000000000000000000e+00
3.634999999999999898e-01 0.000000000000000000e+00
3.644999999999999907e-01 0.000000000000000000e+00
3.654999999999999916e-01 0.000000000000000000e+00
3.664999999999999925e-01 0.000000000000000000e+00
3.674999999999999933e-01 0.000000000000000000e+00
3.684999999999999942e-01 0.000000000000000000e+00
3.694999999999999951e-01 0.000000000000000000e+00
3.704999999999999960e-01 0.000000000000000000e+00
3.714999999999999969e-01 0.000000000000000000e+00
3.724999999999999978e-01 0.000000000000000000e+00
3.734999999999999987e-01 0.000000000000000000e+00
3.744999999999999996e-01 0.000000000000000000e+00
3.755000000000000004e-01 0.000000000000000000e+00
3.765000000000000013e-01 0.000000000000000000e+00
3.775000000000000022e-01 0.000000000000000000e+00
3.785000000000000031e-01 0.000000000000000000e+00
3.795000000000000040e-01 0.000000000000000000e+00
3.805000000000000049e-01 0.000000000000000000e+00
3.815000000000000058e-01 0.000000000000000000e+00
3.825000000000000067e-01 0.000000000000000000e+00
3.835000000000000075e-01 0.000000000000000000e+00
3.845000000000000084e-01 0.000000000000000000e+00
3.855000000000000093e-01 0.000000000000000000e+00
3.865000000000000102e-01 0.000000000000000000e+00
3.875000000000000111e-01 0.000000000000000000e+00
3.885000000000000120e-01 0.000000000000000000e+00
3.895000000000000129e-01 0.000000000000000000e+00
3.905000000000000138e-01 0.000000000000000000e+00
3.915000000000000147e-01 0.000000000000000000e+00
3.925000000000000155e-01 0.000000000000000000e+00
3.935000000000000164e-01 0.000000000000000000e+00
3.945000000000000173e-01 0.000000000000000000e+00
3.955000000000000182e-01 0.000000000000000000e+00
3.965000000000000191e-01 0.000000000000000000e+00
3.975000000000000200e-01 0.000000000000000000e+00
3.985000000000000209e-01 0.000000000000000000e+00
3.995000000000000218e-01 0.000000000000000000e+00
4.005000000000000226e-01 0.000000000000000000e+00
4.015000000000000235e-01 0.000000000000000000e+00
4.025000000000000244e-01 0.000000000000000000e+00
4.035000000000000253e-01 0.000000000000000000e+00
4.045000000000000262e-01 0.000000000000000000e+00
4.055000000000000271e-01 0.000000000000000000e+00
4.064999999999999725e-01 0.000000000000000000e+00
4.074999999999999734e-01 0.000000000000000000e+00
4.084999999999999742e-01 0.000000000000000000e+00
4.094999999999999751e-01 0.000000000000000000e+00
4.104999999999999760e-01 0.000000000000000000e+00
4.114999999999999769e-01 0.000000000000000000e+00
4.124999999999999778e-01 0.000000000000000000e+00
4.134999999999999787e-01 0.000000000000000000e+00
4.144999999999999796e-01 0.000000000000000000e+00
4.154999999999999805e-01 0.000000000000000000e+00
4.164999999999999813e-01 0.000000000000000000e+00
4.174999999999999822e-01 0.000000000000000000e+00
4.184999999999999831e-01 0.000000000000000000e+00
4.194999999999999840e-01 0.000000000000000000e+00
4.204999999999999849e-01 0.000000000000000000e+00
4.214999999999999858e-01 0.000000000000000000e+00
4.224999999999999867e-01 0.000000000000000000e+00
4.234999999999999876e-01 0.000000000000000000e+00
4.244999999999999885e-01 0.000000000000000000e+00
4.254999999999999893e-01 0.000000000000000000e+00
4.264999999999999902e-01 0.000000000000000000e+00
4.274999999999999911e-01 0.000000000000000000e+00
4.284999999999999920e-01 0.000000000000000000e+00
4.294999999999999929e-01 0.000000000000000000e+00
4.304999999999999938e-01 0.000000000000000000e+00
4.314999999999999947e-01 0.000000000000000000e+00
4.324999999999999956e-01 0.000000000000000000e+00
4.334999999999999964e-01 0.000000000000000000e+00
4.344999999999999973e-01 0.000000000000000000e+00
4.354999999999999982e-01 0.000000000000000000e+00
4.364999999999999991e-01 0.000000000000000000e+00
4.375000000000000000e-01 0.000000000000000000e+00
4.385000000000000009e-01 0.000000000000000000e+00
4.395000000000000018e-01 0.000000000000000000e+00
4.405000000000000027e-01 0.000000000000000000e+00
4.415000000000000036e-01 0.000000000000000000e+00
4.425000000000000044e-01 0.000000000000000000e+00
4.435000000000000053e-01 0.000000000000000000e+00
4.445000000000000062e-01 0.000000000000000000e+00
4.455000000000000071e-01 0.000000000000000000e+00
4.465000000000000080e-01 0.000000000000000000e+00
4.475000000000000089e-01 0.000000000000000000e+00
4.485000000000000098e-01 0.000000000000000000e+00
4.495000000000000107e-01 0.000000000000000000e+00
4.505000000000000115e-01 0.000000000000000000e+00
4.515000000000000124e-01 0.000000000000000000e+00
4.525000000000000133e-01 0.000000000000000000e+00
4.535000000000000142e-01 0.000000000000000000e+00
4.545000000000000151e-01 0.000000000000000000e+00
4.555000000000000160e-01 0.000000000000000000e+00
4.565000000000000169e-01 0.000000000000000000e+00
4.575000000000000178e-01 0.000000000000000000e+00
4.585000000000000187e-01 0.000000000000000000e+00
4.595000000000000195e-01 0.000000000000000000e+00
4.605000000000000204e-01 0.000000000000000000e+00
4.615000000000000213e-01 0.000000000000000000e+00
4.625000000000000222e-01 0.000000000000000000e+00
4.635000000000000231e-01 0.000000000000000000e+00
4.645000000000000240e-01 0.000000000000000000e+00
4.655000000000000249e-01 0.000000000000000000e+00
4.665000000000000258e-01 0.000000000000000000e+00
4.675000000000000266e-01 0.000000000000000000e+00
4.685000000000000275e-01 0.000000000000000000e+00
4.694999999999999729e-01 0.000000000000000000e+00
4.704999999999999738e-01 0.000000000000000000e+00
4.714999999999999747e-01 0.000000000000000000e+00
4.724999999999999756e-01 0.000000000000000000e+00
4.734999999999999765e-01 0.000000000000000000e+00
4.744999999999999774e-01 0.000000000000000000e+00
4.754999999999999782e-01 0.000000000000000000e+00
4.764999999999999791e-01 0.000000000000000000e+00
4.774999999999999800e-01 0.000000000000000000e+00
4.784999999999999809e-01 0.000000000000000000e+00
4.794999999999999818e-01 0.000000000000000000e+00
4.804999999999999827e-01 0.000000000000000000e+00
4.814999999999999836e-01 0.000000000000000000e+00
4.824999999999999845e-01 0.000000000000000000e+00
4.834999999999999853e-01 0.000000000000000000e+00
4.844999999999999862e-01 0.000000000000000000e+00
4.854999999999999871e-01 0.000000000000000000e+00
4.864999999999999880e-01 0.000000000000000000e+00
4.874999999999999889e-01 0.000000000000000000e+00
4.884999999999999898e-01 0.000000000000000000e+00
4.894999999999999907e-01 0.000000000000000000e+00
4.904999999999999916e-01 0.000000000000000000e+00
4.914999999999999925e-01 0.000000000000000000e+00
4.924999999999999933e-01 0.000000000000000000e+00
4.934999999999999942e-01 0.000000000000000000e+00
4.944999999999999951e-01 0.000000000000000000e+00
4.954999999999999960e-01 0.000000000000000000e+00
4.964999999999999969e-01 0.000000000000000000e+00
4.974999999999999978e-01 0.000000000000000000e+00
4.984999999999999987e-01 0.000000000000000000e+00
4.994999999999999996e-01 0.000000000000000000e+00
5.004999999999999449e-01 0.000000000000000000e+00
5.014999999999999458e-01 0.000000000000000000e+00
5.024999999999999467e-01 0.000000000000000000e+00
5.034999999999999476e-01 0.000000000000000000e+00
5.044999999999999485e-01 0.000000000000000000e+00
5.054999999999999494e-01 0.000000000000000000e+00
5.064999999999999503e-01 0.000000000000000000e+00
5.074999999999999512e-01 0.000000000000000000e+00
5.084999999999999520e-01 0.000000000000000000e+00
5.094999999999999529e-01 0.000000000000000000e+00
5.104999999999999538e-01 0.000000000000000000e+00
5.114999999999999547e-01 0.000000000000000000e+00
5.124999999999999556e-01 0.000000000000000000e+00
5.134999999999999565e-01 0.000000000000000000e+00
5.144999999999999574e-01 0.000000000000000000e+00
5.154999999999999583e-01 0.000000000000000000e+00
5.164999999999999591e-01 0.000000000000000000e+00
5.174999999999999600e-01 0.000000000000000000e+00
5.184999999999999609e-01 0.000000000000000000e+00
5.194999999999999618e-01 0.000000000000000000e+00
5.204999999999999627e-01 0.000000000000000000e+00
5.214999999999999636e-01 0.000000000000000000e+00
5.224999999999999645e-01 0.000000000000000000e+00
5.234999999999999654e-01 0.000000000000000000e+00
5.244999999999999662e-01 0.000000000000000000e+00
5.254999999999999671e-01 0.000000000000000000e+00
5.264999999999999680e-01 0.000000000000000000e+00
5.274999999999999689e-01 0.000000000000000000e+00
5.284999999999999698e-01 0.000000000000000000e+00
5.294999999999999707e-01 0.000000000000000000e+00
5.304999999999999716e-01 0.000000000000000000e+00
5.314999999999999725e-01 0.000000000000000000e+00
5.324999999999999734e-01 0.000000000000000000e+00
5.334999999999999742e-01 0.000000000000000000e+00
5.344999999999999751e-01 0.000000000000000000e+00
5.354999999999999760e-01 0.000000000000000000e+00
5.364999999999999769e-01 0.000000000000000000e+00
5.374999999999999778e-01 0.000000000000000000e+00
5.384999999999999787e-01 0.000000000000000000e+00
5.394999999999999796e-01 0.000000000000000000e+00
5.404999999999999805e-01 0.000000000000000000e+00
5.414999999999999813e-01 0.000000000000000000e+00
5.424999999999999822e-01 0.000000000000000000e+00
5.434999999999999831e-01 0.000000000000000000e+00
5.444999999999999840e-01 0.000000000000000000e+00
5.454999999999999849e-01 0.000000000000000000e+00
5.464999999999999858e-01 0.000000000000000000e+00
5.474999999999999867e-01 0.000000000000000000e+00
5.484999999999999876e-01 0.000000000000000000e+00
5.494999999999999885e-01 0.000000000000000000e+00
5.504999999999999893e-01 0.000000000000000000e+00
5.514999999999999902e-01 0.000000000000000000e+00
5.524999999999999911e-01 0.000000000000000000e+00
5.534999999999999920e-01 0.000000000000000000e+00
5.544999999999999929e-01 0.000000000000000000e+00
5.554999999999999938e-01 0.000000000000000000e+00
5.564999999999999947e-01 0.000000000000000000e+00
5.574999999999999956e-01 0.000000000000000000e+00
5.584999999999999964e-01 0.000000000000000000e+00
5.594999999999999973e-01 0.000000000000000000e+00
5.604999999999999982e-01 0.000000000000000000e+00
5.614999999999999991e-01 0.000000000000000000e+00
5.625000000000000000e-01 0.000000000000000000e+00
5.635000000000000009e-01 0.000000000000000000e+00
5.645000000000000018e-01 0.000000000000000000e+00
5.655000000000000027e-01 0.000000000000000000e+00
5.665000000000000036e-01 0.000000000000000000e+00
5.675000000000000044e-01 0.000000000000000000e+00
5.685000000000000053e-01 0.000000000000000000e+00
5.695000000000000062e-01 0.000000000000000000e+00
5.705000000000000071e-01 0.000000000000000000e+00
5.715000000000000080e-01 0.000000000000000000e+00
5.725000000000000089e-01 0.000000000000000000e+00
5.735000000000000098e-01 0.000000000000000000e+00
5.745000000000000107e-01 0.000000000000000000e+00
5.755000000000000115e-01 0.000000000000000000e+00
5.765000000000000124e-01 0.000000000000000000e+00
5.775000000000000133e-01 0.000000000000000000e+00
5.785000000000000142e-01 0.000000000000000000e+00
5.795000000000000151e-01 0.000000000000000000e+00
5.805000000000000160e-01 0.000000000000000000e+00
5.815000000000000169e-01 0.000000000000000000e+00
5.825000000000000178e-01 0.000000000000000000e+00
5.835000000000000187e-01 0.000000000000000000e+00
5.845000000000000195e-01 0.000000000000000000e+00
5.855000000000000204e-01 0.000000000000000000e+00
5.865000000000000213e-01 0.000000000000000000e+00
5.875000000000000222e-01 0.000000000000000000e+00
5.885000000000000231e-01 0.000000000000000000e+00
5.895000000000000240e-01 0.000000000000000000e+00
5.905000000000000249e-01 0.000000000000000000e+00
5.915000000000000258e-01 0.000000000000000000e+00
5.925000000000000266e-01 0.000000000000000000e+00
5.935000000000000275e-01 0.000000000000000000e+00
5.945000000000000284e-01 0.000000000000000000e+00
5.955000000000000293e-01 0.000000000000000000e+00
5.965000000000000302e-01 0.000000000000000000e+00
5.975000000000000311e-01 0.000000000000000000e+00
5.985000000000000320e-01 0.000000000000000000e+00
5.995000000000000329e-01 0.000000000000000000e+00
6.005000000000000338e-01 0.000000000000000000e+00
6.015000000000000346e-01 0.000000000000000000e+00
6.025000000000000355e-01 0.000000000000000000e+00
6.035000000000000364e-01 0.000000000000000000e+00
6.045000000000000373e-01 0.000000000000000000e+00
6.055000000000000382e-01 0.000000000000000000e+00
6.065000000000000391e-01 0.000000000000000000e+00
6.075000000000000400e-01 0.000000000000000000e+00
6.085000000000000409e-01 0.000000000000000000e+00
6.095000000000000417e-01 0.000000000000000000e+00
6.105000000000000426e-01 0.000000000000000000e+00
6.115000000000000435e-01 0.000000000000000000e+00
6.125000000000000444e-01 0.000000000000000000e+00
6.135000000000000453e-01 0.000000000000000000e+00
6.145000000000000462e-01 0.000000000000000000e+00
6.155000000000000471e-01 0.000000000000000000e+00
6.165000000000000480e-01 0.000000000000000000e+00
6.175000000000000488e-01 0.000000000000000000e+00
6.185000000000000497e-01 0.000000000000000000e+00
6.195000000000000506e-01 0.000000000000000000e+00
6.205000000000000515e-01 0.000000000000000000e+00
6.215000000000000524e-01 0.000000000000000000e+00
6.225000000000000533e-01 0.000000000000000000e+00
6.235000000000000542e-01 0.000000000000000000e+00
6.245000000000000551e-01 0.000000000000000000e+00
6.254999999999999449e-01 0.000000000000000000e+00
6.264999999999999458e-01 0.000000000000000000e+00
6.274999999999999467e-01 0.000000000000000000e+00
6.284999999999999476e-01 0.000000000000000000e+00
6.294999999999999485e-01 0.000000000000000000e+00
6.304999999999999494e-01 0.000000000000000000e+00
6.314999999999999503e-01 0.000000000000000000e+00
6.324999999999999512e-01 0.000000000000000000e+00
6.334999999999999520e-01 0.000000000000000000e+00
6.344999999999999529e-01 0.000000000000000000e+00
6.354999999999999538e-01 0.000000000000000000e+00
6.364999999999999547e-01 0.000000000000000000e+00
6.374999999999999556e-01 0.000000000000000000e+00
6.384999999999999565e-01 0.000000000000000000e+00
6.394999999999999574e-01 0.000000000000000000e+00
6.404999999999999583e-01 0.000000000000000000e+00
6.414999999999999591e-01 0.000000000000000000e+00
6.424999999999999600e-01 0.000000000000000000e+00
6.434999999999999609e-01 0.000000000000000000e+00
6.444999999999999618e-01 0.000000000000000000e+00
6.454999999999999627e-01 0.000000000000000000e+00
6.464999999999999636e-01 0.000000000000000000e+00
6.474999999999999645e-01 0.000000000000000000e+00
6.484999999999999654e-01 0.000000000000000000e+00
6.494999999999999662e-01 0.000000000000000000e+00
6.504999999999999671e-01 0.000000000000000000e+00
6.514999999999999680e-01 0.000000000000000000e+00
6.524999999999999689e-01 0.000000000000000000e+00
6.534999999999999698e-01 0.000000000000000000e+00
6.544999999999999707e-01 0.000000000000000000e+00
6.554999999999999716e-01 0.000000000000000000e+00
6.564999999999999725e-01 0.000000000000000000e+00
6.574999999999999734e-01 0.000000000000000000e+00
6.584999999999999742e-01 0.000000000000000000e+00
6.594999999999999751e-01 0.000000000000000000e+00
6.604999999999999760e-01 0.000000000000000000e+00
6.614999999999999769e-01 0.000000000000000000e+00
6.624999999999999778e-01 0.000000000000000000e+00
6.634999999999999787e-01 0.000000000000000000e+00
6.644999999999999796e-01 0.000000000000000000e+00
6.654999999999999805e-01 0.000000000000000000e+00
6.664999999999999813e-01 0.000000000000000000e+00
6.674999999999999822e-01 0.000000000000000000e+00
6.684999999999999831e-01 0.000000000000000000e+00
6.694999999999999840e-01 0.000000000000000000e+00
6.704999999999999849e-01 0.000000000000000000e+00
6.714999999999999858e-01 0.000000000000000000e+00
6.724999999999999867e-01 0.000000000000000000e+00
6.734999999999999876e-01 0.000000000000000000e+00
6.744999999999999885e-01 0.000000000000000000e+00
6.754999999999999893e-01 0.000000000000000000e+00
6.764999999999999902e-01 0.000000000000000000e+00
6.774999999999999911e-01 0.000000000000000000e+00
6.784999999999999920e-01 0.000000000000000000e+00
6.794999999999999929e-01 0.000000000000000000e+00
6.804999999999999938e-01 0.000000000000000000e+00
6.814999999999999947e-01 0.000000000000000000e+00
6.824999999999999956e-01 0.000000000000000000e+00
6.834999999999999964e-01 0.000000000000000000e+00
6.844999999999999973e-01 0.000000000000000000e+00
6.854999999999999982e-01 0.000000000000000000e+00
6.864999999999999991e-01 0.000000000000000000e+00
6.875000000000000000e-01 0.000000000000000000e+00
6.885000000000000009e-01 0.000000000000000000e+00
6.895000000000000018e-01 0.000000000000000000e+00
6.905000000000000027e-01 0.000000000000000000e+00
6.915000000000000036e-01 0.000000000000000000e+00
6.925000000000000044e-01 0.000000000000000000e+00
6.935000000000000053e-01 0.000000000000000000e+00
6.945000000000000062e-01 0.000000000000000000e+00
6.955000000000000071e-01 0.000000000000000000e+00
6.965000000000000080e-01 0.000000000000000000e+00
6.975000000000000089e-01 0.000000000000000000e+00
6.985000000000000098e-01 0.000000000000000000e+00
6.995000000000000107e-01 0.000000000000000000e+00
7.005000000000000115e-01 0.000000000000000000e+00
7.015000000000000124e-01 0.000000000000000000e+00
7.025000000000000133e-01 0.000000000000000000e+00
7.035000000000000142e-01 0.000000000000000000e+00
7.045000000000000151e-01 0.000000000000000000e+00
7.055000000000000160e-01 0.000000000000000000e+00
7.065000000000000169e-01 0.000000000000000000e+00
7.075000000000000178e-01 0.000000000000000000e+00
7.085000000000000187e-01 0.000000000000000000e+00
7.095000000000000195e-01 0.000000000000000000e+00
7.105000000000000204e-01 0.000000000000000000e+00
7.115000000000000213e-01 0.000000000000000000e+00
7.125000000000000222e-01 0.000000000000000000e+00
7.135000000000000231e-01 0.000000000000000000e+00
7.145000000000000240e-01 0.000000000000000000e+00
7.155000000000000249e-01 0.000000000000000000e+00
7.165000000000000258e-01 0.000000000000000000e+00
7.175000000000000266e-01 0.000000000000000000e+00
7.185000000000000275e-01 0.000000000000000000e+00
7.195000000000000284e-01 0.000000000000000000e+00
7.205000000000000293e-01 0.000000000000000000e+00
7.215000000000000302e-01 0.000000000000000000e+00
7.225000000000000311e-01 0.000000000000000000e+00
7.235000000000000320e-01 0.000000000000000000e+00
7.245000000000000329e-01 0.000000000000000000e+00
7.255000000000000338e-01 0.000000000000000000e+00
7.265000000000000346e-01 0.000000000000000000e+00
7.275000000000000355e-01 0.000000000000000000e+00
7.285000000000000364e-01 0.000000000000000000e+00
7.295000000000000373e-01 0.000000000000000000e+00
7.305000000000000382e-01 0.000000000000000000e+00
7.315000000000000391e-01 0.000000000000000000e+00
7.325000000000000400e-01 0.000000000000000000e+00
7.335000000000000409e-01 0.000000000000000000e+00
7.345000000000000417e-01 0.000000000000000000e+00
7.355000000000000426e-01 0.000000000000000000e+00
7.365000000000000435e-01 0.000000000000000000e+00
7.375000000000000444e-01 0.000000000000000000e+00
7.385000000000000453e-01 0.000000000000000000e+00
7.395000000000000462e-01 0.000000000000000000e+00
7.405000000000000471e-01 0.000000000000000000e+00
7.415000000000000480e-01 0.000000000000000000e+00
7.425000000000000488e-01 0.000000000000000000e+00
7.435000000000000497e-01 0.000000000000000000e+00
7.445000000000000506e-01 0.000000000000000000e+00
7.455000000000000515e-01 0.000000000000000000e+00
7.465000000000000524e-01 0.000000000000000000e+00
7.475000000000000533e-01 0.000000000000000000e+00
7.485000000000000542e-01 0.000000000000000000e+00
7.495000000000000551e-01 0.000000000000000000e+00
7.504999999999999449e-01 0.000000000000000000e+00
7.514999999999999458e-01 0.000000000000000000e+00
7.524999999999999467e-01 0.000000000000000000e+00
7.534999999999999476e-01 0.000000000000000000e+00
7.544999999999999485e-01 0.000000000000000000e+00
7.554999999999999494e-01 0.000000000000000000e+00
7.564999999999999503e-01 0.000000000000000000e+00
7.574999999999999512e-01 0.000000000000000000e+00
7.584999999999999520e-01 0.000000000000000000e+00
7.594999999999999529e-01 0.000000000000000000e+00
7.604999999999999538e-01 0.000000000000000000e+00
7.614999999999999547e-01 0.000000000000000000e+00
7.624999999999999556e-01 0.000000000000000000e+00
7.634999999999999565e-01 0.000000000000000000e+00
7.644999999999999574e-01 0.000000000000000000e+00
7.654999999999999583e-01 0.000000000000000000e+00
7.664999999999999591e-01 0.000000000000000000e+00
7.674999999999999600e-01 0.000000000000000000e+00
7.684999999999999609e-01 0.000000000000000000e+00
7.694999999999999618e-01 0.000000000000000000e+00
7.704999999999999627e-01 0.000000000000000000e+00
7.714999999999999636e-01 0.000000000000000000e+00
7.724999999999999645e-01 0.000000000000000000e+00
7.734999999999999654e-01 0.000000000000000000e+00
7.744999999999999662e-01 0.000000000000000000e+00
7.754999999999999671e-01 0.000000000000000000e+00
7.764999999999999680e-01 0.000000000000000000e+00
7.774999999999999689e-01 0.000000000000000000e+00
7.784999999999999698e-01 0.000000000000000000e+00
7.794999999999999707e-01 0.000000000000000000e+00
7.804999999999999716e-01 0.000000000000000000e+00
7.814999999999999725e-01 0.000000000000000000e+00
7.824999999999999734e-01 0.000000000000000000e+00
7.834999999999999742e-01 0.000000000000000000e+00
7.844999999999999751e-01 0.000000000000000000e+00
7.854999999999999760e-01 0.000000000000000000e+00
7.864999999999999769e-01 0.000000000000000000e+00
7.874999999999999778e-01 0.000000000000000000e+00
7.884999999999999787e-01 0.000000000000000000e+00
7.894999999999999796e-01 0.000000000000000000e+00
7.904999999999999805e-01 0.000000000000000000e+00
7.914999999999999813e-01 0.000000000000000000e+00
7.924999999999999822e-01 0.000000000000000000e+00
7.934999999999999831e-01 0.000000000000000000e+00
7.944999999999999840e-01 0.000000000000000000e+00
7.954999999999999849e-01 0.000000000000000000e+00
7.964999999999999858e-01 0.000000000000000000e+00
7.974999999999999867e-01 0.000000000000000000e+00
7.984999999999999876e-01 0.000000000000000000e+00
7.994999999999999885e-01 0.000000000000000000e+00
8.004999999999999893e-01 0.000000000000000000e+00
8.014999999999999902e-01 0.000000000000000000e+00
8.024999999999999911e-01 0.000000000000000000e+00
8.034999999999999920e-01 0.000000000000000000e+00
8.044999999999999929e-01 0.000000000000000000e+00
8.054999999999999938e-01 0.000000000000000000e+00
8.064999999999999947e-01 0.000000000000000000e+00
8.074999999999999956e-01 0.000000000000000000e+00
8.084999999999999964e-01 0.000000000000000000e+00
8.094999999999999973e-01 0.000000000000000000e+00
8.104999999999999982e-01 0.000000000000000000e+00
8.114999999999999991e-01 0.000000000000000000e+00
8.125000000000000000e-01 0.000000000000000000e+00
8.135000000000000009e-01 0.000000000000000000e+00
8.145000000000000018e-01 0.000000000000000000e+00
8.155000000000000027e-01 0.000000000000000000e+00
8.165000000000000036e-01 0.000000000000000000e+00
8.175000000000000044e-01 0.000000000000000000e+00
8.185000000000000053e-01 0.000000000000000000e+00
8.195000000000000062e-01 0.000000000000000000e+00
8.205000000000000071e-01 0.000000000000000000e+00
8.215000000000000080e-01 0.000000000000000000e+00
8.225000000000000089e-01 0.000000000000000000e+00
8.235000000000000098e-01 0.000000000000000000e+00
8.245000000000000107e-01 0.000000000000000000e+00
8.255000000000000115e-01 0.000000000000000000e+00
8.265000000000000124e-01 0.000000000000000000e+00
8.275000000000000133e-01 0.000000000000000000e+00
8.285000000000000142e-01 0.000000000000000000e+00
8.295000000000000151e-01 0.000000000000000000e+00
8.305000000000000160e-01 0.000000000000000000e+00
8.315000000000000169e-01 0.000000000000000000e+00
8.325000000000000178e-01 0.000000000000000000e+00
8.335000000000000187e-01 0.000000000000000000e+00
8.345000000000000195e-01 0.000000000000000000e+00
8.355000000000000204e-01 0.000000000000000000e+00
8.365000000000000213e-01 0.000000000000000000e+00
8.375000000000000222e-01 0.000000000000000000e+00
8.385000000000000231e-01 0.000000000000000000e+00
8.395000000000000240e-01 0.000000000000000000e+00
8.405000000000000249e-01 0.000000000000000000e+00
8.415000000000000258e-01 0.000000000000000000e+00
8.425000000000000266e-01 0.000000000000000000e+00
8.435000000000000275e-01 0.000000000000000000e+00
8.445000000000000284e-01 0.000000000000000000e+00
8.455000000000000293e-01 0.000000000000000000e+00
8.465000000000000302e-01 0.000000000000000000e+00
8.475000000000000311e-01 0.000000000000000000e+00
8.485000000000000320e-01 0.000000000000000000e+00
8.495000000000000329e-01 0.000000000000000000e+00
8.505000000000000338e-01 0.000000000000000000e+00
8.515000000000000346e-01 0.000000000000000000e+00
8.525000000000000355e-01 0.000000000000000000e+00
8.535000000000000364e-01 0.000000000000000000e+00
8.545000000000000373e-01 0.000000000000000000e+00
8.555000000000000382e-01 0.000000000000000000e+00
8.565000000000000391e-01 0.000000000000000000e+00
8.575000000000000400e-01 0.000000000000000000e+00
8.585000000000000409e-01 0.000000000000000000e+00
8.595000000000000417e-01 0.000000000000000000e+00
8.605000000000000426e-01 0.000000000000000000e+00
8.615000000000000435e-01 0.000000000000000000e+00
8.625000000000000444e-01 0.000000000000000000e+00
8.635000000000000453e-01 0.000000000000000000e+00
8.645000000000000462e-01 0.000000000000000000e+00
8.655000000000000471e-01 0.000000000000000000e+00
8.665000000000000480e-01 0.000000000000000000e+00
8.675000000000000488e-01 0.000000000000000000e+00
8.685000000000000497e-01 0.000000000000000000e+00
8.695000000000000506e-01 0.000000000000000000e+00
8.705000000000000515e-01 0.000000000000000000e+00
8.715000000000000524e-01 0.000000000000000000e+00
8.725000000000000533e-01 0.000000000000000000e+00
8.735000000000000542e-01 0.000000000000000000e+00
8.745000000000000551e-01 0.000000000000000000e+00
8.754999999999999449e-01 0.000000000000000000e+00
8.764999999999999458e-01 0.000000000000000000e+00
8.774999999999999467e-01 0.000000000000000000e+00
8.784999999999999476e-01 0.000000000000000000e+00
8.794999999999999485e-01 0.000000000000000000e+00
8.804999999999999494e-01 0.000000000000000000e+00
8.814999999999999503e-01 0.000000000000000000e+00
8.824999999999999512e-01 0.000000000000000000e+00
8.834999999999999520e-01 0.000000000000000000e+00
8.844999999999999529e-01 0.000000000000000000e+00
8.854999999999999538e-01 0.000000000000000000e+00
8.864999999999999547e-01 0.000000000000000000e+00
8.874999999999999556e-01 0.000000000000000000e+00
8.884999999999999565e-01 0.000000000000000000e+00
8.894999999999999574e-01 0.000000000000000000e+00
8.904999999999999583e-01 0.000000000000000000e+00
8.914999999999999591e-01 0.000000000000000000e+00
8.924999999999999600e-01 0.000000000000000000e+00
8.934999999999999609e-01 0.000000000000000000e+00
8.944999999999999618e-01 0.000000000000000000e+00
8.954999999999999627e-01 0.000000000000000000e+00
8.964999999999999636e-01 0.000000000000000000e+00
8.974999999999999645e-01 0.000000000000000000e+00
8.984999999999999654e-01 0.000000000000000000e+00
8.994999999999999662e-01 0.000000000000000000e+00
9.004999999999999671e-01 0.000000000000000000e+00
9.014999999999999680e-01 0.000000000000000000e+00
9.024999999999999689e-01 0.000000000000000000e+00
9.034999999999999698e-01 0.000000000000000000e+00
9.044999999999999707e-01 0.000000000000000000e+00
9.054999999999999716e-01 0.000000000000000000e+00
9.064999999999999725e-01 0.000000000000000000e+00
9.074999999999999734e-01 0.000000000000000000e+00
9.084999999999999742e-01 0.000000000000000000e+00
9.094999999999999751e-01 0.000000000000000000e+00
9.104999999999999760e-01 0.000000000000000000e+00
9.114999999999999769e-01 0.000000000000000000e+00
9.124999999999999778e-01 0.000000000000000000e+00
9.134999999999999787e-01 0.000000000000000000e+00
9.144999999999999796e-01 0.000000000000000000e+00
9.154999999999999805e-01 0.000000000000000000e+00
9.164999999999999813e-01 0.000000000000000000e+00
9.174999999999999822e-01 0.000000000000000000e+00
9.184999999999999831e-01 0.000000000000000000e+00
9.194999999999999840e-01 0.000000000000000000e+00
9.204999999999999849e-01 0.000000000000000000e+00
9.214999999999999858e-01 0.000000000000000000e+00
9.224999999999999867e-01 0.000000000000000000e+00
9.234999999999999876e-01 0.000000000000000000e+00
9.244999999999999885e-01 0.000000000000000000e+00
9.254999999999999893e-01 0.000000000000000000e+00
9.264999999999999902e-01 0.000000000000000000e+00
9.274999999999999911e-01 0.000000000000000000e+00
9.284999999999999920e-01 0.000000000000000000e+00
9.294999999999999929e-01 0.000000000000000000e+00
9.304999999999999938e-01 0.000000000000000000e+00
9.314999999999999947e-01 0.000000000000000000e+00
9.324999999999999956e-01 0.000000000000000000e+00
9.334999999999999964e-01 0.000000000000000000e+00
9.344999999999999973e-01 0.000000000000000000e+00
9.354999999999999982e-01 0.000000000000000000e+00
9.364999999999999991e-01 0.000000000000000000e+00
9.375000000000000000e-01 0.000000000000000000e+00
9.385000000000000009e-01 0.000000000000000000e+00
9.395000000000000018e-01 0.000000000000000000e+00
9.405000000000000027e-01 0.000000000000000000e+00
9.415000000000000036e-01 0.000000000000000000e+00
9.425000000000000044e-01 0.000000000000000000e+00
9.435000000000000053e-01 0.000000000000000000e+00
9.445000000000000062e-01 0.000000000000000000e+00
9.455000000000000071e-01 0.000000000000000000e+00
9.465000000000000080e-01 0.000000000000000000e+00
9.475000000000000089e-01 0.000000000000000000e+00
9.485000000000000098e-01 0.000000000000000000e+00
9.495000000000000107e-01 0.000000000000000000e+00
9.505000000000000115e-01 0.000000000000000000e+00
9.515000000000000124e-01 0.000000000000000000e+00
9.525000000000000133e-01 0.000000000000000000e+00
9.535000000000000142e-01 0.000000000000000000e+00
9.545000000000000151e-01 0.000000000000000000e+00
9.555000000000000160e-01 0.000000000000000000e+00
9.565000000000000169e-01 0.000000000000000000e+00
9.575000000000000178e-01 0.000000000000000000e+00
9.585000000000000187e-01 0.000000000000000000e+00
9.595000000000000195e-01 0.000000000000000000e+00
9.605000000000000204e-01 0.000000000000000000e+00
9.615000000000000213e-01 0.000000000000000000e+00
9.625000000000000222e-01 0.000000000000000000e+00
9.635000000000000231e-01 0.000000000000000000e+00
9.645000000000000240e-01 0.000000000000000000e+00
9.655000000000000249e-01 0.000000000000000000e+00
9.665000000000000258e-01 0.000000000000000000e+00
9.675000000000000266e-01 0.000000000000000000e+00
9.685000000000000275e-01 0.000000000000000000e+00
9.695000000000000284e-01 0.000000000000000000e+00
9.705000000000000293e-01 0.000000000000000000e+00
9.715000000000000302e-01 0.000000000000000000e+00
9.725000000000000311e-01 0.000000000000000000e+00
9.735000000000000320e-01 0.000000000000000000e+00
9.745000000000000329e-01 0.000000000000000000e+00
9.755000000000000338e-01 0.000000000000000000e+00
9.765000000000000346e-01 0.000000000000000000e+00
9.775000000000000355e-01 0.000000000000000000e+00
9.785000000000000364e-01 0.000000000000000000e+00
9.795000000000000373e-01 0.000000000000000000e+00
9.805000000000000382e-01 0.000000000000000000e+00
9.815000000000000391e-01 0.000000000000000000e+00
9.825000000000000400e-01 0.000000000000000000e+00
9.835000000000000409e-01 0.000000000000000000e+00
9.845000000000000417e-01 0.000000000000000000e+00
9.855000000000000426e-01 0.000000000000000000e+00
9.865000000000000435e-01 0.000000000000000000e+00
9.875000000000000444e-01 0.000000000000000000e+00
9.885000000000000453e-01 0.000000000000000000e+00
9.895000000000000462e-01 0.000000000000000000e+00
9.905000000000000471e-01 0.000000000000000000e+00
9.915000000000000480e-01 0.000000000000000000e+00
9.925000000000000488e-01 0.000000000000000000e+00
9.935000000000000497e-01 0.000000000000000000e+00
9.945000000000000506e-01 0.000000000000000000e+00
9.955000000000000515e-01 0.000000000000000000e+00
9.965000000000000524e-01 0.000000000000000000e+00
9.975000000000000533e-01 0.000000000000000000e+00
9.985000000000000542e-01 0.000000000000000000e+00
9.995000000000000551e-01 0.000000000000000000e+00
