5.000000000000000104e-04 4.999999999999999774e-07
1.500000000000000031e-03 4.999999999999999774e-07
2.500000000000000052e-03 5.999999999999999728e-07
3.500000000000000073e-03 6.999999999999999683e-07
4.499999999999999660e-03 8.999999999999999593e-07
5.499999999999999681e-03 9.999999999999999547e-07
6.499999999999999702e-03 1.199999999999999946e-06
7.499999999999999722e-03 1.399999999999999937e-06
8.500000000000000611e-03 1.599999999999999928e-06
9.499999999999999764e-03 1.799999999999999919e-06
1.050000000000000065e-02 2.099999999999999799e-06
1.149999999999999981e-02 2.500000000000000205e-06
1.250000000000000069e-02 2.799999999999999873e-06
1.349999999999999985e-02 3.300000000000000168e-06
1.450000000000000074e-02 3.800000000000000040e-06
1.549999999999999989e-02 4.400000000000000224e-06
1.650000000000000078e-02 5.100000000000000299e-06
1.750000000000000167e-02 5.800000000000000373e-06
1.849999999999999908e-02 6.700000000000000226e-06
1.949999999999999997e-02 7.700000000000000816e-06
2.050000000000000086e-02 8.899999999999999491e-06
2.149999999999999828e-02 1.020000000000000060e-05
2.249999999999999917e-02 1.180000000000000052e-05
2.350000000000000006e-02 1.349999999999999949e-05
2.450000000000000094e-02 1.550000000000000068e-05
2.549999999999999836e-02 1.779999999999999898e-05
2.649999999999999925e-02 2.040000000000000119e-05
2.750000000000000014e-02 2.330000000000000053e-05
2.850000000000000103e-02 2.669999999999999847e-05
2.949999999999999845e-02 3.049999999999999936e-05
3.049999999999999933e-02 3.479999999999999885e-05
3.150000000000000022e-02 3.979999999999999841e-05
3.250000000000000111e-02 4.539999999999999900e-05
3.350000000000000200e-02 5.170000000000000306e-05
3.450000000000000289e-02 5.890000000000000189e-05
3.549999999999999684e-02 6.700000000000000226e-05
3.649999999999999772e-02 7.629999999999999792e-05
3.749999999999999861e-02 8.670000000000000677e-05
3.849999999999999950e-02 9.840000000000000656e-05
3.950000000000000039e-02 1.117000000000000046e-04
4.050000000000000128e-02 1.266999999999999897e-04
4.150000000000000216e-02 1.435999999999999939e-04
4.250000000000000305e-02 1.625999999999999950e-04
4.349999999999999700e-02 1.840000000000000001e-04
4.449999999999999789e-02 2.080999999999999896e-04
4.549999999999999878e-02 2.351999999999999978e-04
4.649999999999999967e-02 2.655000000000000025e-04
4.750000000000000056e-02 2.996000000000000182e-04
4.850000000000000144e-02 3.378999999999999734e-04
4.950000000000000233e-02 3.806999999999999837e-04
5.050000000000000322e-02 4.286000000000000096e-04
5.149999999999999717e-02 4.823000000000000139e-04
5.249999999999999806e-02 5.421999999999999520e-04
5.349999999999999895e-02 6.091999999999999542e-04
5.449999999999999983e-02 6.838999999999999810e-04
5.550000000000000072e-02 7.672000000000000000e-04
5.650000000000000161e-02 8.601000000000000355e-04
5.750000000000000250e-02 9.636000000000000034e-04
5.850000000000000339e-02 1.078699999999999928e-03
5.949999999999999734e-02 1.206599999999999947e-03
6.049999999999999822e-02 1.348800000000000042e-03
6.149999999999999911e-02 1.506699999999999923e-03
6.250000000000000000e-02 1.681800000000000005e-03
6.350000000000000089e-02 1.876000000000000063e-03
6.450000000000000178e-02 2.090999999999999977e-03
6.550000000000000266e-02 2.328999999999999907e-03
6.650000000000000355e-02 2.592300000000000073e-03
6.750000000000000444e-02 2.883199999999999825e-03
6.850000000000000533e-02 3.204499999999999883e-03
6.950000000000000622e-02 3.559099999999999937e-03
7.049999999999999323e-02 3.950099999999999792e-03
7.149999999999999412e-02 4.380799999999999798e-03
7.249999999999999500e-02 4.855100000000000214e-03
7.349999999999999589e-02 5.376800000000000156e-03
7.449999999999999678e-02 5.950399999999999787e-03
7.549999999999999767e-02 6.580500000000000412e-03
7.649999999999999856e-02 7.271999999999999818e-03
7.749999999999999944e-02 8.030499999999999444e-03
7.850000000000000033e-02 8.861900000000000679e-03
7.950000000000000122e-02 9.772299999999999390e-03
8.050000000000000211e-02 1.076850000000000029e-02
8.150000000000000300e-02 1.185789999999999934e-02
8.250000000000000389e-02 1.304819999999999938e-02
8.350000000000000477e-02 1.434780000000000083e-02
8.450000000000000566e-02 1.576560000000000114e-02
8.550000000000000655e-02 1.731119999999999881e-02
8.649999999999999356e-02 1.899479999999999918e-02
8.749999999999999445e-02 2.082749999999999879e-02
8.849999999999999534e-02 2.282069999999999932e-02
8.949999999999999623e-02 2.498699999999999879e-02
9.049999999999999711e-02 2.733949999999999922e-02
9.149999999999999800e-02 2.989239999999999953e-02
9.249999999999999889e-02 3.266059999999999797e-02
9.349999999999999978e-02 3.565990000000000132e-02
9.450000000000000067e-02 3.890720000000000289e-02
9.550000000000000155e-02 4.242019999999999819e-02
9.650000000000000244e-02 4.621780000000000332e-02
9.750000000000000333e-02 5.031990000000000074e-02
9.850000000000000422e-02 5.474749999999999756e-02
9.950000000000000511e-02 5.952289999999999665e-02
1.005000000000000060e-01 6.466919999999999613e-02
1.015000000000000069e-01 7.021109999999999851e-02
1.024999999999999939e-01 7.617450000000000609e-02
1.034999999999999948e-01 8.258640000000000425e-02
1.044999999999999957e-01 8.947520000000000473e-02
1.054999999999999966e-01 9.687070000000000403e-02
1.064999999999999974e-01 1.048040999999999973e-01
1.074999999999999983e-01 1.133080000000000059e-01
1.084999999999999992e-01 1.224162000000000028e-01
1.095000000000000001e-01 1.321643000000000123e-01
1.105000000000000010e-01 1.425889999999999935e-01
1.115000000000000019e-01 1.537287999999999988e-01
1.125000000000000028e-01 1.656234000000000040e-01
1.135000000000000037e-01 1.783141000000000032e-01
1.145000000000000046e-01 1.918438000000000088e-01
1.155000000000000054e-01 2.062566000000000122e-01
1.165000000000000063e-01 2.215981999999999952e-01
1.174999999999999933e-01 2.379158000000000106e-01
1.184999999999999942e-01 2.552577999999999792e-01
1.194999999999999951e-01 2.736743999999999843e-01
1.204999999999999960e-01 2.932165999999999939e-01
1.214999999999999969e-01 3.139371000000000245e-01
1.224999999999999978e-01 3.358896000000000104e-01
1.234999999999999987e-01 3.591291999999999818e-01
1.244999999999999996e-01 3.837119999999999975e-01
1.255000000000000004e-01 4.096950999999999787e-01
1.265000000000000013e-01 4.371364999999999834e-01
1.275000000000000022e-01 4.660952999999999902e-01
1.285000000000000031e-01 4.966309999999999891e-01
1.295000000000000040e-01 5.288041999999999465e-01
1.305000000000000049e-01 5.626754999999999951e-01
1.315000000000000058e-01 5.983062000000000102e-01
1.325000000000000067e-01 6.357578000000000396e-01
1.335000000000000075e-01 6.750918000000000196e-01
1.345000000000000084e-01 7.163696999999999981e-01
1.355000000000000093e-01 7.596528999999999643e-01
1.365000000000000102e-01 8.050021000000000537e-01
1.375000000000000111e-01 8.524774999999999991e-01
1.385000000000000120e-01 9.021386999999999601e-01
1.395000000000000129e-01 9.540440000000000031e-01
1.405000000000000138e-01 1.008250700000000055e+00
1.414999999999999869e-01 1.064814600000000056e+00
1.424999999999999878e-01 1.123789799999999950e+00
1.434999999999999887e-01 1.185228699999999913e+00
1.444999999999999896e-01 1.249181199999999992e+00
1.454999999999999905e-01 1.315695199999999954e+00
1.464999999999999913e-01 1.384815799999999930e+00
1.474999999999999922e-01 1.456585299999999972e+00
1.484999999999999931e-01 1.531042800000000037e+00
1.494999999999999940e-01 1.608223900000000040e+00
1.504999999999999949e-01 1.688161000000000023e+00
1.514999999999999958e-01 1.770882000000000067e+00
1.524999999999999967e-01 1.856411100000000092e+00
1.534999999999999976e-01 1.944767799999999935e+00
1.544999999999999984e-01 2.035967199999999977e+00
1.554999999999999993e-01 2.130019100000000165e+00
1.565000000000000002e-01 2.226928500000000088e+00
1.575000000000000011e-01 2.326694799999999841e+00
1.585000000000000020e-01 2.429311699999999963e+00
1.595000000000000029e-01 2.534767299999999945e+00
1.605000000000000038e-01 2.643043399999999821e+00
1.615000000000000047e-01 2.754115599999999997e+00
1.625000000000000056e-01 2.867953099999999811e+00
1.635000000000000064e-01 2.984518299999999957e+00
1.645000000000000073e-01 3.103766900000000106e+00
1.655000000000000082e-01 3.225647700000000118e+00
1.665000000000000091e-01 3.350102500000000205e+00
1.675000000000000100e-01 3.477065699999999815e+00
1.685000000000000109e-01 3.606464599999999798e+00
1.695000000000000118e-01 3.738219200000000075e+00
1.705000000000000127e-01 3.872241999999999962e+00
1.715000000000000135e-01 4.008437999999999946e+00
1.724999999999999867e-01 4.146705200000000424e+00
1.734999999999999876e-01 4.286933699999999625e+00
1.744999999999999885e-01 4.429006700000000407e+00
1.754999999999999893e-01 4.572799800000000303e+00
1.764999999999999902e-01 4.718181600000000309e+00
1.774999999999999911e-01 4.865013700000000441e+00
1.784999999999999920e-01 5.013150500000000065e+00
1.794999999999999929e-01 5.162440000000000140e+00
1.804999999999999938e-01 5.312723400000000318e+00
1.814999999999999947e-01 5.463835900000000301e+00
1.824999999999999956e-01 5.615606299999999607e+00
1.834999999999999964e-01 5.767857900000000093e+00
1.844999999999999973e-01 5.920408400000000348e+00
1.854999999999999982e-01 6.073070300000000366e+00
1.864999999999999991e-01 6.225651499999999672e+00
1.875000000000000000e-01 6.377955299999999994e+00
1.885000000000000009e-01 6.529780999999999835e+00
1.895000000000000018e-01 6.680924499999999711e+00
1.905000000000000027e-01 6.831178099999999809e+00
1.915000000000000036e-01 6.980331999999999759e+00
1.925000000000000044e-01 7.128173600000000221e+00
1.935000000000000053e-01 7.274488899999999703e+00
1.945000000000000062e-01 7.419062499999999893e+00
1.955000000000000071e-01 7.561678500000000192e+00
1.965000000000000080e-01 7.702120700000000042e+00
1.975000000000000089e-01 7.840173100000000339e+00
1.985000000000000098e-01 7.975620799999999733e+00
1.995000000000000107e-01 8.108250299999999910e+00
2.005000000000000115e-01 8.237850200000000456e+00
2.015000000000000124e-01 8.364211499999999688e+00
2.025000000000000133e-01 8.487128500000000741e+00
2.034999999999999865e-01 8.606398999999999688e+00
2.044999999999999873e-01 8.721825199999999612e+00
2.054999999999999882e-01 8.833214099999999291e+00
2.064999999999999891e-01 8.940377899999999656e+00
2.074999999999999900e-01 9.043134600000000134e+00
2.084999999999999909e-01 9.141308600000000339e+00
2.094999999999999918e-01 9.234731399999999368e+00
2.104999999999999927e-01 9.323241299999999399e+00
2.114999999999999936e-01 9.406684900000000127e+00
2.124999999999999944e-01 9.484916699999999423e+00
2.134999999999999953e-01 9.557799899999999127e+00
2.144999999999999962e-01 9.625206999999999624e+00
2.154999999999999971e-01 9.687019400000000502e+00
2.164999999999999980e-01 9.743128799999999146e+00
2.174999999999999989e-01 9.793436599999999714e+00
2.184999999999999998e-01 9.837854600000000005e+00
2.195000000000000007e-01 9.876305300000000287e+00
2.205000000000000016e-01 9.908721899999999749e+00
2.215000000000000024e-01 9.935048699999999400e+00
2.225000000000000033e-01 9.955241199999999679e+00
2.235000000000000042e-01 9.969265999999999295e+00
2.245000000000000051e-01 9.977101199999999892e+00
2.255000000000000060e-01 9.978736400000000728e+00
2.265000000000000069e-01 9.974172400000000493e+00
2.275000000000000078e-01 9.963421699999999603e+00
2.285000000000000087e-01 9.946507999999999683e+00
2.295000000000000095e-01 9.923466299999999407e+00
2.305000000000000104e-01 9.894342899999999830e+00
2.315000000000000113e-01 9.859194799999999148e+00
2.325000000000000122e-01 9.818090200000000323e+00
2.335000000000000131e-01 9.771107799999999344e+00
2.344999999999999862e-01 9.718336499999999489e+00
2.354999999999999871e-01 9.659875400000000667e+00
2.364999999999999880e-01 9.595833499999999461e+00
2.374999999999999889e-01 9.526328899999999322e+00
2.384999999999999898e-01 9.451489300000000426e+00
2.394999999999999907e-01 9.371450599999999298e+00
2.404999999999999916e-01 9.286357300000000592e+00
2.414999999999999925e-01 9.196361599999999470e+00
2.424999999999999933e-01 9.101623200000000580e+00
2.434999999999999942e-01 9.002308899999999170e+00
2.444999999999999951e-01 8.898591599999999602e+00
2.454999999999999960e-01 8.790650599999999315e+00
2.464999999999999969e-01 8.678670399999999674e+00
2.474999999999999978e-01 8.562840500000000077e+00
2.484999999999999987e-01 8.443355000000000388e+00
2.494999999999999996e-01 8.320411599999999908e+00
2.505000000000000004e-01 8.194211799999999712e+00
2.515000000000000013e-01 8.064959500000000503e+00
2.525000000000000022e-01 7.932861199999999613e+00
2.535000000000000031e-01 7.798125100000000032e+00
2.545000000000000040e-01 7.660960499999999840e+00
2.555000000000000049e-01 7.521577599999999642e+00
2.565000000000000058e-01 7.380186700000000322e+00
2.575000000000000067e-01 7.236997800000000147e+00
2.585000000000000075e-01 7.092220099999999583e+00
2.595000000000000084e-01 6.946061600000000169e+00
2.605000000000000093e-01 6.798728299999999614e+00
2.615000000000000102e-01 6.650424199999999786e+00
2.625000000000000111e-01 6.501350399999999752e+00
2.635000000000000120e-01 6.351705299999999887e+00
2.645000000000000129e-01 6.201683400000000290e+00
2.655000000000000138e-01 6.051475499999999563e+00
2.665000000000000147e-01 5.901268100000000238e+00
2.675000000000000155e-01 5.751243299999999614e+00
2.685000000000000164e-01 5.601578100000000227e+00
2.695000000000000173e-01 5.452444200000000407e+00
2.705000000000000182e-01 5.304008200000000173e+00
2.715000000000000191e-01 5.156430499999999917e+00
2.725000000000000200e-01 5.009865900000000316e+00
2.735000000000000209e-01 4.864462900000000367e+00
2.745000000000000218e-01 4.720363599999999771e+00
2.755000000000000226e-01 4.577703800000000101e+00
2.765000000000000235e-01 4.436612300000000175e+00
2.775000000000000244e-01 4.297211500000000406e+00
2.785000000000000253e-01 4.159616899999999617e+00
2.795000000000000262e-01 4.023936899999999817e+00
2.805000000000000271e-01 3.890273300000000045e+00
2.814999999999999725e-01 3.758720600000000189e+00
2.824999999999999734e-01 3.629366699999999835e+00
2.834999999999999742e-01 3.502292199999999855e+00
2.844999999999999751e-01 3.377571200000000218e+00
2.854999999999999760e-01 3.255270700000000073e+00
2.864999999999999769e-01 3.135451000000000210e+00
2.874999999999999778e-01 3.018165900000000068e+00
2.884999999999999787e-01 2.903462499999999835e+00
2.894999999999999796e-01 2.791381599999999796e+00
2.904999999999999805e-01 2.681957800000000169e+00
2.914999999999999813e-01 2.575219300000000100e+00
2.924999999999999822e-01 2.471188600000000068e+00
2.934999999999999831e-01 2.369882599999999950e+00
2.944999999999999840e-01 2.271312200000000114e+00
2.954999999999999849e-01 2.175483299999999787e+00
2.964999999999999858e-01 2.082396399999999925e+00
2.974999999999999867e-01 1.992047200000000018e+00
2.984999999999999876e-01 1.904426699999999917e+00
2.994999999999999885e-01 1.819520999999999944e+00
3.004999999999999893e-01 1.737312500000000037e+00
3.014999999999999902e-01 1.657779200000000008e+00
3.024999999999999911e-01 1.580895200000000056e+00
3.034999999999999920e-01 1.506631199999999948e+00
3.044999999999999929e-01 1.434954499999999911e+00
3.054999999999999938e-01 1.365829399999999971e+00
3.064999999999999947e-01 1.299216900000000008e+00
3.074999999999999956e-01 1.235075799999999946e+00
3.084999999999999964e-01 1.173362299999999969e+00
3.094999999999999973e-01 1.114030199999999970e+00
3.104999999999999982e-01 1.057031599999999960e+00
3.114999999999999991e-01 1.002316599999999891e+00
3.125000000000000000e-01 9.498337999999999504e-01
3.135000000000000009e-01 8.995305000000000106e-01
3.145000000000000018e-01 8.513528000000000207e-01
3.155000000000000027e-01 8.052456000000000058e-01
3.165000000000000036e-01 7.611533000000000326e-01
3.175000000000000044e-01 7.190195000000000336e-01
3.185000000000000053e-01 6.787874000000000407e-01
3.195000000000000062e-01 6.403999000000000219e-01
3.205000000000000071e-01 6.037997000000000503e-01
3.215000000000000080e-01 5.689294999999999769e-01
3.225000000000000089e-01 5.357323000000000501e-01
3.235000000000000098e-01 5.041510999999999632e-01
3.245000000000000107e-01 4.741294999999999815e-01
3.255000000000000115e-01 4.456114999999999937e-01
3.265000000000000124e-01 4.185417000000000165e-01
3.275000000000000133e-01 3.928654999999999786e-01
3.285000000000000142e-01 3.685288999999999926e-01
3.295000000000000151e-01 3.454788999999999777e-01
3.305000000000000160e-01 3.236633999999999900e-01
3.315000000000000169e-01 3.030314000000000063e-01
3.325000000000000178e-01 2.835328999999999766e-01
3.335000000000000187e-01 2.651189999999999936e-01
3.345000000000000195e-01 2.477418999999999871e-01
3.355000000000000204e-01 2.313552000000000108e-01
3.365000000000000213e-01 2.159136000000000111e-01
3.375000000000000222e-01 2.013732000000000022e-01
3.385000000000000231e-01 1.876910999999999996e-01
3.395000000000000240e-01 1.748260000000000092e-01
3.405000000000000249e-01 1.627377999999999880e-01
3.415000000000000258e-01 1.513878999999999919e-01
3.425000000000000266e-01 1.407385999999999915e-01
3.435000000000000275e-01 1.307540000000000091e-01
3.444999999999999729e-01 1.213993000000000017e-01
3.454999999999999738e-01 1.126410999999999940e-01
3.464999999999999747e-01 1.044469999999999982e-01
3.474999999999999756e-01 9.678639999999999466e-02
3.484999999999999765e-01 8.962950000000000084e-02
3.494999999999999774e-01 8.294809999999999683e-02
3.504999999999999782e-01 7.671490000000000253e-02
3.514999999999999791e-01 7.090409999999999768e-02
3.524999999999999800e-01 6.549080000000000179e-02
3.534999999999999809e-01 6.045160000000000117e-02
3.544999999999999818e-01 5.576380000000000225e-02
3.554999999999999827e-01 5.140600000000000031e-02
3.564999999999999836e-01 4.735799999999999732e-02
3.574999999999999845e-01 4.360030000000000155e-02
3.584999999999999853e-01 4.011449999999999738e-02
3.594999999999999862e-01 3.688339999999999674e-02
3.604999999999999871e-01 3.389040000000000108e-02
3.614999999999999880e-01 3.111999999999999836e-02
3.624999999999999889e-01 2.855730000000000074e-02
3.634999999999999898e-01 2.618859999999999938e-02
3.644999999999999907e-01 2.400060000000000041e-02
3.654999999999999916e-01 2.198100000000000054e-02
3.664999999999999925e-01 2.011809999999999987e-02
3.674999999999999933e-01 1.840110000000000010e-02
3.684999999999999942e-01 1.681960000000000052e-02
3.694999999999999951e-01 1.536389999999999978e-02
3.704999999999999960e-01 1.402499999999999927e-02
3.714999999999999969e-01 1.279429999999999977e-02
3.724999999999999978e-01 1.166400000000000076e-02
3.734999999999999987e-01 1.062650000000000053e-02
3.744999999999999996e-01 9.674999999999999573e-03
3.755000000000000004e-01 8.802799999999999514e-03
3.765000000000000013e-01 8.004000000000000697e-03
3.775000000000000022e-01 7.272899999999999678e-03
3.785000000000000031e-01 6.604200000000000174e-03
3.795000000000000040e-01 5.993100000000000337e-03
3.805000000000000049e-01 5.434900000000000321e-03
3.815000000000000058e-01 4.925399999999999917e-03
3.825000000000000067e-01 4.460699999999999735e-03
3.835000000000000075e-01 4.037200000000000337e-03
3.845000000000000084e-01 3.651499999999999798e-03
3.855000000000000093e-01 3.300500000000000048e-03
3.865000000000000102e-01 2.981199999999999822e-03
3.875000000000000111e-01 2.691100000000000089e-03
3.885000000000000120e-01 2.427499999999999970e-03
3.895000000000000129e-01 2.188400000000000067e-03
3.905000000000000138e-01 1.971399999999999889e-03
3.915000000000000147e-01 1.774799999999999989e-03
3.925000000000000155e-01 1.596799999999999999e-03
3.935000000000000164e-01 1.435599999999999984e-03
3.945000000000000173e-01 1.289900000000000074e-03
3.955000000000000182e-01 1.158200000000000071e-03
3.965000000000000191e-01 1.039200000000000106e-03
3.975000000000000200e-01 9.319000000000000460e-04
3.985000000000000209e-01 8.350000000000000217e-04
3.995000000000000218e-01 7.477999999999999621e-04
4.005000000000000226e-01 6.692000000000000032e-04
4.015000000000000235e-01 5.984999999999999652e-04
4.025000000000000244e-01 5.347999999999999889e-04
4.035000000000000253e-01 4.777000000000000105e-04
4.045000000000000262e-01 4.263000000000000079e-04
4.055000000000000271e-01 3.802999999999999740e-04
4.064999999999999725e-01 3.388999999999999977e-04
4.074999999999999734e-01 3.019000000000000199e-04
4.084999999999999742e-01 2.687000000000000261e-04
4.094999999999999751e-01 2.390000000000000089e-04
4.104999999999999760e-01 2.124999999999999882e-04
4.114999999999999769e-01 1.888000000000000084e-04
4.124999999999999778e-01 1.676000000000000081e-04
4.134999999999999787e-01 1.487000000000000095e-04
4.144999999999999796e-01 1.318000000000000053e-04
4.154999999999999805e-01 1.168000000000000066e-04
4.164999999999999813e-01 1.034000000000000061e-04
4.174999999999999822e-01 9.150000000000000147e-05
4.184999999999999831e-01 8.090000000000000132e-05
4.194999999999999840e-01 7.150000000000000322e-05
4.204999999999999849e-01 6.310000000000000233e-05
4.214999999999999858e-01 5.569999999999999864e-05
4.224999999999999867e-01 4.910000000000000085e-05
4.234999999999999876e-01 4.330000000000000217e-05
4.244999999999999885e-01 3.809999999999999775e-05
4.254999999999999893e-01 3.350000000000000113e-05
4.264999999999999902e-01 2.949999999999999877e-05
4.274999999999999911e-01 2.589999999999999936e-05
4.284999999999999920e-01 2.279999999999999854e-05
4.294999999999999929e-01 2.000000000000000164e-05
4.304999999999999938e-01 1.749999999999999847e-05
4.314999999999999947e-01 1.540000000000000163e-05
4.324999999999999956e-01 1.349999999999999949e-05
4.334999999999999964e-01 1.180000000000000052e-05
4.344999999999999973e-01 1.029999999999999964e-05
4.354999999999999982e-01 9.000000000000000228e-06
4.364999999999999991e-01 7.900000000000000595e-06
4.375000000000000000e-01 6.900000000000000005e-06
4.385000000000000009e-01 6.000000000000000152e-06
4.395000000000000018e-01 5.200000000000000188e-06
4.405000000000000027e-01 4.500000000000000114e-06
4.415000000000000036e-01 3.999999999999999819e-06
4.425000000000000044e-01 3.400000000000000058e-06
4.435000000000000053e-01 3.000000000000000076e-06
4.445000000000000062e-01 2.600000000000000094e-06
4.455000000000000071e-01 2.300000000000000002e-06
4.465000000000000080e-01 1.999999999999999909e-06
4.475000000000000089e-01 1.700000000000000029e-06
4.485000000000000098e-01 1.500000000000000038e-06
4.495000000000000107e-01 1.300000000000000047e-06
4.505000000000000115e-01 1.100000000000000056e-06
4.515000000000000124e-01 9.999999999999999547e-07
4.525000000000000133e-01 7.999999999999999638e-07
4.535000000000000142e-01 6.999999999999999683e-07
4.545000000000000151e-01 5.999999999999999728e-07
4.555000000000000160e-01 4.999999999999999774e-07
4.565000000000000169e-01 4.999999999999999774e-07
4.575000000000000178e-01 3.999999999999999819e-07
4.585000000000000187e-01 2.999999999999999864e-07
4.595000000000000195e-01 2.999999999999999864e-07
4.605000000000000204e-01 2.999999999999999864e-07
4.615000000000000213e-01 1.999999999999999909e-07
4.625000000000000222e-01 1.999999999999999909e-07
4.635000000000000231e-01 1.999999999999999909e-07
4.645000000000000240e-01 9.999999999999999547e-08
4.655000000000000249e-01 9.999999999999999547e-08
4.665000000000000258e-01 9.999999999999999547e-08
4.675000000000000266e-01 9.999999999999999547e-08
4.685000000000000275e-01 9.999999999999999547e-08
4.694999999999999729e-01 9.999999999999999547e-08
4.704999999999999738e-01 9.999999999999999547e-08
4.714999999999999747e-01 0.000000000000000000e+00
4.724999999999999756e-01 0.000000000000000000e+00
4.734999999999999765e-01 0.000000000000000000e+00
4.744999999999999774e-01 0.000000000000000000e+00
4.754999999999999782e-01 0.000000000000000000e+00
4.764999999999999791e-01 0.000000000000000000e+00
4.774999999999999800e-01 0.000000000000000000e+00
4.784999999999999809e-01 0.000000000000000000e+00
4.794999999999999818e-01 0.000000000000000000e+00
4.804999999999999827e-01 0.000000000000000000e+00
4.814999999999999836e-01 0.000000000000000000e+00
4.824999999999999845e-01 0.000000000000000000e+00
4.834999999999999853e-01 0.000000000000000000e+00
4.844999999999999862e-01 0.000000000000000000e+00
4.854999999999999871e-01 0.000000000000000000e+00
4.864999999999999880e-01 0.000000000000000000e+00
4.874999999999999889e-01 0.000000000000000000e+00
4.884999999999999898e-01 0.000000000000000000e+00
4.894999999999999907e-01 0.000000000000000000e+00
4.904999999999999916e-01 0.000000000000000000e+00
4.914999999999999925e-01 0.000000000000000000e+00
4.924999999999999933e-01 0.000000000000000000e+00
4.934999999999999942e-01 0.000000000000000000e+00
4.944999999999999951e-01 0.000000000000000000e+00
4.954999999999999960e-01 0.000000000000000000e+00
4.964999999999999969e-01 0.000000000000000000e+00
4.974999999999999978e-01 0.000000000000000000e+00
4.984999999999999987e-01 0.000000000000000000e+00
4.994999999999999996e-01 0.000000000000000000e+00
5.004999999999999449e-01 0.000000000000000000e+00
5.014999999999999458e-01 0.000000000000000000e+00
5.024999999999999467e-01 0.000000000000000000e+00
5.034999999999999476e-01 0.000000000000000000e+00
5.044999999999999485e-01 0.000000000000000000e+00
5.054999999999999494e-01 0.000000000000000000e+00
5.064999999999999503e-01 0.000000000000000000e+00
5.074999999999999512e-01 0.000000000000000000e+00
5.084999999999999520e-01 0.000000000000000000e+00
5.094999999999999529e-01 0.000000000000000000e+00
5.104999999999999538e-01 0.000000000000000000e+00
5.114999999999999547e-01 0.000000000000000000e+00
5.124999999999999556e-01 0.000000000000000000e+00
5.134999999999999565e-01 0.000000000000000000e+00
5.144999999999999574e-01 0.000000000000000000e+00
5.154999999999999583e-01 0.000000000000000000e+00
5.164999999999999591e-01 0.000000000000000000e+00
5.174999999999999600e-01 0.000000000000000000e+00
5.184999999999999609e-01 0.000000000000000000e+00
5.194999999999999618e-01 0.000000000000000000e+00
5.204999999999999627e-01 0.000000000000000000e+00
5.214999999999999636e-01 0.000000000000000000e+00
5.224999999999999645e-01 0.000000000000000000e+00
5.234999999999999654e-01 0.000000000000000000e+00
5.244999999999999662e-01 0.000000000000000000e+00
5.254999999999999671e-01 0.000000000000000000e+00
5.264999999999999680e-01 0.000000000000000000e+00
5.274999999999999689e-01 0.000000000000000000e+00
5.284999999999999698e-01 0.000000000000000000e+00
5.294999999999999707e-01 0.000000000000000000e+00
5.304999999999999716e-01 0.000000000000000000e+00
5.314999999999999725e-01 0.000000000000000000e+00
5.324999999999999734e-01 0.000000000000000000e+00
5.334999999999999742e-01 0.000000000000000000e+00
5.344999999999999751e-01 0.000000000000000000e+00
5.354999999999999760e-01 0.000000000000000000e+00
5.364999999999999769e-01 0.000000000000000000e+00
5.374999999999999778e-01 0.000000000000000000e+00
5.384999999999999787e-01 0.000000000000000000e+00
5.394999999999999796e-01 0.000000000000000000e+00
5.404999999999999805e-01 0.000000000000000000e+00
5.414999999999999813e-01 0.000000000000000000e+00
5.424999999999999822e-01 0.000000000000000000e+00
5.434999999999999831e-01 0.000000000000000000e+00
5.444999999999999840e-01 0.000000000000000000e+00
5.454999999999999849e-01 0.000000000000000000e+00
5.464999999999999858e-01 0.000000000000000000e+00
5.474999999999999867e-01 0.000000000000000000e+00
5.484999999999999876e-01 0.000000000000000000e+00
5.494999999999999885e-01 0.000000000000000000e+00
5.504999999999999893e-01 0.000000000000000000e+00
5.514999999999999902e-01 0.000000000000000000e+00
5.524999999999999911e-01 0.000000000000000000e+00
5.534999999999999920e-01 0.000000000000000000e+00
5.544999999999999929e-01 0.000000000000000000e+00
5.554999999999999938e-01 0.000000000000000000e+00
5.564999999999999947e-01 0.000000000000000000e+00
5.574999999999999956e-01 0.000000000000000000e+00
5.584999999999999964e-01 0.000000000000000000e+00
5.594999999999999973e-01 0.000000000000000000e+00
5.604999999999999982e-01 0.000000000000000000e+00
5.614999999999999991e-01 0.000000000000000000e+00
5.625000000000000000e-01 0.000000000000000000e+00
5.635000000000000009e-01 0.000000000000000000e+00
5.645000000000000018e-01 0.000000000000000000e+00
5.655000000000000027e-01 0.000000000000000000e+00
5.665000000000000036e-01 0.000000000000000000e+00
5.675000000000000044e-01 0.000000000000000000e+00
5.685000000000000053e-01 0.000000000000000000e+00
5.695000000000000062e-01 0.000000000000000000e+00
5.705000000000000071e-01 0.000000000000000000e+00
5.715000000000000080e-01 0.000000000000000000e+00
5.725000000000000089e-01 0.000000000000000000e+00
5.735000000000000098e-01 0.000000000000000000e+00
5.745000000000000107e-01 0.000000000000000000e+00
5.755000000000000115e-01 0.000000000000000000e+00
5.765000000000000124e-01 0.000000000000000000e+00
5.775000000000000133e-01 0.000000000000000000e+00
5.785000000000000142e-01 0.000000000000000000e+00
5.795000000000000151e-01 0.000000000000000000e+00
5.805000000000000160e-01 0.000000000000000000e+00
5.815000000000000169e-01 0.000000000000000000e+00
5.825000000000000178e-01 0.000000000000000000e+00
5.835000000000000187e-01 0.000000000000000000e+00
5.845000000000000195e-01 0.000000000000000000e+00
5.855000000000000204e-01 0.000000000000000000e+00
5.865000000000000213e-01 0.000000000000000000e+00
5.875000000000000222e-01 0.000000000000000000e+00
5.885000000000000231e-01 0.000000000000000000e+00
5.895000000000000240e-01 0.000000000000000000e+00
5.905000000000000249e-01 0.000000000000000000e+00
5.915000000000000258e-01 0.000000000000000000e+00
5.925000000000000266e-01 0.000000000000000000e+00
5.935000000000000275e-01 0.000000000000000000e+00
5.945000000000000284e-01 0.000000000000000000e+00
5.955000000000000293e-01 0.000000000000000000e+00
5.965000000000000302e-01 0.000000000000000000e+00
5.975000000000000311e-01 0.000000000000000000e+00
5.985000000000000320e-01 0.000000000000000000e+00
5.995000000000000329e-01 0.000000000000000000e+00
6.005000000000000338e-01 0.000000000000000000e+00
6.015000000000000346e-01 0.000000000000000000e+00
6.025000000000000355e-01 0.000000000000000000e+00
6.035000000000000364e-01 0.000000000000000000e+00
6.045000000000000373e-01 0.000000000000000000e+00
6.055000000000000382e-01 0.000000000000000000e+00
6.065000000000000391e-01 0.000000000000000000e+00
6.075000000000000400e-01 0.000000000000000000e+00
6.085000000000000409e-01 0.000000000000000000e+00
6.095000000000000417e-01 0.000000000000000000e+00
6.105000000000000426e-01 0.000000000000000000e+00
6.115000000000000435e-01 0.000000000000000000e+00
6.125000000000000444e-01 0.000000000000000000e+00
6.135000000000000453e-01 0.000000000000000000e+00
6.145000000000000462e-01 0.000000000000000000e+00
6.155000000000000471e-01 0.000000000000000000e+00
6.165000000000000480e-01 0.000000000000000000e+00
6.175000000000000488e-01 0.000000000000000000e+00
6.185000000000000497e-01 0.000000000000000000e+00
6.195000000000000506e-01 0.000000000000000000e+00
6.205000000000000515e-01 0.000000000000000000e+00
6.215000000000000524e-01 0.000000000000000000e+00
6.225000000000000533e-01 0.000000000000000000e+00
6.235000000000000542e-01 0.000000000000000000e+00
6.245000000000000551e-01 0.000000000000000000e+00
6.254999999999999449e-01 0.000000000000000000e+00
6.264999999999999458e-01 0.000000000000000000e+00
6.274999999999999467e-01 0.000000000000000000e+00
6.284999999999999476e-01 0.000000000000000000e+00
6.294999999999999485e-01 0.000000000000000000e+00
6.304999999999999494e-01 0.000000000000000000e+00
6.314999999999999503e-01 0.000000000000000000e+00
6.324999999999999512e-01 0.000000000000000000e+00
6.334999999999999520e-01 0.000000000000000000e+00
6.344999999999999529e-01 0.000000000000000000e+00
6.354999999999999538e-01 0.000000000000000000e+00
6.364999999999999547e-01 0.000000000000000000e+00
6.374999999999999556e-01 0.000000000000000000e+00
6.384999999999999565e-01 0.000000000000000000e+00
6.394999999999999574e-01 0.000000000000000000e+00
6.404999999999999583e-01 0.000000000000000000e+00
6.414999999999999591e-01 0.000000000000000000e+00
6.424999999999999600e-01 0.000000000000000000e+00
6.434999999999999609e-01 0.000000000000000000e+00
6.444999999999999618e-01 0.000000000000000000e+00
6.454999999999999627e-01 0.000000000000000000e+00
6.464999999999999636e-01 0.000000000000000000e+00
6.474999999999999645e-01 0.000000000000000000e+00
6.484999999999999654e-01 0.000000000000000000e+00
6.494999999999999662e-01 0.000000000000000000e+00
6.504999999999999671e-01 0.000000000000000000e+00
6.514999999999999680e-01 0.000000000000000000e+00
6.524999999999999689e-01 0.000000000000000000e+00
6.534999999999999698e-01 0.000000000000000000e+00
6.544999999999999707e-01 0.000000000000000000e+00
6.554999999999999716e-01 0.000000000000000000e+00
6.564999999999999725e-01 0.000000000000000000e+00
6.574999999999999734e-01 0.000000000000000000e+00
6.584999999999999742e-01 0.000000000000000000e+00
6.594999999999999751e-01 0.000000000000000000e+00
6.604999999999999760e-01 0.000000000000000000e+00
6.614999999999999769e-01 0.000000000000000000e+00
6.624999999999999778e-01 0.000000000000000000e+00
6.634999999999999787e-01 0.000000000000000000e+00
6.644999999999999796e-01 0.000000000000000000e+00
6.654999999999999805e-01 0.000000000000000000e+00
6.664999999999999813e-01 0.000000000000000000e+00
6.674999999999999822e-01 0.000000000000000000e+00
6.684999999999999831e-01 0.000000000000000000e+00
6.694999999999999840e-01 0.000000000000000000e+00
6.704999999999999849e-01 0.000000000000000000e+00
6.714999999999999858e-01 0.000000000000000000e+00
6.724999999999999867e-01 0.000000000000000000e+00
6.734999999999999876e-01 0.000000000000000000e+00
6.744999999999999885e-01 0.000000000000000000e+00
6.754999999999999893e-01 0.000000000000000000e+00
6.764999999999999902e-01 0.000000000000000000e+00
6.774999999999999911e-01 0.000000000000000000e+00
6.784999999999999920e-01 0.000000000000000000e+00
6.794999999999999929e-01 0.000000000000000000e+00
6.804999999999999938e-01 0.000000000000000000e+00
6.814999999999999947e-01 0.000000000000000000e+00
6.824999999999999956e-01 0.000000000000000000e+00
6.834999999999999964e-01 0.000000000000000000e+00
6.844999999999999973e-01 0.000000000000000000e+00
6.854999999999999982e-01 0.000000000000000000e+00
6.864999999999999991e-01 0.000000000000000000e+00
6.875000000000000000e-01 0.000000000000000000e+00
6.885000000000000009e-01 0.000000000000000000e+00
6.895000000000000018e-01 0.000000000000000000e+00
6.905000000000000027e-01 0.000000000000000000e+00
6.915000000000000036e-01 0.000000000000000000e+00
6.925000000000000044e-01 0.000000000000000000e+00
6.935000000000000053e-01 0.000000000000000000e+00
6.945000000000000062e-01 0.000000000000000000e+00
6.955000000000000071e-01 0.000000000000000000e+00
6.965000000000000080e-01 0.000000000000000000e+00
6.975000000000000089e-01 0.000000000000000000e+00
6.985000000000000098e-01 0.000000000000000000e+00
6.995000000000000107e-01 0.000000000000000000e+00
7.005000000000000115e-01 0.000000000000000000e+00
7.015000000000000124e-01 0.000000000000000000e+00
7.025000000000000133e-01 0.000000000000000000e+00
7.035000000000000142e-01 0.000000000000000000e+00
7.045000000000000151e-01 0.000000000000000000e+00
7.055000000000000160e-01 0.000000000000000000e+00
7.065000000000000169e-01 0.000000000000000000e+00
7.075000000000000178e-01 0.000000000000000000e+00
7.085000000000000187e-01 0.000000000000000000e+00
7.095000000000000195e-01 0.000000000000000000e+00
7.105000000000000204e-01 0.000000000000000000e+00
7.115000000000000213e-01 0.000000000000000000e+00
7.125000000000000222e-01 0.000000000000000000e+00
7.135000000000000231e-01 0.000000000000000000e+00
7.145000000000000240e-01 0.000000000000000000e+00
7.155000000000000249e-01 0.000000000000000000e+00
7.165000000000000258e-01 0.000000000000000000e+00
7.175000000000000266e-01 0.000000000000000000e+00
7.185000000000000275e-01 0.000000000000000000e+00
7.195000000000000284e-01 0.000000000000000000e+00
7.205000000000000293e-01 0.000000000000000000e+00
7.215000000000000302e-01 0.000000000000000000e+00
7.225000000000000311e-01 0.000000000000000000e+00
7.235000000000000320e-01 0.000000000000000000e+00
7.245000000000000329e-01 0.000000000000000000e+00
7.255000000000000338e-01 0.000000000000000000e+00
7.265000000000000346e-01 0.000000000000000000e+00
7.275000000000000355e-01 0.000000000000000000e+00
7.285000000000000364e-01 0.000000000000000000e+00
7.295000000000000373e-01 0.000000000000000000e+00
7.305000000000000382e-01 0.000000000000000000e+00
7.315000000000000391e-01 0.000000000000000000e+00
7.325000000000000400e-01 0.000000000000000000e+00
7.335000000000000409e-01 0.000000000000000000e+00
7.345000000000000417e-01 0.000000000000000000e+00
7.355000000000000426e-01 0.000000000000000000e+00
7.365000000000000435e-01 0.000000000000000000e+00
7.375000000000000444e-01 0.000000000000000000e+00
7.385000000000000453e-01 0.000000000000000000e+00
7.395000000000000462e-01 0.000000000000000000e+00
7.405000000000000471e-01 0.000000000000000000e+00
7.415000000000000480e-01 0.000000000000000000e+00
7.425000000000000488e-01 0.000000000000000000e+00
7.435000000000000497e-01 0.000000000000000000e+00
7.445000000000000506e-01 0.000000000000000000e+00
7.455000000000000515e-01 0.000000000000000000e+00
7.465000000000000524e-01 0.000000000000000000e+00
7.475000000000000533e-01 0.000000000000000000e+00
7.485000000000000542e-01 0.000000000000000000e+00
7.495000000000000551e-01 0.000000000000000000e+00
7.504999999999999449e-01 0.000000000000000000e+00
7.514999999999999458e-01 0.000000000000000000e+00
7.524999999999999467e-01 0.000000000000000000e+00
7.534999999999999476e-01 0.000000000000000000e+00
7.544999999999999485e-01 0.000000000000000000e+00
7.554999999999999494e-01 0.000000000000000000e+00
7.564999999999999503e-01 0.000000000000000000e+00
7.574999999999999512e-01 0.000000000000000000e+00
7.584999999999999520e-01 0.000000000000000000e+00
7.594999999999999529e-01 0.000000000000000000e+00
7.604999999999999538e-01 0.000000000000000000e+00
7.614999999999999547e-01 0.000000000000000000e+00
7.624999999999999556e-01 0.000000000000000000e+00
7.634999999999999565e-01 0.000000000000000000e+00
7.644999999999999574e-01 0.000000000000000000e+00
7.654999999999999583e-01 0.000000000000000000e+00
7.664999999999999591e-01 0.000000000000000000e+00
7.674999999999999600e-01 0.000000000000000000e+00
7.684999999999999609e-01 0.000000000000000000e+00
7.694999999999999618e-01 0.000000000000000000e+00
7.704999999999999627e-01 0.000000000000000000e+00
7.714999999999999636e-01 0.000000000000000000e+00
7.724999999999999645e-01 0.000000000000000000e+00
7.734999999999999654e-01 0.000000000000000000e+00
7.744999999999999662e-01 0.000000000000000000e+00
7.754999999999999671e-01 0.000000000000000000e+00
7.764999999999999680e-01 0.000000000000000000e+00
7.774999999999999689e-01 0.000000000000000000e+00
7.784999999999999698e-01 0.000000000000000000e+00
7.794999999999999707e-01 0.000000000000000000e+00
7.804999999999999716e-01 0.000000000000000000e+00
7.814999999999999725e-01 0.000000000000000000e+00
7.824999999999999734e-01 0.000000000000000000e+00
7.834999999999999742e-01 0.000000000000000000e+00
7.844999999999999751e-01 0.000000000000000000e+00
7.854999999999999760e-01 0.000000000000000000e+00
7.864999999999999769e-01 0.000000000000000000e+00
7.874999999999999778e-01 0.000000000000000000e+00
7.884999999999999787e-01 0.000000000000000000e+00
7.894999999999999796e-01 0.000000000000000000e+00
7.904999999999999805e-01 0.000000000000000000e+00
7.914999999999999813e-01 0.000000000000000000e+00
7.924999999999999822e-01 0.000000000000000000e+00
7.934999999999999831e-01 0.000000000000000000e+00
7.944999999999999840e-01 0.000000000000000000e+00
7.954999999999999849e-01 0.000000000000000000e+00
7.964999999999999858e-01 0.000000000000000000e+00
7.974999999999999867e-01 0.000000000000000000e+00
7.984999999999999876e-01 0.000000000000000000e+00
7.994999999999999885e-01 0.000000000000000000e+00
8.004999999999999893e-01 0.000000000000000000e+00
8.014999999999999902e-01 0.000000000000000000e+00
8.024999999999999911e-01 0.000000000000000000e+00
8.034999999999999920e-01 0.000000000000000000e+00
8.044999999999999929e-01 0.000000000000000000e+00
8.054999999999999938e-01 0.000000000000000000e+00
8.064999999999999947e-01 0.000000000000000000e+00
8.074999999999999956e-01 0.000000000000000000e+00
8.084999999999999964e-01 0.000000000000000000e+00
8.094999999999999973e-01 0.000000000000000000e+00
8.104999999999999982e-01 0.000000000000000000e+00
8.114999999999999991e-01 0.000000000000000000e+00
8.125000000000000000e-01 0.000000000000000000e+00
8.135000000000000009e-01 0.000000000000000000e+00
8.145000000000000018e-01 0.000000000000000000e+00
8.155000000000000027e-01 0.000000000000000000e+00
8.165000000000000036e-01 0.000000000000000000e+00
8.175000000000000044e-01 0.000000000000000000e+00
8.185000000000000053e-01 0.000000000000000000e+00
8.195000000000000062e-01 0.000000000000000000e+00
8.205000000000000071e-01 0.000000000000000000e+00
8.215000000000000080e-01 0.000000000000000000e+00
8.225000000000000089e-01 0.000000000000000000e+00
8.235000000000000098e-01 0.000000000000000000e+00
8.245000000000000107e-01 0.000000000000000000e+00
8.255000000000000115e-01 0.000000000000000000e+00
8.265000000000000124e-01 0.000000000000000000e+00
8.275000000000000133e-01 0.000000000000000000e+00
8.285000000000000142e-01 0.000000000000000000e+00
8.295000000000000151e-01 0.000000000000000000e+00
8.305000000000000160e-01 0.000000000000000000e+00
8.315000000000000169e-01 0.000000000000000000e+00
8.325000000000000178e-01 0.000000000000000000e+00
8.335000000000000187e-01 0.000000000000000000e+00
8.345000000000000195e-01 0.000000000000000000e+00
8.355000000000000204e-01 0.000000000000000000e+00
8.365000000000000213e-01 0.000000000000000000e+00
8.375000000000000222e-01 0.000000000000000000e+00
8.385000000000000231e-01 0.000000000000000000e+00
8.395000000000000240e-01 0.000000000000000000e+00
8.405000000000000249e-01 0.000000000000000000e+00
8.415000000000000258e-01 0.000000000000000000e+00
8.425000000000000266e-01 0.000000000000000000e+00
8.435000000000000275e-01 0.000000000000000000e+00
8.445000000000000284e-01 0.000000000000000000e+00
8.455000000000000293e-01 0.000000000000000000e+00
8.465000000000000302e-01 0.000000000000000000e+00
8.475000000000000311e-01 0.000000000000000000e+00
8.485000000000000320e-01 0.000000000000000000e+00
8.495000000000000329e-01 0.000000000000000000e+00
8.505000000000000338e-01 0.000000000000000000e+00
8.515000000000000346e-01 0.000000000000000000e+00
8.525000000000000355e-01 0.000000000000000000e+00
8.535000000000000364e-01 0.000000000000000000e+00
8.545000000000000373e-01 0.000000000000000000e+00
8.555000000000000382e-01 0.000000000000000000e+00
8.565000000000000391e-01 0.000000000000000000e+00
8.575000000000000400e-01 0.000000000000000000e+00
8.585000000000000409e-01 0.000000000000000000e+00
8.595000000000000417e-01 0.000000000000000000e+00
8.605000000000000426e-01 0.000000000000000000e+00
8.615000000000000435e-01 0.000000000000000000e+00
8.625000000000000444e-01 0.000000000000000000e+00
8.635000000000000453e-01 0.000000000000000000e+00
8.645000000000000462e-01 0.000000000000000000e+00
8.655000000000000471e-01 0.000000000000000000e+00
8.665000000000000480e-01 0.000000000000000000e+00
8.675000000000000488e-01 0.000000000000000000e+00
8.685000000000000497e-01 0.000000000000000000e+00
8.695000000000000506e-01 0.000000000000000000e+00
8.705000000000000515e-01 0.000000000000000000e+00
8.715000000000000524e-01 0.000000000000000000e+00
8.725000000000000533e-01 0.000000000000000000e+00
8.735000000000000542e-01 0.000000000000000000e+00
8.745000000000000551e-01 0.000000000000000000e+00
8.754999999999999449e-01 0.000000000000000000e+00
8.764999999999999458e-01 0.000000000000000000e+00
8.774999999999999467e-01 0.000000000000000000e+00
8.784999999999999476e-01 0.000000000000000000e+00
8.794999999999999485e-01 0.000000000000000000e+00
8.804999999999999494e-01 0.000000000000000000e+00
8.814999999999999503e-01 0.000000000000000000e+00
8.824999999999999512e-01 0.000000000000000000e+00
8.834999999999999520e-01 0.000000000000000000e+00
8.844999999999999529e-01 0.000000000000000000e+00
8.854999999999999538e-01 0.000000000000000000e+00
8.864999999999999547e-01 0.000000000000000000e+00
8.874999999999999556e-01 0.000000000000000000e+00
8.884999999999999565e-01 0.000000000000000000e+00
8.894999999999999574e-01 0.000000000000000000e+00
8.904999999999999583e-01 0.000000000000000000e+00
8.914999999999999591e-01 0.000000000000000000e+00
8.924999999999999600e-01 0.000000000000000000e+00
8.934999999999999609e-01 0.000000000000000000e+00
8.944999999999999618e-01 0.000000000000000000e+00
8.954999999999999627e-01 0.000000000000000000e+00
8.964999999999999636e-01 0.000000000000000000e+00
8.974999999999999645e-01 0.000000000000000000e+00
8.984999999999999654e-01 0.000000000000000000e+00
8.994999999999999662e-01 0.000000000000000000e+00
9.004999999999999671e-01 0.000000000000000000e+00
9.014999999999999680e-01 0.000000000000000000e+00
9.024999999999999689e-01 0.000000000000000000e+00
9.034999999999999698e-01 0.000000000000000000e+00
9.044999999999999707e-01 0.000000000000000000e+00
9.054999999999999716e-01 0.000000000000000000e+00
9.064999999999999725e-01 0.000000000000000000e+00
9.074999999999999734e-01 0.000000000000000000e+00
9.084999999999999742e-01 0.000000000000000000e+00
9.094999999999999751e-01 0.000000000000000000e+00
9.104999999999999760e-01 0.000000000000000000e+00
9.114999999999999769e-01 0.000000000000000000e+00
9.124999999999999778e-01 0.000000000000000000e+00
9.134999999999999787e-01 0.000000000000000000e+00
9.144999999999999796e-01 0.000000000000000000e+00
9.154999999999999805e-01 0.000000000000000000e+00
9.164999999999999813e-01 0.000000000000000000e+00
9.174999999999999822e-01 0.000000000000000000e+00
9.184999999999999831e-01 0.000000000000000000e+00
9.194999999999999840e-01 0.000000000000000000e+00
9.204999999999999849e-01 0.000000000000000000e+00
9.214999999999999858e-01 0.000000000000000000e+00
9.224999999999999867e-01 0.000000000000000000e+00
9.234999999999999876e-01 0.000000000000000000e+00
9.244999999999999885e-01 0.000000000000000000e+00
9.254999999999999893e-01 0.000000000000000000e+00
9.264999999999999902e-01 0.000000000000000000e+00
9.274999999999999911e-01 0.000000000000000000e+00
9.284999999999999920e-01 0.000000000000000000e+00
9.294999999999999929e-01 0.000000000000000000e+00
9.304999999999999938e-01 0.000000000000000000e+00
9.314999999999999947e-01 0.000000000000000000e+00
9.324999999999999956e-01 0.000000000000000000e+00
9.334999999999999964e-01 0.000000000000000000e+00
9.344999999999999973e-01 0.000000000000000000e+00
9.354999999999999982e-01 0.000000000000000000e+00
9.364999999999999991e-01 0.000000000000000000e+00
9.375000000000000000e-01 0.000000000000000000e+00
9.385000000000000009e-01 0.000000000000000000e+00
9.395000000000000018e-01 0.000000000000000000e+00
9.405000000000000027e-01 0.000000000000000000e+00
9.415000000000000036e-01 0.000000000000000000e+00
9.425000000000000044e-01 0.000000000000000000e+00
9.435000000000000053e-01 0.000000000000000000e+00
9.445000000000000062e-01 0.000000000000000000e+00
9.455000000000000071e-01 0.000000000000000000e+00
9.465000000000000080e-01 0.000000000000000000e+00
9.475000000000000089e-01 0.000000000000000000e+00
9.485000000000000098e-01 0.000000000000000000e+00
9.495000000000000107e-01 0.000000000000000000e+00
9.505000000000000115e-01 0.000000000000000000e+00
9.515000000000000124e-01 0.000000000000000000e+00
9.525000000000000133e-01 0.000000000000000000e+00
9.535000000000000142e-01 0.000000000000000000e+00
9.545000000000000151e-01 0.000000000000000000e+00
9.555000000000000160e-01 0.000000000000000000e+00
9.565000000000000169e-01 0.000000000000000000e+00
9.575000000000000178e-01 0.000000000000000000e+00
9.585000000000000187e-01 0.000000000000000000e+00
9.595000000000000195e-01 0.000000000000000000e+00
9.605000000000000204e-01 0.000000000000000000e+00
9.615000000000000213e-01 0.000000000000000000e+00
9.625000000000000222e-01 0.000000000000000000e+00
9.635000000000000231e-01 0.000000000000000000e+00
9.645000000000000240e-01 0.000000000000000000e+00
9.655000000000000249e-01 0.000000000000000000e+00
9.665000000000000258e-01 0.000000000000000000e+00
9.675000000000000266e-01 0.000000000000000000e+00
9.685000000000000275e-01 0.000000000000000000e+00
9.695000000000000284e-01 0.000000000000000000e+00
9.705000000000000293e-01 0.000000000000000000e+00
9.715000000000000302e-01 0.000000000000000000e+00
9.725000000000000311e-01 0.000000000000000000e+00
9.735000000000000320e-01 0.000000000000000000e+00
9.745000000000000329e-01 0.000000000000000000e+00
9.755000000000000338e-01 0.000000000000000000e+00
9.765000000000000346e-01 0.000000000000000000e+00
9.775000000000000355e-01 0.000000000000000000e+00
9.785000000000000364e-01 0.000000000000000000e+00
9.795000000000000373e-01 0.000000000000000000e+00
9.805000000000000382e-01 0.000000000000000000e+00
9.815000000000000391e-01 0.000000000000000000e+00
9.825000000000000400e-01 0.000000000000000000e+00
9.835000000000000409e-01 0.000000000000000000e+00
9.845000000000000417e-01 0.000000000000000000e+00
9.855000000000000426e-01 0.000000000000000000e+00
9.865000000000000435e-01 0.000000000000000000e+00
9.875000000000000444e-01 0.000000000000000000e+00
9.885000000000000453e-01 0.000000000000000000e+00
9.895000000000000462e-01 0.000000000000000000e+00
9.905000000000000471e-01 0.000000000000000000e+00
9.915000000000000480e-01 0.000000000000000000e+00
9.925000000000000488e-01 0.000000000000000000e+00
9.935000000000000497e-01 0.000000000000000000e+00
9.945000000000000506e-01 0.000000000000000000e+00
9.955000000000000515e-01 0.000000000000000000e+00
9.965000000000000524e-01 0.000000000000000000e+00
9.975000000000000533e-01 0.000000000000000000e+00
9.985000000000000542e-01 0.000000000000000000e+00
9.995000000000000551e-01 0.000000000000000000e+00
