5.000000000000000104e-04 0.000000000000000000e+00
1.500000000000000031e-03 0.000000000000000000e+00
2.500000000000000052e-03 0.000000000000000000e+00
3.500000000000000073e-03 0.000000000000000000e+00
4.499999999999999660e-03 0.000000000000000000e+00
5.499999999999999681e-03 0.000000000000000000e+00
6.499999999999999702e-03 0.000000000000000000e+00
7.499999999999999722e-03 0.000000000000000000e+00
8.500000000000000611e-03 0.000000000000000000e+00
9.499999999999999764e-03 0.000000000000000000e+00
1.050000000000000065e-02 0.000000000000000000e+00
1.149999999999999981e-02 0.000000000000000000e+00
1.250000000000000069e-02 0.000000000000000000e+00
1.349999999999999985e-02 0.000000000000000000e+00
1.450000000000000074e-02 0.000000000000000000e+00
1.549999999999999989e-02 0.000000000000000000e+00
1.650000000000000078e-02 0.000000000000000000e+00
1.750000000000000167e-02 0.000000000000000000e+00
1.849999999999999908e-02 0.000000000000000000e+00
1.949999999999999997e-02 0.000000000000000000e+00
2.050000000000000086e-02 0.000000000000000000e+00
2.149999999999999828e-02 0.000000000000000000e+00
2.249999999999999917e-02 0.000000000000000000e+00
2.350000000000000006e-02 0.000000000000000000e+00
2.450000000000000094e-02 0.000000000000000000e+00
2.549999999999999836e-02 0.000000000000000000e+00
2.649999999999999925e-02 0.000000000000000000e+00
2.750000000000000014e-02 0.000000000000000000e+00
2.850000000000000103e-02 0.000000000000000000e+00
2.949999999999999845e-02 0.000000000000000000e+00
3.049999999999999933e-02 0.000000000000000000e+00
3.150000000000000022e-02 0.000000000000000000e+00
3.250000000000000111e-02 0.000000000000000000e+00
3.350000000000000200e-02 0.000000000000000000e+00
3.450000000000000289e-02 0.000000000000000000e+00
3.549999999999999684e-02 0.000000000000000000e+00
3.649999999999999772e-02 0.000000000000000000e+00
3.749999999999999861e-02 0.000000000000000000e+00
3.849999999999999950e-02 0.000000000000000000e+00
3.950000000000000039e-02 0.000000000000000000e+00
4.050000000000000128e-02 0.000000000000000000e+00
4.150000000000000216e-02 0.000000000000000000e+00
4.250000000000000305e-02 0.000000000000000000e+00
4.349999999999999700e-02 0.000000000000000000e+00
4.449999999999999789e-02 0.000000000000000000e+00
4.549999999999999878e-02 0.000000000000000000e+00
4.649999999999999967e-02 0.000000000000000000e+00
4.750000000000000056e-02 0.000000000000000000e+00
4.850000000000000144e-02 0.000000000000000000e+00
4.950000000000000233e-02 0.000000000000000000e+00
5.050000000000000322e-02 0.000000000000000000e+00
5.149999999999999717e-02 0.000000000000000000e+00
5.249999999999999806e-02 0.000000000000000000e+00
5.349999999999999895e-02 0.000000000000000000e+00
5.449999999999999983e-02 0.000000000000000000e+00
5.550000000000000072e-02 0.000000000000000000e+00
5.650000000000000161e-02 0.000000000000000000e+00
5.750000000000000250e-02 0.000000000000000000e+00
5.850000000000000339e-02 0.000000000000000000e+00
5.949999999999999734e-02 0.000000000000000000e+00
6.049999999999999822e-02 0.000000000000000000e+00
6.149999999999999911e-02 0.000000000000000000e+00
6.250000000000000000e-02 0.000000000000000000e+00
6.350000000000000089e-02 0.000000000000000000e+00
6.450000000000000178e-02 9.999999999999999547e-08
6.550000000000000266e-02 9.999999999999999547e-08
6.650000000000000355e-02 9.999999999999999547e-08
6.750000000000000444e-02 9.999999999999999547e-08
6.850000000000000533e-02 9.999999999999999547e-08
6.950000000000000622e-02 9.999999999999999547e-08
7.049999999999999323e-02 9.999999999999999547e-08
7.149999999999999412e-02 9.999999999999999547e-08
7.249999999999999500e-02 9.999999999999999547e-08
7.349999999999999589e-02 9.999999999999999547e-08
7.449999999999999678e-02 9.999999999999999547e-08
7.549999999999999767e-02 9.999999999999999547e-08
7.649999999999999856e-02 9.999999999999999547e-08
7.749999999999999944e-02 9.999999999999999547e-08
7.850000000000000033e-02 9.999999999999999547e-08
7.950000000000000122e-02 1.999999999999999909e-07
8.050000000000000211e-02 1.999999999999999909e-07
8.150000000000000300e-02 1.999999999999999909e-07
8.250000000000000389e-02 1.999999999999999909e-07
8.350000000000000477e-02 1.999999999999999909e-07
8.450000000000000566e-02 1.999999999999999909e-07
8.550000000000000655e-02 2.999999999999999864e-07
8.649999999999999356e-02 2.999999999999999864e-07
8.749999999999999445e-02 2.999999999999999864e-07
8.849999999999999534e-02 2.999999999999999864e-07
8.949999999999999623e-02 2.999999999999999864e-07
9.049999999999999711e-02 3.999999999999999819e-07
9.149999999999999800e-02 3.999999999999999819e-07
9.249999999999999889e-02 3.999999999999999819e-07
9.349999999999999978e-02 4.999999999999999774e-07
9.450000000000000067e-02 4.999999999999999774e-07
9.550000000000000155e-02 4.999999999999999774e-07
9.650000000000000244e-02 5.999999999999999728e-07
9.750000000000000333e-02 5.999999999999999728e-07
9.850000000000000422e-02 6.999999999999999683e-07
9.950000000000000511e-02 6.999999999999999683e-07
1.005000000000000060e-01 7.999999999999999638e-07
1.015000000000000069e-01 7.999999999999999638e-07
1.024999999999999939e-01 8.999999999999999593e-07
1.034999999999999948e-01 8.999999999999999593e-07
1.044999999999999957e-01 9.999999999999999547e-07
1.054999999999999966e-01 1.100000000000000056e-06
1.064999999999999974e-01 1.199999999999999946e-06
1.074999999999999983e-01 1.300000000000000047e-06
1.084999999999999992e-01 1.300000000000000047e-06
1.095000000000000001e-01 1.399999999999999937e-06
1.105000000000000010e-01 1.599999999999999928e-06
1.115000000000000019e-01 1.700000000000000029e-06
1.125000000000000028e-01 1.799999999999999919e-06
1.135000000000000037e-01 1.900000000000000020e-06
1.145000000000000046e-01 2.099999999999999799e-06
1.155000000000000054e-01 2.200000000000000112e-06
1.165000000000000063e-01 2.399999999999999891e-06
1.174999999999999933e-01 2.500000000000000205e-06
1.184999999999999942e-01 2.699999999999999984e-06
1.194999999999999951e-01 2.900000000000000186e-06
1.204999999999999960e-01 3.099999999999999966e-06
1.214999999999999969e-01 3.300000000000000168e-06
1.224999999999999978e-01 3.599999999999999837e-06
1.234999999999999987e-01 3.800000000000000040e-06
1.244999999999999996e-01 4.099999999999999709e-06
1.255000000000000004e-01 4.400000000000000224e-06
1.265000000000000013e-01 4.699999999999999893e-06
1.275000000000000022e-01 5.000000000000000409e-06
1.285000000000000031e-01 5.399999999999999967e-06
1.295000000000000040e-01 5.800000000000000373e-06
1.305000000000000049e-01 6.199999999999999931e-06
1.315000000000000058e-01 6.600000000000000337e-06
1.325000000000000067e-01 7.099999999999999785e-06
1.335000000000000075e-01 7.500000000000000190e-06
1.345000000000000084e-01 8.100000000000000375e-06
1.355000000000000093e-01 8.600000000000000670e-06
1.365000000000000102e-01 9.200000000000000007e-06
1.375000000000000111e-01 9.799999999999999345e-06
1.385000000000000120e-01 1.049999999999999942e-05
1.395000000000000129e-01 1.119999999999999949e-05
1.405000000000000138e-01 1.200000000000000030e-05
1.414999999999999869e-01 1.279999999999999942e-05
1.424999999999999878e-01 1.360000000000000023e-05
1.434999999999999887e-01 1.460000000000000082e-05
1.444999999999999896e-01 1.550000000000000068e-05
1.454999999999999905e-01 1.660000000000000031e-05
1.464999999999999913e-01 1.769999999999999994e-05
1.474999999999999922e-01 1.889999999999999862e-05
1.484999999999999931e-01 2.010000000000000068e-05
1.494999999999999940e-01 2.139999999999999840e-05
1.504999999999999949e-01 2.290000000000000098e-05
1.514999999999999958e-01 2.440000000000000017e-05
1.524999999999999967e-01 2.599999999999999840e-05
1.534999999999999976e-01 2.769999999999999906e-05
1.544999999999999984e-01 2.949999999999999877e-05
1.554999999999999993e-01 3.139999999999999752e-05
1.565000000000000002e-01 3.339999999999999870e-05
1.575000000000000011e-01 3.559999999999999797e-05
1.585000000000000020e-01 3.789999999999999966e-05
1.595000000000000029e-01 4.029999999999999701e-05
1.605000000000000038e-01 4.289999999999999922e-05
1.615000000000000047e-01 4.559999999999999709e-05
1.625000000000000056e-01 4.849999999999999982e-05
1.635000000000000064e-01 5.160000000000000063e-05
1.645000000000000073e-01 5.489999999999999953e-05
1.655000000000000082e-01 5.840000000000000329e-05
1.665000000000000091e-01 6.210000000000000513e-05
1.675000000000000100e-01 6.600000000000000506e-05
1.685000000000000109e-01 7.009999999999999630e-05
1.695000000000000118e-01 7.449999999999999483e-05
1.705000000000000127e-01 7.909999999999999822e-05
1.715000000000000135e-01 8.399999999999999535e-05
1.724999999999999867e-01 8.919999999999999978e-05
1.734999999999999876e-01 9.469999999999999794e-05
1.744999999999999885e-01 1.006000000000000058e-04
1.754999999999999893e-01 1.067999999999999939e-04
1.764999999999999902e-01 1.133000000000000028e-04
1.774999999999999911e-01 1.201999999999999943e-04
1.784999999999999920e-01 1.275000000000000092e-04
1.794999999999999929e-01 1.353000000000000090e-04
1.804999999999999938e-01 1.434999999999999915e-04
1.814999999999999947e-01 1.521000000000000108e-04
1.824999999999999956e-01 1.612999999999999905e-04
1.834999999999999964e-01 1.709000000000000070e-04
1.844999999999999973e-01 1.811000000000000110e-04
1.854999999999999982e-01 1.919000000000000024e-04
1.864999999999999991e-01 2.033000000000000085e-04
1.875000000000000000e-01 2.154000000000000044e-04
1.885000000000000009e-01 2.280999999999999879e-04
1.895000000000000018e-01 2.414999999999999883e-04
1.905000000000000027e-01 2.556999999999999811e-04
1.915000000000000036e-01 2.707000000000000205e-04
1.925000000000000044e-01 2.865000000000000250e-04
1.935000000000000053e-01 3.030999999999999949e-04
1.945000000000000062e-01 3.206999999999999890e-04
1.955000000000000071e-01 3.392000000000000050e-04
1.965000000000000080e-01 3.587999999999999935e-04
1.975000000000000089e-01 3.794000000000000063e-04
1.985000000000000098e-01 4.010999999999999917e-04
1.995000000000000107e-01 4.240000000000000062e-04
2.005000000000000115e-01 4.480999999999999957e-04
2.015000000000000124e-01 4.736000000000000192e-04
2.025000000000000133e-01 5.002999999999999635e-04
2.034999999999999865e-01 5.284999999999999984e-04
2.044999999999999873e-01 5.582000000000000156e-04
2.054999999999999882e-01 5.894999999999999633e-04
2.064999999999999891e-01 6.223999999999999498e-04
2.074999999999999900e-01 6.570000000000000319e-04
2.084999999999999909e-01 6.934999999999999975e-04
2.094999999999999918e-01 7.318000000000000069e-04
2.104999999999999927e-01 7.720999999999999565e-04
2.114999999999999936e-01 8.145000000000000113e-04
2.124999999999999944e-01 8.591000000000000112e-04
2.134999999999999953e-01 9.060000000000000128e-04
2.144999999999999962e-01 9.552999999999999643e-04
2.154999999999999971e-01 1.007099999999999922e-03
2.164999999999999980e-01 1.061499999999999944e-03
2.174999999999999989e-01 1.118599999999999976e-03
2.184999999999999998e-01 1.178699999999999973e-03
2.195000000000000007e-01 1.241700000000000095e-03
2.205000000000000016e-01 1.307900000000000078e-03
2.215000000000000024e-01 1.377399999999999979e-03
2.225000000000000033e-01 1.450399999999999910e-03
2.235000000000000042e-01 1.526900000000000089e-03
2.245000000000000051e-01 1.607200000000000035e-03
2.255000000000000060e-01 1.691500000000000078e-03
2.265000000000000069e-01 1.779900000000000058e-03
2.275000000000000078e-01 1.872500000000000032e-03
2.285000000000000087e-01 1.969700000000000010e-03
2.295000000000000095e-01 2.071599999999999830e-03
2.305000000000000104e-01 2.178300000000000201e-03
2.315000000000000113e-01 2.290200000000000048e-03
2.325000000000000122e-01 2.407400000000000078e-03
2.335000000000000131e-01 2.530199999999999810e-03
2.344999999999999862e-01 2.658799999999999792e-03
2.354999999999999871e-01 2.793400000000000136e-03
2.364999999999999880e-01 2.934400000000000203e-03
2.374999999999999889e-01 3.082000000000000104e-03
2.384999999999999898e-01 3.236399999999999954e-03
2.394999999999999907e-01 3.397999999999999979e-03
2.404999999999999916e-01 3.567100000000000132e-03
2.414999999999999925e-01 3.743999999999999932e-03
2.424999999999999933e-01 3.929000000000000201e-03
2.434999999999999942e-01 4.122400000000000023e-03
2.444999999999999951e-01 4.324599999999999625e-03
2.454999999999999960e-01 4.536000000000000101e-03
2.464999999999999969e-01 4.756899999999999670e-03
2.474999999999999978e-01 4.987700000000000293e-03
2.484999999999999987e-01 5.228799999999999594e-03
2.494999999999999996e-01 5.480699999999999808e-03
2.505000000000000004e-01 5.743700000000000021e-03
2.515000000000000013e-01 6.018299999999999865e-03
2.525000000000000022e-01 6.304999999999999841e-03
2.535000000000000031e-01 6.604299999999999581e-03
2.545000000000000040e-01 6.916600000000000179e-03
2.555000000000000049e-01 7.242400000000000400e-03
2.565000000000000058e-01 7.582400000000000424e-03
2.575000000000000067e-01 7.936900000000000205e-03
2.585000000000000075e-01 8.306600000000000789e-03
2.595000000000000084e-01 8.692099999999999480e-03
2.605000000000000093e-01 9.093999999999999653e-03
2.615000000000000102e-01 9.512800000000000075e-03
2.625000000000000111e-01 9.949200000000000058e-03
2.635000000000000120e-01 1.040400000000000005e-02
2.645000000000000129e-01 1.087770000000000056e-02
2.655000000000000138e-01 1.137099999999999916e-02
2.665000000000000147e-01 1.188469999999999978e-02
2.675000000000000155e-01 1.241959999999999939e-02
2.685000000000000164e-01 1.297629999999999964e-02
2.695000000000000173e-01 1.355579999999999979e-02
2.705000000000000182e-01 1.415869999999999976e-02
2.715000000000000191e-01 1.478600000000000053e-02
2.725000000000000200e-01 1.543850000000000083e-02
2.735000000000000209e-01 1.611699999999999938e-02
2.745000000000000218e-01 1.682260000000000005e-02
2.755000000000000226e-01 1.755620000000000097e-02
2.765000000000000235e-01 1.831860000000000085e-02
2.775000000000000244e-01 1.911099999999999952e-02
2.785000000000000253e-01 1.993429999999999855e-02
2.795000000000000262e-01 2.078959999999999836e-02
2.805000000000000271e-01 2.167799999999999935e-02
2.814999999999999725e-01 2.260059999999999847e-02
2.824999999999999734e-01 2.355849999999999958e-02
2.834999999999999742e-01 2.455289999999999903e-02
2.844999999999999751e-01 2.558500000000000010e-02
2.854999999999999760e-01 2.665609999999999855e-02
2.864999999999999769e-01 2.776730000000000170e-02
2.874999999999999778e-01 2.892010000000000067e-02
2.884999999999999787e-01 3.011569999999999872e-02
2.894999999999999796e-01 3.135550000000000143e-02
2.904999999999999805e-01 3.264090000000000047e-02
2.914999999999999813e-01 3.397329999999999794e-02
2.924999999999999822e-01 3.535420000000000229e-02
2.934999999999999831e-01 3.678519999999999707e-02
2.944999999999999840e-01 3.826770000000000171e-02
2.954999999999999849e-01 3.980329999999999979e-02
2.964999999999999858e-01 4.139360000000000261e-02
2.974999999999999867e-01 4.304039999999999949e-02
2.984999999999999876e-01 4.474519999999999886e-02
2.994999999999999885e-01 4.650979999999999698e-02
3.004999999999999893e-01 4.833599999999999702e-02
3.014999999999999902e-01 5.022549999999999931e-02
3.024999999999999911e-01 5.218029999999999891e-02
3.034999999999999920e-01 5.420210000000000305e-02
3.044999999999999929e-01 5.629289999999999988e-02
3.054999999999999938e-01 5.845469999999999833e-02
3.064999999999999947e-01 6.068939999999999751e-02
3.074999999999999956e-01 6.299920000000000520e-02
3.084999999999999964e-01 6.538599999999999968e-02
3.094999999999999973e-01 6.785190000000000665e-02
3.104999999999999982e-01 7.039929999999999799e-02
3.114999999999999991e-01 7.303010000000000057e-02
3.125000000000000000e-01 7.574680000000000302e-02
3.135000000000000009e-01 7.855149999999999633e-02
3.145000000000000018e-01 8.144659999999999400e-02
3.155000000000000027e-01 8.443449999999999567e-02
3.165000000000000036e-01 8.751749999999999807e-02
3.175000000000000044e-01 9.069800000000000084e-02
3.185000000000000053e-01 9.397869999999999835e-02
3.195000000000000062e-01 9.736190000000000122e-02
3.205000000000000071e-01 1.008503000000000038e-01
3.215000000000000080e-01 1.044464999999999977e-01
3.225000000000000089e-01 1.081529999999999991e-01
3.235000000000000098e-01 1.119726000000000055e-01
3.245000000000000107e-01 1.159079999999999971e-01
3.255000000000000115e-01 1.199619999999999992e-01
3.265000000000000124e-01 1.241373000000000060e-01
3.275000000000000133e-01 1.284367999999999899e-01
3.285000000000000142e-01 1.328633999999999926e-01
3.295000000000000151e-01 1.374199000000000115e-01
3.305000000000000160e-01 1.421092999999999940e-01
3.315000000000000169e-01 1.469344999999999957e-01
3.325000000000000178e-01 1.518986999999999976e-01
3.335000000000000187e-01 1.570046999999999970e-01
3.345000000000000195e-01 1.622558000000000056e-01
3.355000000000000204e-01 1.676548999999999956e-01
3.365000000000000213e-01 1.732053000000000065e-01
3.375000000000000222e-01 1.789100999999999886e-01
3.385000000000000231e-01 1.847726000000000091e-01
3.395000000000000240e-01 1.907957999999999876e-01
3.405000000000000249e-01 1.969830999999999943e-01
3.415000000000000258e-01 2.033378000000000130e-01
3.425000000000000266e-01 2.098630999999999969e-01
3.435000000000000275e-01 2.165623999999999882e-01
3.444999999999999729e-01 2.234389999999999987e-01
3.454999999999999738e-01 2.304962000000000122e-01
3.464999999999999747e-01 2.377374999999999905e-01
3.474999999999999756e-01 2.451663000000000037e-01
3.484999999999999765e-01 2.527858000000000049e-01
3.494999999999999774e-01 2.605996999999999897e-01
3.504999999999999782e-01 2.686111999999999944e-01
3.514999999999999791e-01 2.768239000000000116e-01
3.524999999999999800e-01 2.852411999999999725e-01
3.534999999999999809e-01 2.938665999999999778e-01
3.544999999999999818e-01 3.027034000000000113e-01
3.554999999999999827e-01 3.117552000000000101e-01
3.564999999999999836e-01 3.210255000000000192e-01
3.574999999999999845e-01 3.305176000000000225e-01
3.584999999999999853e-01 3.402350000000000096e-01
3.594999999999999862e-01 3.501812000000000258e-01
3.604999999999999871e-01 3.603596000000000021e-01
3.614999999999999880e-01 3.707736999999999838e-01
3.624999999999999889e-01 3.814267000000000074e-01
3.634999999999999898e-01 3.923222000000000098e-01
3.644999999999999907e-01 4.034634999999999749e-01
3.654999999999999916e-01 4.148537999999999948e-01
3.664999999999999925e-01 4.264967000000000064e-01
3.674999999999999933e-01 4.383951999999999849e-01
3.684999999999999942e-01 4.505527999999999755e-01
3.694999999999999951e-01 4.629725000000000090e-01
3.704999999999999960e-01 4.756577000000000166e-01
3.714999999999999969e-01 4.886113999999999735e-01
3.724999999999999978e-01 5.018367999999999718e-01
3.734999999999999987e-01 5.153368999999999867e-01
3.744999999999999996e-01 5.291147000000000489e-01
3.755000000000000004e-01 5.431730999999999643e-01
3.765000000000000013e-01 5.575151999999999886e-01
3.775000000000000022e-01 5.721437000000000328e-01
3.785000000000000031e-01 5.870613999999999555e-01
3.795000000000000040e-01 6.022710000000000008e-01
3.805000000000000049e-01 6.177751000000000214e-01
3.815000000000000058e-01 6.335764000000000395e-01
3.825000000000000067e-01 6.496773000000000131e-01
3.835000000000000075e-01 6.660802999999999585e-01
3.845000000000000084e-01 6.827876999999999974e-01
3.855000000000000093e-01 6.998016999999999710e-01
3.865000000000000102e-01 7.171245000000000536e-01
3.875000000000000111e-01 7.347582000000000280e-01
3.885000000000000120e-01 7.527047000000000043e-01
3.895000000000000129e-01 7.709660000000000402e-01
3.905000000000000138e-01 7.895438000000000178e-01
3.915000000000000147e-01 8.084396999999999833e-01
3.925000000000000155e-01 8.276552999999999827e-01
3.935000000000000164e-01 8.471921000000000035e-01
3.945000000000000173e-01 8.670514000000000276e-01
3.955000000000000182e-01 8.872343999999999786e-01
3.965000000000000191e-01 9.077420999999999962e-01
3.975000000000000200e-01 9.285754999999999981e-01
3.985000000000000209e-01 9.497354999999999547e-01
3.995000000000000218e-01 9.712228000000000527e-01
4.005000000000000226e-01 9.930377999999999705e-01
4.015000000000000235e-01 1.015180999999999889e+00
4.025000000000000244e-01 1.037652699999999983e+00
4.035000000000000253e-01 1.060452900000000032e+00
4.045000000000000262e-01 1.083581700000000092e+00
4.055000000000000271e-01 1.107038900000000048e+00
4.064999999999999725e-01 1.130824199999999946e+00
4.074999999999999734e-01 1.154937000000000102e+00
4.084999999999999742e-01 1.179376600000000108e+00
4.094999999999999751e-01 1.204142400000000057e+00
4.104999999999999760e-01 1.229233199999999915e+00
4.114999999999999769e-01 1.254647899999999927e+00
4.124999999999999778e-01 1.280385200000000001e+00
4.134999999999999787e-01 1.306443599999999927e+00
4.144999999999999796e-01 1.332821299999999987e+00
4.154999999999999805e-01 1.359516600000000075e+00
4.164999999999999813e-01 1.386527300000000018e+00
4.174999999999999822e-01 1.413851299999999922e+00
4.184999999999999831e-01 1.441486000000000045e+00
4.194999999999999840e-01 1.469429000000000096e+00
4.204999999999999849e-01 1.497677399999999936e+00
4.214999999999999858e-01 1.526228200000000035e+00
4.224999999999999867e-01 1.555078200000000077e+00
4.234999999999999876e-01 1.584224099999999913e+00
4.244999999999999885e-01 1.613662200000000047e+00
4.254999999999999893e-01 1.643388899999999930e+00
4.264999999999999902e-01 1.673400100000000057e+00
4.274999999999999911e-01 1.703691599999999973e+00
4.284999999999999920e-01 1.734259100000000053e+00
4.294999999999999929e-01 1.765098000000000056e+00
4.304999999999999938e-01 1.796203599999999900e+00
4.314999999999999947e-01 1.827570799999999940e+00
4.324999999999999956e-01 1.859194500000000083e+00
4.334999999999999964e-01 1.891069200000000006e+00
4.344999999999999973e-01 1.923189500000000107e+00
4.354999999999999982e-01 1.955549500000000052e+00
4.364999999999999991e-01 1.988143299999999947e+00
4.375000000000000000e-01 2.020964600000000111e+00
4.385000000000000009e-01 2.054006999999999916e+00
4.395000000000000018e-01 2.087263999999999786e+00
4.405000000000000027e-01 2.120728800000000192e+00
4.415000000000000036e-01 2.154394299999999873e+00
4.425000000000000044e-01 2.188253500000000074e+00
4.435000000000000053e-01 2.222298900000000188e+00
4.445000000000000062e-01 2.256522900000000220e+00
4.455000000000000071e-01 2.290917799999999893e+00
4.465000000000000080e-01 2.325475700000000145e+00
4.475000000000000089e-01 2.360188400000000186e+00
4.485000000000000098e-01 2.395047599999999832e+00
4.495000000000000107e-01 2.430044800000000116e+00
4.505000000000000115e-01 2.465171199999999896e+00
4.515000000000000124e-01 2.500418199999999924e+00
4.525000000000000133e-01 2.535776499999999878e+00
4.535000000000000142e-01 2.571237099999999831e+00
4.545000000000000151e-01 2.606790499999999788e+00
4.555000000000000160e-01 2.642427200000000198e+00
4.565000000000000169e-01 2.678137500000000060e+00
4.575000000000000178e-01 2.713911700000000149e+00
4.585000000000000187e-01 2.749739599999999839e+00
4.595000000000000195e-01 2.785611199999999954e+00
4.605000000000000204e-01 2.821516100000000193e+00
4.615000000000000213e-01 2.857444000000000095e+00
4.625000000000000222e-01 2.893384300000000131e+00
4.635000000000000231e-01 2.929326300000000050e+00
4.645000000000000240e-01 2.965259200000000206e+00
4.655000000000000249e-01 3.001171999999999951e+00
4.665000000000000258e-01 3.037053799999999804e+00
4.675000000000000266e-01 3.072893399999999886e+00
4.685000000000000275e-01 3.108679500000000040e+00
4.694999999999999729e-01 3.144400800000000107e+00
4.704999999999999738e-01 3.180045900000000092e+00
4.714999999999999747e-01 3.215603199999999884e+00
4.724999999999999756e-01 3.251061200000000095e+00
4.734999999999999765e-01 3.286408100000000054e+00
4.744999999999999774e-01 3.321632300000000093e+00
4.754999999999999782e-01 3.356721999999999984e+00
4.764999999999999791e-01 3.391665199999999825e+00
4.774999999999999800e-01 3.426450200000000113e+00
4.784999999999999809e-01 3.461064900000000222e+00
4.794999999999999818e-01 3.495497499999999924e+00
4.804999999999999827e-01 3.529735899999999926e+00
4.814999999999999836e-01 3.563768099999999883e+00
4.824999999999999845e-01 3.597582200000000174e+00
4.834999999999999853e-01 3.631165900000000057e+00
4.844999999999999862e-01 3.664507500000000029e+00
4.854999999999999871e-01 3.697594800000000070e+00
4.864999999999999880e-01 3.730415799999999837e+00
4.874999999999999889e-01 3.762958499999999873e+00
4.884999999999999898e-01 3.795211099999999949e+00
4.894999999999999907e-01 3.827161700000000000e+00
4.904999999999999916e-01 3.858798300000000125e+00
4.914999999999999925e-01 3.890109100000000097e+00
4.924999999999999933e-01 3.921082499999999804e+00
4.934999999999999942e-01 3.951706699999999906e+00
4.944999999999999951e-01 3.981970099999999846e+00
4.954999999999999960e-01 4.011861299999999630e+00
4.964999999999999969e-01 4.041368799999999872e+00
4.974999999999999978e-01 4.070481299999999969e+00
4.984999999999999987e-01 4.099187599999999598e+00
4.994999999999999996e-01 4.127476500000000215e+00
5.004999999999999449e-01 4.155337000000000280e+00
5.014999999999999458e-01 4.182758299999999707e+00
5.024999999999999467e-01 4.209729699999999575e+00
5.034999999999999476e-01 4.236240600000000356e+00
5.044999999999999485e-01 4.262280500000000139e+00
5.054999999999999494e-01 4.287839199999999629e+00
5.064999999999999503e-01 4.312906500000000420e+00
5.074999999999999512e-01 4.337472400000000228e+00
5.084999999999999520e-01 4.361527299999999663e+00
5.094999999999999529e-01 4.385061399999999665e+00
5.104999999999999538e-01 4.408065399999999912e+00
5.114999999999999547e-01 4.430530000000000079e+00
5.124999999999999556e-01 4.452446199999999799e+00
5.134999999999999565e-01 4.473805300000000429e+00
5.144999999999999574e-01 4.494598599999999777e+00
5.154999999999999583e-01 4.514817700000000045e+00
5.164999999999999591e-01 4.534454499999999832e+00
5.174999999999999600e-01 4.553500999999999799e+00
5.184999999999999609e-01 4.571949499999999666e+00
5.194999999999999618e-01 4.589792600000000000e+00
5.204999999999999627e-01 4.607023200000000429e+00
5.214999999999999636e-01 4.623634100000000302e+00
5.224999999999999645e-01 4.639618699999999762e+00
5.234999999999999654e-01 4.654970500000000122e+00
5.244999999999999662e-01 4.669683400000000262e+00
5.254999999999999671e-01 4.683751499999999623e+00
5.264999999999999680e-01 4.697168999999999706e+00
5.274999999999999689e-01 4.709930599999999856e+00
5.284999999999999698e-01 4.722031300000000265e+00
5.294999999999999707e-01 4.733466100000000232e+00
5.304999999999999716e-01 4.744230599999999853e+00
5.314999999999999725e-01 4.754320500000000393e+00
5.324999999999999734e-01 4.763731800000000405e+00
5.334999999999999742e-01 4.772460999999999842e+00
5.344999999999999751e-01 4.780504500000000156e+00
5.354999999999999760e-01 4.787859499999999713e+00
5.364999999999999769e-01 4.794522999999999868e+00
5.374999999999999778e-01 4.800492600000000110e+00
5.384999999999999787e-01 4.805766199999999877e+00
5.394999999999999796e-01 4.810341799999999779e+00
5.404999999999999805e-01 4.814218000000000330e+00
5.414999999999999813e-01 4.817393400000000270e+00
5.424999999999999822e-01 4.819867200000000018e+00
5.434999999999999831e-01 4.821638599999999997e+00
5.444999999999999840e-01 4.822707300000000252e+00
5.454999999999999849e-01 4.823073400000000177e+00
5.464999999999999858e-01 4.822737000000000052e+00
5.474999999999999867e-01 4.821698699999999782e+00
5.484999999999999876e-01 4.819959500000000396e+00
5.494999999999999885e-01 4.817520400000000258e+00
5.504999999999999893e-01 4.814383099999999693e+00
5.514999999999999902e-01 4.810549299999999917e+00
5.524999999999999911e-01 4.806021000000000321e+00
5.534999999999999920e-01 4.800800699999999921e+00
5.544999999999999929e-01 4.794890999999999792e+00
5.554999999999999938e-01 4.788294999999999746e+00
5.564999999999999947e-01 4.781015799999999594e+00
5.574999999999999956e-01 4.773056999999999661e+00
5.584999999999999964e-01 4.764422500000000227e+00
5.594999999999999973e-01 4.755116400000000354e+00
5.604999999999999982e-01 4.745142999999999667e+00
5.614999999999999991e-01 4.734507100000000079e+00
5.625000000000000000e-01 4.723213600000000234e+00
5.635000000000000009e-01 4.711267600000000222e+00
5.645000000000000018e-01 4.698674699999999760e+00
5.655000000000000027e-01 4.685440599999999733e+00
5.665000000000000036e-01 4.671571300000000093e+00
5.675000000000000044e-01 4.657073099999999855e+00
5.685000000000000053e-01 4.641952299999999809e+00
5.695000000000000062e-01 4.626215799999999767e+00
5.705000000000000071e-01 4.609870500000000426e+00
5.715000000000000080e-01 4.592923599999999773e+00
5.725000000000000089e-01 4.575382499999999908e+00
5.735000000000000098e-01 4.557254900000000220e+00
5.745000000000000107e-01 4.538548600000000377e+00
5.755000000000000115e-01 4.519271700000000003e+00
5.765000000000000124e-01 4.499432500000000168e+00
5.775000000000000133e-01 4.479039399999999560e+00
5.785000000000000142e-01 4.458101100000000372e+00
5.795000000000000151e-01 4.436626399999999748e+00
5.805000000000000160e-01 4.414624400000000115e+00
5.815000000000000169e-01 4.392104200000000347e+00
5.825000000000000178e-01 4.369075300000000439e+00
5.835000000000000187e-01 4.345547200000000387e+00
5.845000000000000195e-01 4.321529499999999580e+00
5.855000000000000204e-01 4.297032100000000021e+00
5.865000000000000213e-01 4.272064999999999557e+00
5.875000000000000222e-01 4.246638299999999866e+00
5.885000000000000231e-01 4.220762200000000242e+00
5.895000000000000240e-01 4.194447000000000259e+00
5.905000000000000249e-01 4.167703300000000333e+00
5.915000000000000258e-01 4.140541599999999711e+00
5.925000000000000266e-01 4.112972700000000259e+00
5.935000000000000275e-01 4.085007199999999727e+00
5.945000000000000284e-01 4.056656099999999654e+00
5.955000000000000293e-01 4.027930399999999800e+00
5.965000000000000302e-01 3.998840899999999809e+00
5.975000000000000311e-01 3.969398899999999841e+00
5.985000000000000320e-01 3.939615400000000101e+00
5.995000000000000329e-01 3.909501800000000138e+00
6.005000000000000338e-01 3.879069100000000159e+00
6.015000000000000346e-01 3.848328799999999994e+00
6.025000000000000355e-01 3.817292099999999966e+00
6.035000000000000364e-01 3.785970400000000069e+00
6.045000000000000373e-01 3.754375000000000018e+00
6.055000000000000382e-01 3.722517400000000087e+00
6.065000000000000391e-01 3.690408899999999992e+00
6.075000000000000400e-01 3.658060900000000171e+00
6.085000000000000409e-01 3.625484900000000010e+00
6.095000000000000417e-01 3.592692099999999833e+00
6.105000000000000426e-01 3.559693900000000077e+00
6.115000000000000435e-01 3.526501699999999850e+00
6.125000000000000444e-01 3.493126699999999918e+00
6.135000000000000453e-01 3.459580199999999994e+00
6.145000000000000462e-01 3.425873499999999794e+00
6.155000000000000471e-01 3.392017699999999802e+00
6.165000000000000480e-01 3.358023900000000062e+00
6.175000000000000488e-01 3.323903200000000169e+00
6.185000000000000497e-01 3.289666500000000049e+00
6.195000000000000506e-01 3.255324799999999907e+00
6.205000000000000515e-01 3.220888899999999833e+00
6.215000000000000524e-01 3.186369599999999913e+00
6.225000000000000533e-01 3.151777599999999957e+00
6.235000000000000542e-01 3.117123400000000100e+00
6.245000000000000551e-01 3.082417500000000032e+00
6.254999999999999449e-01 3.047670399999999891e+00
6.264999999999999458e-01 3.012892200000000020e+00
6.274999999999999467e-01 2.978093199999999996e+00
6.284999999999999476e-01 2.943283300000000047e+00
6.294999999999999485e-01 2.908472699999999911e+00
6.304999999999999494e-01 2.873670999999999864e+00
6.314999999999999503e-01 2.838887900000000020e+00
6.324999999999999512e-01 2.804133100000000045e+00
6.334999999999999520e-01 2.769415899999999819e+00
6.344999999999999529e-01 2.734745600000000110e+00
6.354999999999999538e-01 2.700131400000000070e+00
6.364999999999999547e-01 2.665582199999999791e+00
6.374999999999999556e-01 2.631107000000000085e+00
6.384999999999999565e-01 2.596714400000000200e+00
6.394999999999999574e-01 2.562412899999999993e+00
6.404999999999999583e-01 2.528211100000000044e+00
6.414999999999999591e-01 2.494117000000000139e+00
6.424999999999999600e-01 2.460138800000000181e+00
6.434999999999999609e-01 2.426284499999999955e+00
6.444999999999999618e-01 2.392561600000000066e+00
6.454999999999999627e-01 2.358978000000000019e+00
6.464999999999999636e-01 2.325540900000000022e+00
6.474999999999999645e-01 2.292257499999999837e+00
6.484999999999999654e-01 2.259135099999999952e+00
6.494999999999999662e-01 2.226180499999999896e+00
6.504999999999999671e-01 2.193400299999999969e+00
6.514999999999999680e-01 2.160801199999999866e+00
6.524999999999999689e-01 2.128389600000000215e+00
6.534999999999999698e-01 2.096171599999999913e+00
6.544999999999999707e-01 2.064153399999999916e+00
6.554999999999999716e-01 2.032340599999999942e+00
6.564999999999999725e-01 2.000738999999999823e+00
6.574999999999999734e-01 1.969354100000000107e+00
6.584999999999999742e-01 1.938191199999999892e+00
6.594999999999999751e-01 1.907255399999999934e+00
6.604999999999999760e-01 1.876551700000000045e+00
6.614999999999999769e-01 1.846084899999999918e+00
6.624999999999999778e-01 1.815859600000000018e+00
6.634999999999999787e-01 1.785880099999999970e+00
6.644999999999999796e-01 1.756150700000000064e+00
6.654999999999999805e-01 1.726675600000000088e+00
6.664999999999999813e-01 1.697458499999999981e+00
6.674999999999999822e-01 1.668503300000000023e+00
6.684999999999999831e-01 1.639813399999999977e+00
6.694999999999999840e-01 1.611392200000000052e+00
6.704999999999999849e-01 1.583242999999999956e+00
6.714999999999999858e-01 1.555368700000000048e+00
6.724999999999999867e-01 1.527772300000000083e+00
6.734999999999999876e-01 1.500456299999999965e+00
6.744999999999999885e-01 1.473423499999999997e+00
6.754999999999999893e-01 1.446676000000000073e+00
6.764999999999999902e-01 1.420216200000000040e+00
6.774999999999999911e-01 1.394045999999999896e+00
6.784999999999999920e-01 1.368167399999999922e+00
6.794999999999999929e-01 1.342582100000000001e+00
6.804999999999999938e-01 1.317291599999999896e+00
6.814999999999999947e-01 1.292297400000000041e+00
6.824999999999999956e-01 1.267600800000000083e+00
6.834999999999999964e-01 1.243202799999999941e+00
6.844999999999999973e-01 1.219104500000000035e+00
6.854999999999999982e-01 1.195306699999999944e+00
6.864999999999999991e-01 1.171810100000000077e+00
6.875000000000000000e-01 1.148615299999999895e+00
6.885000000000000009e-01 1.125722600000000018e+00
6.895000000000000018e-01 1.103132299999999955e+00
6.905000000000000027e-01 1.080844700000000103e+00
6.915000000000000036e-01 1.058859699999999959e+00
6.925000000000000044e-01 1.037177199999999910e+00
6.935000000000000053e-01 1.015797000000000061e+00
6.945000000000000062e-01 9.947188000000000141e-01
6.955000000000000071e-01 9.739421000000000328e-01
6.965000000000000080e-01 9.534664000000000472e-01
6.975000000000000089e-01 9.332909000000000344e-01
6.985000000000000098e-01 9.134147999999999712e-01
6.995000000000000107e-01 8.938372999999999458e-01
7.005000000000000115e-01 8.745572999999999819e-01
7.015000000000000124e-01 8.555738000000000509e-01
7.025000000000000133e-01 8.368854000000000015e-01
7.035000000000000142e-01 8.184909999999999686e-01
7.045000000000000151e-01 8.003890999999999645e-01
7.055000000000000160e-01 7.825782999999999490e-01
7.065000000000000169e-01 7.650569000000000397e-01
7.075000000000000178e-01 7.478232999999999686e-01
7.085000000000000187e-01 7.308757999999999644e-01
7.095000000000000195e-01 7.142125999999999753e-01
7.105000000000000204e-01 6.978317000000000547e-01
7.115000000000000213e-01 6.817311999999999816e-01
7.125000000000000222e-01 6.659089999999999732e-01
7.135000000000000231e-01 6.503632000000000302e-01
7.145000000000000240e-01 6.350913999999999726e-01
7.155000000000000249e-01 6.200913999999999593e-01
7.165000000000000258e-01 6.053610999999999853e-01
7.175000000000000266e-01 5.908978999999999759e-01
7.185000000000000275e-01 5.766995999999999789e-01
7.195000000000000284e-01 5.627636999999999778e-01
7.205000000000000293e-01 5.490876000000000090e-01
7.215000000000000302e-01 5.356687999999999450e-01
7.225000000000000311e-01 5.225047999999999915e-01
7.235000000000000320e-01 5.095929000000000153e-01
7.245000000000000329e-01 4.969303999999999943e-01
7.255000000000000338e-01 4.845146000000000175e-01
7.265000000000000346e-01 4.723428000000000071e-01
7.275000000000000355e-01 4.604121999999999937e-01
7.285000000000000364e-01 4.487201000000000106e-01
7.295000000000000373e-01 4.372634000000000243e-01
7.305000000000000382e-01 4.260395000000000154e-01
7.315000000000000391e-01 4.150455000000000116e-01
7.325000000000000400e-01 4.042783999999999822e-01
7.335000000000000409e-01 3.937353000000000103e-01
7.345000000000000417e-01 3.834133000000000124e-01
7.355000000000000426e-01 3.733094000000000134e-01
7.365000000000000435e-01 3.634207999999999883e-01
7.375000000000000444e-01 3.537443000000000115e-01
7.385000000000000453e-01 3.442771000000000026e-01
7.395000000000000462e-01 3.350161999999999862e-01
7.405000000000000471e-01 3.259584999999999844e-01
7.415000000000000480e-01 3.171010000000000217e-01
7.425000000000000488e-01 3.084409000000000178e-01
7.435000000000000497e-01 2.999749999999999917e-01
7.445000000000000506e-01 2.917004000000000263e-01
7.455000000000000515e-01 2.836140999999999801e-01
7.465000000000000524e-01 2.757130999999999887e-01
7.475000000000000533e-01 2.679944000000000215e-01
7.485000000000000542e-01 2.604550999999999950e-01
7.495000000000000551e-01 2.530922999999999923e-01
7.504999999999999449e-01 2.459028000000000047e-01
7.514999999999999458e-01 2.388839000000000101e-01
7.524999999999999467e-01 2.320326000000000055e-01
7.534999999999999476e-01 2.253459999999999908e-01
7.544999999999999485e-01 2.188210999999999906e-01
7.554999999999999494e-01 2.124552000000000107e-01
7.564999999999999503e-01 2.062452999999999925e-01
7.574999999999999512e-01 2.001886999999999972e-01
7.584999999999999520e-01 1.942823999999999940e-01
7.594999999999999529e-01 1.885236999999999885e-01
7.604999999999999538e-01 1.829098999999999864e-01
7.614999999999999547e-01 1.774380999999999875e-01
7.624999999999999556e-01 1.721055999999999975e-01
7.634999999999999565e-01 1.669096999999999942e-01
7.644999999999999574e-01 1.618478000000000139e-01
7.654999999999999583e-01 1.569172000000000067e-01
7.664999999999999591e-01 1.521152000000000060e-01
7.674999999999999600e-01 1.474392999999999954e-01
7.684999999999999609e-01 1.428868000000000082e-01
7.694999999999999618e-01 1.384553000000000034e-01
7.704999999999999627e-01 1.341420999999999863e-01
7.714999999999999636e-01 1.299449000000000021e-01
7.724999999999999645e-01 1.258612000000000064e-01
7.734999999999999654e-01 1.218883999999999940e-01
7.744999999999999662e-01 1.180242999999999987e-01
7.754999999999999671e-01 1.142664999999999931e-01
7.764999999999999680e-01 1.106125000000000025e-01
7.774999999999999689e-01 1.070601999999999943e-01
7.784999999999999698e-01 1.036072999999999994e-01
7.794999999999999707e-01 1.002514000000000044e-01
7.804999999999999716e-01 9.699040000000000439e-02
7.814999999999999725e-01 9.382219999999999449e-02
7.824999999999999734e-01 9.074450000000000571e-02
7.834999999999999742e-01 8.775520000000000542e-02
7.844999999999999751e-01 8.485239999999999450e-02
7.854999999999999760e-01 8.203380000000000394e-02
7.864999999999999769e-01 7.929759999999999587e-02
7.874999999999999778e-01 7.664169999999999316e-02
7.884999999999999787e-01 7.406419999999999670e-02
7.894999999999999796e-01 7.156319999999999348e-02
7.904999999999999805e-01 6.913669999999999538e-02
7.914999999999999813e-01 6.678299999999999514e-02
7.924999999999999822e-01 6.450010000000000465e-02
7.934999999999999831e-01 6.228650000000000159e-02
7.944999999999999840e-01 6.014010000000000189e-02
7.954999999999999849e-01 5.805950000000000000e-02
7.964999999999999858e-01 5.604279999999999679e-02
7.974999999999999867e-01 5.408840000000000175e-02
7.984999999999999876e-01 5.219469999999999665e-02
7.994999999999999885e-01 5.036009999999999792e-02
8.004999999999999893e-01 4.858300000000000118e-02
8.014999999999999902e-01 4.686189999999999800e-02
8.024999999999999911e-01 4.519530000000000075e-02
8.034999999999999920e-01 4.358170000000000099e-02
8.044999999999999929e-01 4.201970000000000011e-02
8.054999999999999938e-01 4.050779999999999659e-02
8.064999999999999947e-01 3.904479999999999756e-02
8.074999999999999956e-01 3.762920000000000154e-02
8.084999999999999964e-01 3.625969999999999888e-02
8.094999999999999973e-01 3.493500000000000077e-02
8.104999999999999982e-01 3.365390000000000048e-02
8.114999999999999991e-01 3.241510000000000224e-02
8.125000000000000000e-01 3.121739999999999932e-02
8.135000000000000009e-01 3.005970000000000170e-02
8.145000000000000018e-01 2.894069999999999976e-02
8.155000000000000027e-01 2.785930000000000004e-02
8.165000000000000036e-01 2.681450000000000153e-02
8.175000000000000044e-01 2.580520000000000036e-02
8.185000000000000053e-01 2.483020000000000019e-02
8.195000000000000062e-01 2.388869999999999882e-02
8.205000000000000071e-01 2.297959999999999933e-02
8.215000000000000080e-01 2.210180000000000131e-02
8.225000000000000089e-01 2.125449999999999909e-02
8.235000000000000098e-01 2.043680000000000149e-02
8.245000000000000107e-01 1.964770000000000058e-02
8.255000000000000115e-01 1.888630000000000170e-02
8.265000000000000124e-01 1.815179999999999919e-02
8.275000000000000133e-01 1.744329999999999839e-02
8.285000000000000142e-01 1.676010000000000000e-02
8.295000000000000151e-01 1.610129999999999895e-02
8.305000000000000160e-01 1.546619999999999939e-02
8.315000000000000169e-01 1.485389999999999974e-02
8.325000000000000178e-01 1.426389999999999950e-02
8.335000000000000187e-01 1.369530000000000053e-02
8.345000000000000195e-01 1.314740000000000006e-02
8.355000000000000204e-01 1.261959999999999991e-02
8.365000000000000213e-01 1.211130000000000019e-02
8.375000000000000222e-01 1.162179999999999984e-02
8.385000000000000231e-01 1.115039999999999955e-02
8.395000000000000240e-01 1.069660000000000055e-02
8.405000000000000249e-01 1.025979999999999948e-02
8.415000000000000258e-01 9.839399999999999882e-03
8.425000000000000266e-01 9.434800000000000131e-03
8.435000000000000275e-01 9.045600000000000862e-03
8.445000000000000284e-01 8.671099999999999294e-03
8.455000000000000293e-01 8.311000000000000679e-03
8.465000000000000302e-01 7.964600000000000499e-03
8.475000000000000311e-01 7.631599999999999669e-03
8.485000000000000320e-01 7.311400000000000017e-03
8.495000000000000329e-01 7.003699999999999856e-03
8.505000000000000338e-01 6.707900000000000147e-03
8.515000000000000346e-01 6.423700000000000070e-03
8.525000000000000355e-01 6.150599999999999991e-03
8.535000000000000364e-01 5.888299999999999958e-03
8.545000000000000373e-01 5.636300000000000338e-03
8.555000000000000382e-01 5.394399999999999716e-03
8.565000000000000391e-01 5.162100000000000195e-03
8.575000000000000400e-01 4.938999999999999814e-03
8.585000000000000409e-01 4.724899999999999760e-03
8.595000000000000417e-01 4.519399999999999806e-03
8.605000000000000426e-01 4.322300000000000274e-03
8.615000000000000435e-01 4.133099999999999795e-03
8.625000000000000444e-01 3.951600000000000425e-03
8.635000000000000453e-01 3.777599999999999882e-03
8.645000000000000462e-01 3.610700000000000107e-03
8.655000000000000471e-01 3.450599999999999848e-03
8.665000000000000480e-01 3.297200000000000131e-03
8.675000000000000488e-01 3.150099999999999862e-03
8.685000000000000497e-01 3.009200000000000069e-03
8.695000000000000506e-01 2.874100000000000092e-03
8.705000000000000515e-01 2.744700000000000091e-03
8.715000000000000524e-01 2.620700000000000113e-03
8.725000000000000533e-01 2.501999999999999884e-03
8.735000000000000542e-01 2.388299999999999885e-03
8.745000000000000551e-01 2.279400000000000003e-03
8.754999999999999449e-01 2.175199999999999963e-03
8.764999999999999458e-01 2.075399999999999814e-03
8.774999999999999467e-01 1.979999999999999989e-03
8.784999999999999476e-01 1.888600000000000044e-03
8.794999999999999485e-01 1.801199999999999980e-03
8.804999999999999494e-01 1.717599999999999899e-03
8.814999999999999503e-01 1.637599999999999906e-03
8.824999999999999512e-01 1.561099999999999944e-03
8.834999999999999520e-01 1.487999999999999956e-03
8.844999999999999529e-01 1.418100000000000046e-03
8.854999999999999538e-01 1.351200000000000101e-03
8.864999999999999547e-01 1.287399999999999959e-03
8.874999999999999556e-01 1.226300000000000046e-03
8.884999999999999565e-01 1.167999999999999984e-03
8.894999999999999574e-01 1.112300000000000094e-03
8.904999999999999583e-01 1.059100000000000102e-03
8.914999999999999591e-01 1.008299999999999952e-03
8.924999999999999600e-01 9.598000000000000195e-04
8.934999999999999609e-01 9.135000000000000325e-04
8.944999999999999618e-01 8.693000000000000423e-04
8.954999999999999627e-01 8.270999999999999923e-04
8.964999999999999636e-01 7.868999999999999910e-04
8.974999999999999645e-01 7.485000000000000334e-04
8.984999999999999654e-01 7.117999999999999544e-04
8.994999999999999662e-01 6.769000000000000277e-04
9.004999999999999671e-01 6.436000000000000314e-04
9.014999999999999680e-01 6.118000000000000174e-04
9.024999999999999689e-01 5.814999999999999857e-04
9.034999999999999698e-01 5.525999999999999879e-04
9.044999999999999707e-01 5.251000000000000242e-04
9.054999999999999716e-01 4.989000000000000379e-04
9.064999999999999725e-01 4.739000000000000265e-04
9.074999999999999734e-01 4.500999999999999901e-04
9.084999999999999742e-01 4.274999999999999829e-04
9.094999999999999751e-01 4.058999999999999999e-04
9.104999999999999760e-01 3.852999999999999871e-04
9.114999999999999769e-01 3.658000000000000010e-04
9.124999999999999778e-01 3.470999999999999802e-04
9.134999999999999787e-01 3.293999999999999836e-04
9.144999999999999796e-01 3.125000000000000065e-04
9.154999999999999805e-01 2.964999999999999971e-04
9.164999999999999813e-01 2.812000000000000046e-04
9.174999999999999822e-01 2.666999999999999774e-04
9.184999999999999831e-01 2.529000000000000215e-04
9.194999999999999840e-01 2.398000000000000012e-04
9.204999999999999849e-01 2.272999999999999955e-04
9.214999999999999858e-01 2.154000000000000044e-04
9.224999999999999867e-01 2.042000000000000033e-04
9.234999999999999876e-01 1.934999999999999871e-04
9.244999999999999885e-01 1.833000000000000102e-04
9.254999999999999893e-01 1.735999999999999913e-04
9.264999999999999902e-01 1.644000000000000116e-04
9.274999999999999911e-01 1.556999999999999899e-04
9.284999999999999920e-01 1.474000000000000050e-04
9.294999999999999929e-01 1.396000000000000051e-04
9.304999999999999938e-01 1.321000000000000126e-04
9.314999999999999947e-01 1.250000000000000026e-04
9.324999999999999956e-01 1.183000000000000024e-04
9.334999999999999964e-01 1.118999999999999959e-04
9.344999999999999973e-01 1.058999999999999991e-04
9.354999999999999982e-01 1.001999999999999961e-04
9.364999999999999991e-01 9.469999999999999794e-05
9.375000000000000000e-01 8.959999999999999595e-05
9.385000000000000009e-01 8.469999999999999881e-05
9.395000000000000018e-01 8.009999999999999542e-05
9.405000000000000027e-01 7.569999999999999689e-05
9.415000000000000036e-01 7.150000000000000322e-05
9.425000000000000044e-01 6.760000000000000329e-05
9.435000000000000053e-01 6.380000000000000580e-05
9.445000000000000062e-01 6.030000000000000204e-05
9.455000000000000071e-01 5.690000000000000071e-05
9.465000000000000080e-01 5.379999999999999989e-05
9.475000000000000089e-01 5.080000000000000151e-05
9.485000000000000098e-01 4.789999999999999879e-05
9.495000000000000107e-01 4.520000000000000092e-05
9.505000000000000115e-01 4.270000000000000114e-05
9.515000000000000124e-01 4.029999999999999701e-05
9.525000000000000133e-01 3.800000000000000209e-05
9.535000000000000142e-01 3.580000000000000283e-05
9.545000000000000151e-01 3.380000000000000165e-05
9.555000000000000160e-01 3.190000000000000290e-05
9.565000000000000169e-01 3.009999999999999980e-05
9.575000000000000178e-01 2.830000000000000010e-05
9.585000000000000187e-01 2.669999999999999847e-05
9.595000000000000195e-01 2.519999999999999928e-05
9.605000000000000204e-01 2.370000000000000009e-05
9.615000000000000213e-01 2.239999999999999899e-05
9.625000000000000222e-01 2.110000000000000127e-05
9.635000000000000231e-01 1.980000000000000016e-05
9.645000000000000240e-01 1.870000000000000053e-05
9.655000000000000249e-01 1.760000000000000090e-05
9.665000000000000258e-01 1.660000000000000031e-05
9.675000000000000266e-01 1.559999999999999972e-05
9.685000000000000275e-01 1.469999999999999986e-05
9.695000000000000284e-01 1.380000000000000001e-05
9.705000000000000293e-01 1.299999999999999920e-05
9.715000000000000302e-01 1.220000000000000008e-05
9.725000000000000311e-01 1.150000000000000001e-05
9.735000000000000320e-01 1.079999999999999993e-05
9.745000000000000329e-01 1.020000000000000060e-05
9.755000000000000338e-01 9.599999999999999566e-06
9.765000000000000346e-01 9.000000000000000228e-06
9.775000000000000355e-01 8.399999999999999196e-06
9.785000000000000364e-01 7.900000000000000595e-06
9.795000000000000373e-01 7.500000000000000190e-06
9.805000000000000382e-01 6.999999999999999895e-06
9.815000000000000391e-01 6.600000000000000337e-06
9.825000000000000400e-01 6.199999999999999931e-06
9.835000000000000409e-01 5.800000000000000373e-06
9.845000000000000417e-01 5.499999999999999857e-06
9.855000000000000426e-01 5.100000000000000299e-06
9.865000000000000435e-01 4.799999999999999783e-06
9.875000000000000444e-01 4.500000000000000114e-06
9.885000000000000453e-01 4.199999999999999598e-06
9.895000000000000462e-01 3.999999999999999819e-06
9.905000000000000471e-01 3.700000000000000150e-06
9.915000000000000480e-01 3.499999999999999947e-06
9.925000000000000488e-01 3.300000000000000168e-06
9.935000000000000497e-01 3.099999999999999966e-06
9.945000000000000506e-01 2.900000000000000186e-06
9.955000000000000515e-01 2.699999999999999984e-06
9.965000000000000524e-01 2.500000000000000205e-06
9.975000000000000533e-01 2.399999999999999891e-06
9.985000000000000542e-01 2.200000000000000112e-06
9.995000000000000551e-01 2.099999999999999799e-06
