5.000000000000000104e-04 4.240730330867163445e-01
1.500000000000000031e-03 4.426944218466132841e-01
2.500000000000000052e-03 4.255278290835832755e-01
3.500000000000000073e-03 4.504048406300081298e-01
4.499999999999999660e-03 4.472042894369008814e-01
5.499999999999999681e-03 4.472042894369008814e-01
6.499999999999999702e-03 4.790643217682871158e-01
7.499999999999999722e-03 4.792098013679738089e-01
8.500000000000000611e-03 4.901207713444759029e-01
9.499999999999999764e-03 4.952125573335102726e-01
1.050000000000000065e-02 5.019046189190982110e-01
1.149999999999999981e-02 5.101969561012398291e-01
1.250000000000000069e-02 5.161616196883943575e-01
1.349999999999999985e-02 5.328917736523642867e-01
1.450000000000000074e-02 5.263451916664629859e-01
1.549999999999999989e-02 5.458394580244801952e-01
1.650000000000000078e-02 5.499128868157076022e-01
1.750000000000000167e-02 5.627150915881368176e-01
1.849999999999999908e-02 5.740625003636989909e-01
1.949999999999999997e-02 5.794452455521067469e-01
2.050000000000000086e-02 6.147967882759736158e-01
2.149999999999999828e-02 6.088321246888191984e-01
2.249999999999999917e-02 6.142148698772268434e-01
2.350000000000000006e-02 6.145058290766002296e-01
2.450000000000000094e-02 6.303631054424500002e-01
2.549999999999999836e-02 6.353094118317976768e-01
2.649999999999999925e-02 6.505847697989006750e-01
2.750000000000000014e-02 6.652782093672569008e-01
2.850000000000000103e-02 6.786623325384327776e-01
2.949999999999999845e-02 6.936467313061623896e-01
3.049999999999999933e-02 7.070308544773383774e-01
3.150000000000000022e-02 7.106678444695057051e-01
3.250000000000000111e-02 7.188147020519606301e-01
3.350000000000000200e-02 7.385999276093512256e-01
3.450000000000000289e-02 7.452919891949392195e-01
3.549999999999999684e-02 7.562029591714413135e-01
3.649999999999999772e-02 7.687142047444971427e-01
3.749999999999999861e-02 7.819528483159863264e-01
3.849999999999999950e-02 8.085756150586516089e-01
3.950000000000000039e-02 8.178863094386000787e-01
4.050000000000000128e-02 8.225416566285743691e-01
4.150000000000000216e-02 8.379624941953639494e-01
4.250000000000000305e-02 8.583296381515013174e-01
4.349999999999999700e-02 8.779693841092052198e-01
4.449999999999999789e-02 8.885893948863339276e-01
4.549999999999999878e-02 9.134664064327587818e-01
4.649999999999999967e-02 9.125935288346386232e-01
4.750000000000000056e-02 9.542006943450334067e-01
4.850000000000000144e-02 9.595834395334411626e-01
4.950000000000000233e-02 9.649661847218488075e-01
5.050000000000000322e-02 9.876610022729732652e-01
5.149999999999999717e-02 1.002208962241642798e+00
5.249999999999999806e-02 1.015738565012505479e+00
5.349999999999999895e-02 1.032468718976475408e+00
5.449999999999999983e-02 1.035378310970209270e+00
5.550000000000000072e-02 1.060837240915381008e+00
5.650000000000000161e-02 1.114519213199771430e+00
5.750000000000000250e-02 1.103899202422642611e+00
5.850000000000000339e-02 1.150889113121445151e+00
5.949999999999999734e-02 1.159908848302020345e+00
6.049999999999999822e-02 1.163691317893874366e+00
6.149999999999999911e-02 1.214027259385470847e+00
6.250000000000000000e-02 1.205153003804582568e+00
6.350000000000000089e-02 1.239486189330642585e+00
6.450000000000000178e-02 1.284002946834771341e+00
6.550000000000000266e-02 1.278038283247616702e+00
6.650000000000000355e-02 1.294913916811273324e+00
6.750000000000000444e-02 1.324446275547672469e+00
6.850000000000000533e-02 1.328083265539840019e+00
6.950000000000000622e-02 1.350632603491277672e+00
7.049999999999999323e-02 1.404314575775668095e+00
7.149999999999999412e-02 1.414061708954676755e+00
7.249999999999999500e-02 1.448540374080423465e+00
7.349999999999999589e-02 1.483164518805856869e+00
7.449999999999999678e-02 1.506150295556354823e+00
7.549999999999999767e-02 1.535537174693067275e+00
7.649999999999999856e-02 1.535537174693067275e+00
7.749999999999999944e-02 1.552558287856410590e+00
7.850000000000000033e-02 1.611041086930461885e+00
7.950000000000000122e-02 1.615987393319809673e+00
8.050000000000000211e-02 1.654394007637097097e+00
8.150000000000000300e-02 1.686690478767543411e+00
8.250000000000000389e-02 1.733825869066032643e+00
8.350000000000000477e-02 1.740226971452247362e+00
8.450000000000000566e-02 1.784598249356689204e+00
8.550000000000000655e-02 1.818058557284629062e+00
8.649999999999999356e-02 1.871740529569019706e+00
8.749999999999999445e-02 1.880614785149907986e+00
8.849999999999999534e-02 1.921930991460929494e+00
8.949999999999999623e-02 1.961210483376337077e+00
9.049999999999999711e-02 2.001508332489551734e+00
9.149999999999999800e-02 2.049953039185221204e+00
9.249999999999999889e-02 2.060136611163289722e+00
9.349999999999999978e-02 2.118764889837028154e+00
9.450000000000000067e-02 2.138259156195045030e+00
9.550000000000000155e-02 2.192377567278495754e+00
9.650000000000000244e-02 2.249114611156306953e+00
9.750000000000000333e-02 2.286357388676100832e+00
9.850000000000000422e-02 2.314143992216259438e+00
9.950000000000000511e-02 2.368407882899397077e+00
1.005000000000000060e-01 2.430964110764675556e+00
1.015000000000000069e-01 2.435910417154023566e+00
1.024999999999999939e-01 2.509523094595491166e+00
1.034999999999999948e-01 2.598702089203435150e+00
1.044999999999999957e-01 2.616159641165838767e+00
1.054999999999999966e-01 2.656748449478426810e+00
1.064999999999999974e-01 2.695155063795714234e+00
1.074999999999999983e-01 2.732397841315508114e+00
1.084999999999999992e-01 2.803828324761675539e+00
1.095000000000000001e-01 2.866820991426014320e+00
1.105000000000000010e-01 2.877586481802830054e+00
1.115000000000000019e-01 2.964001364016726647e+00
1.125000000000000028e-01 3.005317570327748378e+00
1.135000000000000037e-01 3.087077105351670792e+00
1.145000000000000046e-01 3.115154668091203227e+00
1.155000000000000054e-01 3.187458029135490367e+00
1.165000000000000063e-01 3.264125778170378744e+00
1.174999999999999933e-01 3.320426383249129643e+00
1.184999999999999942e-01 3.412369490251121018e+00
1.194999999999999951e-01 3.443502124584073787e+00
1.204999999999999960e-01 3.555957855141889112e+00
1.214999999999999969e-01 3.560467722732176821e+00
1.224999999999999978e-01 3.639608624961739203e+00
1.234999999999999987e-01 3.692417719648009466e+00
1.244999999999999996e-01 3.830041420951622921e+00
1.255000000000000004e-01 3.839934033730318053e+00
1.265000000000000013e-01 3.950789488691579976e+00
1.275000000000000022e-01 4.056116718864747561e+00
1.285000000000000031e-01 4.123182814320313305e+00
1.295000000000000040e-01 4.212361808928258178e+00
1.305000000000000049e-01 4.331509601071661386e+00
1.315000000000000058e-01 4.337910703457875883e+00
1.325000000000000067e-01 4.432617922853913761e+00
1.335000000000000075e-01 4.516850611072510624e+00
1.345000000000000084e-01 4.546819408607969848e+00
1.355000000000000093e-01 4.681969956716909742e+00
1.365000000000000102e-01 4.772749226921407129e+00
1.375000000000000111e-01 4.860473425532484626e+00
1.385000000000000120e-01 4.970310523295939475e+00
1.395000000000000129e-01 5.088294478641849139e+00
1.405000000000000138e-01 5.137757542535325683e+00
1.414999999999999869e-01 5.198131576405303989e+00
1.424999999999999878e-01 5.308987031366565468e+00
1.434999999999999887e-01 5.390746566390488326e+00
1.444999999999999896e-01 5.478761724200938765e+00
1.454999999999999905e-01 5.655664917419960247e+00
1.464999999999999913e-01 5.740334044437616967e+00
1.474999999999999922e-01 5.814674119877517811e+00
1.484999999999999931e-01 5.956371249972359116e+00
1.494999999999999940e-01 6.030711325412259960e+00
1.504999999999999949e-01 6.133710881990440456e+00
1.514999999999999958e-01 6.188411211472637952e+00
1.524999999999999967e-01 6.334763688757453437e+00
1.534999999999999976e-01 6.383935793451556151e+00
1.544999999999999984e-01 6.442564072125294139e+00
1.554999999999999993e-01 6.534507179127285958e+00
1.565000000000000002e-01 6.610593009763427119e+00
1.575000000000000011e-01 6.767856457024744365e+00
1.585000000000000020e-01 6.819065276114461227e+00
1.595000000000000029e-01 6.880894105981306907e+00
1.605000000000000038e-01 6.932975802669143484e+00
1.615000000000000047e-01 6.943450333846585387e+00
1.625000000000000056e-01 7.026664664867375620e+00
1.635000000000000064e-01 7.081364994349572228e+00
1.645000000000000073e-01 7.108860638690358336e+00
1.655000000000000082e-01 7.195130041304568458e+00
1.665000000000000091e-01 7.164433845770675546e+00
1.675000000000000100e-01 7.248812013588958436e+00
1.685000000000000109e-01 7.217097460857258895e+00
1.695000000000000118e-01 7.268160800347288841e+00
1.705000000000000127e-01 7.264960249154182037e+00
1.715000000000000135e-01 7.337845528597216394e+00
1.724999999999999867e-01 7.314859751846718439e+00
1.734999999999999876e-01 7.361558703346147148e+00
1.744999999999999885e-01 7.281981362317525353e+00
1.754999999999999893e-01 7.331007987411941151e+00
1.764999999999999902e-01 7.367959805732361644e+00
1.774999999999999911e-01 7.311368241454237804e+00
1.784999999999999920e-01 7.353848284562752191e+00
1.794999999999999929e-01 7.265251208353554979e+00
1.804999999999999938e-01 7.204877174483576674e+00
1.814999999999999947e-01 7.253321881179246589e+00
1.824999999999999956e-01 7.185673867324933184e+00
1.834999999999999964e-01 7.180000162937151487e+00
1.844999999999999973e-01 7.148431089805138861e+00
1.854999999999999982e-01 7.096349393117302284e+00
1.864999999999999991e-01 7.071763340770250927e+00
1.875000000000000000e-01 6.926865659482301929e+00
1.885000000000000009e-01 6.831867480886890220e+00
1.895000000000000018e-01 6.858490247629555725e+00
1.905000000000000027e-01 6.737451220690225284e+00
1.915000000000000036e-01 6.707482423154766060e+00
1.925000000000000044e-01 6.695407616380770754e+00
1.935000000000000053e-01 6.584552161419508387e+00
1.945000000000000062e-01 6.466713685673285639e+00
1.955000000000000071e-01 6.374770578671294707e+00
1.965000000000000080e-01 6.299557625633273261e+00
1.975000000000000089e-01 6.201940814243500633e+00
1.985000000000000098e-01 6.128619096001406419e+00
1.995000000000000107e-01 6.067372184533307511e+00
2.005000000000000115e-01 5.949097269988024017e+00
2.015000000000000124e-01 5.973246883536015517e+00
2.025000000000000133e-01 5.780049975152084407e+00
2.034999999999999865e-01 5.753572688009105818e+00
2.044999999999999873e-01 5.621186252294213759e+00
2.054999999999999882e-01 5.543936584860578165e+00
2.064999999999999891e-01 5.449083885864853372e+00
2.074999999999999900e-01 5.339246788101398522e+00
2.084999999999999909e-01 5.313933337755913477e+00
2.094999999999999918e-01 5.193912668014389666e+00
2.104999999999999927e-01 5.107934224599553374e+00
2.114999999999999936e-01 5.033303189960278701e+00
2.124999999999999944e-01 4.929139796584604660e+00
2.134999999999999953e-01 4.834723536387939724e+00
2.144999999999999962e-01 4.810573922839948224e+00
2.154999999999999971e-01 4.668294874346360146e+00
2.164999999999999980e-01 4.531689530240553765e+00
2.174999999999999989e-01 4.445420127626343643e+00
2.184999999999999998e-01 4.361478398607120610e+00
2.195000000000000007e-01 4.384755134556991507e+00
2.205000000000000016e-01 4.275063516393223573e+00
2.215000000000000024e-01 4.196504532562408407e+00
2.225000000000000033e-01 4.107616497153837365e+00
2.235000000000000042e-01 4.057862474060987878e+00
2.245000000000000051e-01 3.960682101470275107e+00
2.255000000000000060e-01 3.904090537192150823e+00
2.265000000000000069e-01 3.805018929805511263e+00
2.275000000000000078e-01 3.759629294703262570e+00
2.285000000000000087e-01 3.724132272379709008e+00
2.295000000000000095e-01 3.594218989859490065e+00
2.305000000000000104e-01 3.523806863611129714e+00
2.315000000000000113e-01 3.458632002951490314e+00
2.325000000000000122e-01 3.445829798179060877e+00
2.335000000000000131e-01 3.326100087636910896e+00
2.344999999999999862e-01 3.315334597260095606e+00
2.354999999999999871e-01 3.193859131521704864e+00
2.364999999999999880e-01 3.137413046843267495e+00
2.374999999999999889e-01 3.118209739684623560e+00
2.384999999999999898e-01 3.089404778946657881e+00
2.394999999999999907e-01 2.973457537996361921e+00
2.404999999999999916e-01 2.947998608051190406e+00
2.414999999999999925e-01 2.876131685805962679e+00
2.424999999999999933e-01 2.805865039157289242e+00
2.434999999999999942e-01 2.775314323223083246e+00
2.444999999999999951e-01 2.728178932924593791e+00
2.454999999999999960e-01 2.687881083811379579e+00
2.464999999999999969e-01 2.594628660412207743e+00
2.474999999999999978e-01 2.556658484893980177e+00
2.484999999999999987e-01 2.533818187743169137e+00
2.494999999999999996e-01 2.474607990670684377e+00
2.505000000000000004e-01 2.419907661188486880e+00
2.515000000000000013e-01 2.391975578048641360e+00
2.525000000000000022e-01 2.334947574971456774e+00
2.535000000000000031e-01 2.291158215465761927e+00
2.545000000000000040e-01 2.235294049186070886e+00
2.555000000000000049e-01 2.231366099994529950e+00
2.565000000000000058e-01 2.160808494146482683e+00
2.575000000000000067e-01 2.127930104617289597e+00
2.585000000000000075e-01 2.099707062278071135e+00
2.595000000000000084e-01 2.088068694303135242e+00
2.605000000000000093e-01 2.029149456430023868e+00
2.615000000000000102e-01 1.986087494922762042e+00
2.625000000000000111e-01 1.971394055354405817e+00
2.635000000000000120e-01 1.906655633493826496e+00
2.645000000000000129e-01 1.899818092308551920e+00
2.655000000000000138e-01 1.867376141578418913e+00
2.665000000000000147e-01 1.844535844427607651e+00
2.675000000000000155e-01 1.761466993006504778e+00
2.685000000000000164e-01 1.735135185463212881e+00
2.695000000000000173e-01 1.735571624262272961e+00
2.705000000000000182e-01 1.702547755133393181e+00
2.715000000000000191e-01 1.667050732809839619e+00
2.725000000000000200e-01 1.650175099246182997e+00
2.735000000000000209e-01 1.607549576537981251e+00
2.745000000000000218e-01 1.568561043821947054e+00
2.755000000000000226e-01 1.566669809026020044e+00
2.765000000000000235e-01 1.515606469535989875e+00
2.775000000000000244e-01 1.490002059991131667e+00
2.785000000000000253e-01 1.470944232432174648e+00
2.795000000000000262e-01 1.448394894480736772e+00
2.805000000000000271e-01 1.420753770540264638e+00
2.814999999999999725e-01 1.380310441827363510e+00
2.824999999999999734e-01 1.381328799025170362e+00
2.834999999999999742e-01 1.341903827510075864e+00
2.844999999999999751e-01 1.328956143137960177e+00
2.854999999999999760e-01 1.299423784401561033e+00
2.864999999999999769e-01 1.291713365618166076e+00
2.874999999999999778e-01 1.256798261693359287e+00
2.884999999999999787e-01 1.241086464927196209e+00
2.894999999999999796e-01 1.219700963773252100e+00
2.904999999999999805e-01 1.229011658153200459e+00
2.914999999999999813e-01 1.195260391025887214e+00
2.924999999999999822e-01 1.165728032289488070e+00
2.934999999999999831e-01 1.155398980711732859e+00
2.944999999999999840e-01 1.135468275554655460e+00
2.954999999999999849e-01 1.106372355617316616e+00
2.964999999999999858e-01 1.091387956849587004e+00
2.974999999999999867e-01 1.059673404117887463e+00
2.984999999999999876e-01 1.051672026135119120e+00
2.994999999999999885e-01 1.030868443379921784e+00
3.004999999999999893e-01 1.008901023827230681e+00
3.014999999999999902e-01 1.001918003042269412e+00
3.024999999999999911e-01 9.837330530814325513e-01
3.034999999999999920e-01 9.696215319118230980e-01
3.044999999999999929e-01 9.445990407657115506e-01
3.054999999999999938e-01 9.530368575475398618e-01
3.064999999999999947e-01 9.287417643998617800e-01
3.074999999999999956e-01 8.840795272960463302e-01
3.084999999999999964e-01 9.102658552396515335e-01
3.094999999999999973e-01 8.840795272960463302e-01
3.104999999999999982e-01 8.712773225236172259e-01
3.114999999999999991e-01 8.357803002000635528e-01
3.125000000000000000e-01 8.446545557809519433e-01
3.135000000000000009e-01 8.225416566285743691e-01
3.145000000000000018e-01 8.222506974292008719e-01
3.155000000000000027e-01 7.973736858827760177e-01
3.165000000000000036e-01 7.933002570915486107e-01
3.175000000000000044e-01 7.621676227585958419e-01
3.185000000000000053e-01 7.563484387711280066e-01
3.195000000000000062e-01 7.431097951996388229e-01
3.205000000000000071e-01 7.195421000503942066e-01
3.215000000000000080e-01 7.009207112904971559e-01
3.225000000000000089e-01 6.975746804977032145e-01
3.235000000000000098e-01 7.032483848854843567e-01
3.245000000000000107e-01 6.884094657174414378e-01
3.255000000000000115e-01 6.754617813453255293e-01
3.265000000000000124e-01 6.741524649481452913e-01
3.275000000000000133e-01 6.297811870437032278e-01
3.285000000000000142e-01 6.518940861960809130e-01
3.295000000000000151e-01 6.284718706465229898e-01
3.305000000000000160e-01 6.216343294612483028e-01
3.315000000000000169e-01 6.115962370828663675e-01
3.325000000000000178e-01 6.142148698772268434e-01
3.335000000000000187e-01 5.893378583308019891e-01
3.345000000000000195e-01 5.833731947436474607e-01
3.355000000000000204e-01 5.708619491705917426e-01
3.365000000000000213e-01 5.603874179931497279e-01
3.375000000000000222e-01 5.627150915881368176e-01
3.385000000000000231e-01 5.374016412426518841e-01
3.395000000000000240e-01 5.400202740370123600e-01
3.405000000000000249e-01 5.259087528674029066e-01
3.415000000000000258e-01 5.244539568705359756e-01
3.425000000000000266e-01 5.139794256930939609e-01
3.435000000000000275e-01 5.109243540996732946e-01
3.444999999999999729e-01 4.931758429378965136e-01
3.454999999999999738e-01 4.939032409363299791e-01
3.464999999999999747e-01 4.978311901278707485e-01
3.474999999999999756e-01 4.640799230005575038e-01
3.484999999999999765e-01 4.618977290052570517e-01
3.494999999999999774e-01 4.600064942093300413e-01
3.504999999999999782e-01 4.589881370115231896e-01
3.514999999999999791e-01 4.505503202296948229e-01
3.524999999999999800e-01 4.387664726550725147e-01
3.534999999999999809e-01 4.442946974431669638e-01
3.544999999999999818e-01 4.202905634948622682e-01
3.554999999999999827e-01 4.175264511008150436e-01
3.564999999999999836e-01 4.035604095308923389e-01
3.574999999999999845e-01 4.089431547193000394e-01
3.584999999999999853e-01 3.885760107631627269e-01
3.594999999999999862e-01 3.810110715794545744e-01
3.604999999999999871e-01 3.791198367835275085e-01
3.614999999999999880e-01 3.689362648054588800e-01
3.624999999999999889e-01 3.578798152292700374e-01
3.634999999999999898e-01 3.667540708101584279e-01
3.644999999999999907e-01 3.449321308571541844e-01
3.654999999999999916e-01 3.495874780471284193e-01
3.664999999999999925e-01 3.404222632668666426e-01
3.674999999999999933e-01 3.472598044521412741e-01
3.684999999999999942e-01 3.318389668853516383e-01
3.694999999999999951e-01 3.254378644991370306e-01
3.704999999999999960e-01 3.171455273169954125e-01
3.714999999999999969e-01 3.117627821285876566e-01
3.724999999999999978e-01 3.066709961395533424e-01
3.734999999999999987e-01 2.983786589574117243e-01
3.744999999999999996e-01 3.017246897502057212e-01
3.755000000000000004e-01 2.964874241614847139e-01
3.765000000000000013e-01 2.842671377878023264e-01
3.775000000000000022e-01 2.913956381724503442e-01
3.785000000000000031e-01 2.721923310138066321e-01
3.795000000000000040e-01 2.701556166181928731e-01
3.805000000000000049e-01 2.673915042241456486e-01
3.815000000000000058e-01 2.735016474109868700e-01
3.825000000000000067e-01 2.647728714297851726e-01
3.835000000000000075e-01 2.590991670420040305e-01
3.845000000000000084e-01 2.564805342476435546e-01
3.855000000000000093e-01 2.580808098441971787e-01
3.865000000000000102e-01 2.496429930623688676e-01
3.875000000000000111e-01 2.550257382507765680e-01
3.885000000000000120e-01 2.442602478739611394e-01
3.895000000000000129e-01 2.284029715081113687e-01
3.905000000000000138e-01 2.243295427168839062e-01
3.915000000000000147e-01 2.249114611156306787e-01
3.925000000000000155e-01 2.257843387137508651e-01
3.935000000000000164e-01 2.158917259350555951e-01
3.945000000000000173e-01 2.093451439491542942e-01
3.955000000000000182e-01 2.077448683526006701e-01
3.965000000000000191e-01 2.116728175441414395e-01
3.975000000000000200e-01 2.051262355582401387e-01
3.985000000000000209e-01 1.950881431798581755e-01
3.995000000000000218e-01 2.009073271673259831e-01
4.005000000000000226e-01 1.910147143886307131e-01
4.015000000000000235e-01 1.888325203933302887e-01
4.025000000000000244e-01 1.812675812096221362e-01
4.035000000000000253e-01 1.876686835958367161e-01
4.045000000000000262e-01 1.831588160055491743e-01
4.055000000000000271e-01 1.763212748202745150e-01
4.064999999999999725e-01 1.696292132346865211e-01
4.074999999999999734e-01 1.763212748202745150e-01
4.084999999999999742e-01 1.690472948359397487e-01
4.094999999999999751e-01 1.767577136193345944e-01
4.104999999999999760e-01 1.560996104638238957e-01
4.114999999999999769e-01 1.611913964528582099e-01
4.124999999999999778e-01 1.587182432581843994e-01
4.134999999999999787e-01 1.582818044591243201e-01
4.144999999999999796e-01 1.544993348672702438e-01
4.154999999999999805e-01 1.496985080776092880e-01
4.164999999999999813e-01 1.441702832895148945e-01
4.174999999999999822e-01 1.521716612722831263e-01
4.184999999999999831e-01 1.408242524967208975e-01
4.194999999999999840e-01 1.419880892942144424e-01
4.204999999999999849e-01 1.339867113114462105e-01
4.214999999999999858e-01 1.415516504951543630e-01
4.224999999999999867e-01 1.313680785170857068e-01
4.234999999999999876e-01 1.377691809033002868e-01
4.244999999999999885e-01 1.320954765155192001e-01
4.254999999999999893e-01 1.400968544982874320e-01
4.264999999999999902e-01 1.310771193177123206e-01
4.274999999999999911e-01 1.341321909111329314e-01
4.284999999999999920e-01 1.245305373318110337e-01
4.294999999999999929e-01 1.214754657383904368e-01
4.304999999999999938e-01 1.178384757462230675e-01
4.314999999999999947e-01 1.226393025358839955e-01
4.324999999999999956e-01 1.112918937603217806e-01
4.334999999999999964e-01 1.111464141606350875e-01
4.344999999999999973e-01 1.107099753615749943e-01
4.354999999999999982e-01 1.048907913741072007e-01
4.364999999999999991e-01 1.088187405656479700e-01
4.375000000000000000e-01 1.054727097728539731e-01
4.385000000000000009e-01 9.587105619353210317e-02
4.395000000000000018e-01 1.021266789800599900e-01
4.405000000000000027e-01 9.878064818726599305e-02
4.415000000000000036e-01 9.936256658601277936e-02
4.425000000000000044e-01 1.076549037681543974e-01
4.435000000000000053e-01 8.874255580888402994e-02
4.445000000000000062e-01 9.077927020449776119e-02
4.455000000000000071e-01 8.932447420763081625e-02
4.465000000000000080e-01 9.150666820293124060e-02
4.475000000000000089e-01 9.397982139760506504e-02
4.485000000000000098e-01 8.830611700982395063e-02
4.495000000000000107e-01 8.699680061264369879e-02
4.505000000000000115e-01 8.423268821859648814e-02
4.515000000000000124e-01 8.408720861890979503e-02
4.525000000000000133e-01 8.248693302235614311e-02
4.535000000000000142e-01 7.884994303018875994e-02
4.545000000000000151e-01 8.015925942736902565e-02
4.555000000000000160e-01 8.496008621702996755e-02
4.565000000000000169e-01 7.739514703332181500e-02
4.575000000000000178e-01 7.535843263770808376e-02
4.585000000000000187e-01 6.721157505525315878e-02
4.595000000000000195e-01 7.128500384648062127e-02
4.605000000000000204e-01 7.303075904272096630e-02
4.615000000000000213e-01 7.288527944303425932e-02
4.625000000000000222e-01 7.434007543990121814e-02
4.635000000000000231e-01 6.648417705681967937e-02
4.645000000000000240e-01 7.608583063614156317e-02
4.655000000000000249e-01 6.750253425462654500e-02
4.665000000000000258e-01 6.386554426245916183e-02
4.675000000000000266e-01 6.706609545556646568e-02
4.685000000000000275e-01 6.401102386214585493e-02
4.694999999999999729e-01 5.935567667217162002e-02
4.704999999999999738e-01 5.731896227655788184e-02
4.714999999999999747e-01 6.459294226089264124e-02
4.724999999999999756e-01 5.688252347749780252e-02
4.734999999999999765e-01 6.153787066747204437e-02
4.744999999999999774e-01 5.484580908188406434e-02
4.754999999999999782e-01 5.280909468627033310e-02
4.764999999999999791e-01 5.615512547906432311e-02
4.774999999999999800e-01 5.106333949002999500e-02
4.784999999999999809e-01 5.426389068313728498e-02
4.794999999999999818e-01 5.280909468627033310e-02
4.804999999999999827e-01 5.513676828125745749e-02
4.814999999999999836e-01 5.310005388564372625e-02
4.824999999999999845e-01 4.829922709598278435e-02
4.834999999999999853e-01 4.859018629535617750e-02
4.844999999999999862e-01 4.408031870506862876e-02
4.854999999999999871e-01 4.989950269253642934e-02
4.864999999999999880e-01 4.568059430162227375e-02
4.874999999999999889e-01 4.524415550256218749e-02
4.884999999999999898e-01 4.742634949786261878e-02
4.894999999999999907e-01 4.800826789660939814e-02
4.904999999999999916e-01 4.509867590287549438e-02
4.914999999999999925e-01 4.058880831258794564e-02
4.924999999999999933e-01 4.378935950569523561e-02
4.934999999999999942e-01 4.233456350882828373e-02
4.944999999999999951e-01 4.713539029848922562e-02
4.954999999999999960e-01 4.131620631102141811e-02
4.964999999999999969e-01 3.898853271603430065e-02
4.974999999999999978e-01 4.102524711164803189e-02
4.984999999999999987e-01 3.433318552606005186e-02
4.994999999999999996e-01 3.855209391697421439e-02
5.004999999999999449e-01 3.724277751979395562e-02
5.014999999999999458e-01 3.098715473326606532e-02
5.024999999999999467e-01 3.375126712731327250e-02
5.034999999999999476e-01 3.506058352449353127e-02
5.044999999999999485e-01 3.680633872073386936e-02
5.054999999999999494e-01 3.302386912887980003e-02
5.064999999999999503e-01 3.331482832825318624e-02
5.074999999999999512e-01 3.840661431728751435e-02
5.084999999999999520e-01 3.797017551822742809e-02
5.094999999999999529e-01 3.302386912887980003e-02
5.104999999999999538e-01 3.215099153075962751e-02
5.114999999999999547e-01 3.127811393263945500e-02
5.124999999999999556e-01 3.229647113044632062e-02
5.134999999999999565e-01 3.462414472543344501e-02
5.144999999999999574e-01 2.996879753545919969e-02
5.154999999999999583e-01 2.793208313984546498e-02
5.164999999999999591e-01 3.302386912887980003e-02
5.174999999999999600e-01 2.604084834391843031e-02
5.184999999999999609e-01 2.604084834391843031e-02
5.194999999999999618e-01 2.298577675049783345e-02
5.204999999999999627e-01 2.589536874423173374e-02
5.214999999999999636e-01 2.502249114611156469e-02
5.224999999999999645e-01 2.647728714297851657e-02
5.234999999999999654e-01 2.895044033765233407e-02
5.244999999999999662e-01 2.531345034548495437e-02
5.254999999999999671e-01 2.400413394830469907e-02
5.264999999999999680e-01 2.662276674266520968e-02
5.274999999999999689e-01 2.356769514924461281e-02
5.284999999999999698e-01 2.313125635018452655e-02
5.294999999999999707e-01 2.167646035331757468e-02
5.304999999999999716e-01 2.516797074579825780e-02
5.314999999999999725e-01 2.254933795143774719e-02
5.324999999999999734e-01 2.225837875206435751e-02
5.334999999999999742e-01 2.313125635018452655e-02
5.344999999999999751e-01 2.124002155425749189e-02
5.354999999999999760e-01 2.182193995300427125e-02
5.364999999999999769e-01 2.109454195457079531e-02
5.374999999999999778e-01 2.007618475676392969e-02
5.384999999999999787e-01 1.978522555739054001e-02
5.394999999999999796e-01 1.760303156209011219e-02
5.404999999999999805e-01 2.298577675049783345e-02
5.414999999999999813e-01 1.847590916021028123e-02
5.424999999999999822e-01 1.876686835958367439e-02
5.434999999999999831e-01 2.065810315551070905e-02
5.444999999999999840e-01 1.629371516490985689e-02
5.454999999999999849e-01 1.702111316334333282e-02
5.464999999999999858e-01 1.643919476459654999e-02
5.474999999999999867e-01 1.774851116177680529e-02
5.484999999999999876e-01 1.687563356365663625e-02
5.494999999999999885e-01 1.629371516490985689e-02
5.504999999999999893e-01 1.949426635801715033e-02
5.514999999999999902e-01 1.658467436428324657e-02
5.524999999999999911e-01 1.512987836741629469e-02
5.534999999999999920e-01 1.745755196240341561e-02
5.544999999999999929e-01 1.440248036898281875e-02
5.554999999999999938e-01 1.920330715864375717e-02
5.564999999999999947e-01 1.425700076929612391e-02
5.574999999999999956e-01 1.556631716647637921e-02
5.584999999999999964e-01 1.702111316334333282e-02
5.594999999999999973e-01 1.600275596553646373e-02
5.604999999999999982e-01 1.527535796710298953e-02
5.614999999999999991e-01 1.483891916804290501e-02
5.625000000000000000e-01 1.382056197023603765e-02
5.635000000000000009e-01 1.527535796710298953e-02
5.645000000000000018e-01 1.178384757462230641e-02
5.655000000000000027e-01 1.571179676616307405e-02
5.665000000000000036e-01 1.105644957618883047e-02
5.675000000000000044e-01 1.338412317117595313e-02
5.685000000000000053e-01 1.236576597336908750e-02
5.695000000000000062e-01 1.294768437211586687e-02
5.705000000000000071e-01 1.338412317117595313e-02
5.715000000000000080e-01 1.032905157775535453e-02
5.725000000000000089e-01 1.222028637368239093e-02
5.735000000000000098e-01 1.280220477242917203e-02
5.745000000000000107e-01 1.163836797493561157e-02
5.755000000000000115e-01 1.163836797493561157e-02
5.765000000000000124e-01 1.163836797493561157e-02
5.775000000000000133e-01 1.222028637368239093e-02
5.785000000000000142e-01 1.105644957618883047e-02
5.795000000000000151e-01 9.601653579321878587e-03
5.805000000000000160e-01 9.747133179008575163e-03
5.815000000000000169e-01 9.892612778695270004e-03
5.825000000000000178e-01 1.163836797493561157e-02
5.835000000000000187e-01 7.710418783394842185e-03
5.845000000000000195e-01 8.728775981201707806e-03
5.855000000000000204e-01 9.747133179008575163e-03
5.865000000000000213e-01 1.105644957618883047e-02
5.875000000000000222e-01 1.018357197806865969e-02
5.885000000000000231e-01 9.165214780261794064e-03
5.895000000000000240e-01 7.273979984334756795e-03
5.905000000000000249e-01 9.165214780261794064e-03
5.915000000000000258e-01 7.419459584021452503e-03
5.925000000000000266e-01 8.292337182141623284e-03
5.935000000000000275e-01 6.983020784961366245e-03
5.945000000000000284e-01 9.310694379948488905e-03
5.955000000000000293e-01 9.747133179008575163e-03
5.965000000000000302e-01 7.564939183708147344e-03
5.975000000000000311e-01 6.110143186841195465e-03
5.985000000000000320e-01 7.710418783394842185e-03
5.995000000000000329e-01 7.273979984334756795e-03
6.005000000000000338e-01 5.964663587154500624e-03
6.015000000000000346e-01 7.855898383081537026e-03
6.025000000000000355e-01 9.019735180575099223e-03
6.035000000000000364e-01 7.710418783394842185e-03
6.045000000000000373e-01 1.047453117744204937e-02
6.055000000000000382e-01 6.837541185274671404e-03
6.065000000000000391e-01 7.564939183708147344e-03
6.075000000000000400e-01 5.673704387781110074e-03
6.085000000000000409e-01 7.128500384648061954e-03
6.095000000000000417e-01 6.692061585587976563e-03
6.105000000000000426e-01 5.964663587154500624e-03
6.115000000000000435e-01 5.819183987467805783e-03
6.125000000000000444e-01 5.819183987467805783e-03
6.135000000000000453e-01 7.419459584021452503e-03
6.145000000000000462e-01 6.110143186841195465e-03
6.155000000000000471e-01 7.128500384648061954e-03
6.165000000000000480e-01 6.837541185274671404e-03
6.175000000000000488e-01 6.837541185274671404e-03
6.185000000000000497e-01 6.401102386214586014e-03
6.195000000000000506e-01 7.273979984334756795e-03
6.205000000000000515e-01 6.401102386214586014e-03
6.215000000000000524e-01 6.401102386214586014e-03
6.225000000000000533e-01 5.528224788094415233e-03
6.235000000000000542e-01 5.382745188407720392e-03
6.245000000000000551e-01 4.655347189974244453e-03
6.254999999999999449e-01 5.819183987467805783e-03
6.264999999999999458e-01 5.382745188407720392e-03
6.274999999999999467e-01 4.946306389347635002e-03
6.284999999999999476e-01 4.800826789660939294e-03
6.294999999999999485e-01 5.382745188407720392e-03
6.304999999999999494e-01 5.528224788094415233e-03
6.314999999999999503e-01 3.636989992167378397e-03
6.324999999999999512e-01 4.509867590287549612e-03
6.334999999999999520e-01 4.800826789660939294e-03
6.344999999999999529e-01 4.655347189974244453e-03
6.354999999999999538e-01 4.364387990600853903e-03
6.364999999999999547e-01 4.800826789660939294e-03
6.374999999999999556e-01 5.237265588721024684e-03
6.384999999999999565e-01 5.237265588721024684e-03
6.394999999999999574e-01 4.946306389347635002e-03
6.404999999999999583e-01 4.800826789660939294e-03
6.414999999999999591e-01 4.946306389347635002e-03
6.424999999999999600e-01 3.346030792793988282e-03
6.434999999999999609e-01 3.636989992167378397e-03
6.444999999999999618e-01 3.782469591854073672e-03
6.454999999999999627e-01 3.782469591854073672e-03
6.464999999999999636e-01 3.927949191540768513e-03
6.474999999999999645e-01 4.800826789660939294e-03
6.484999999999999654e-01 3.782469591854073672e-03
6.494999999999999662e-01 3.200551193107293007e-03
6.504999999999999671e-01 2.473153194673817501e-03
6.514999999999999680e-01 2.618632794360512342e-03
6.524999999999999689e-01 3.636989992167378397e-03
6.534999999999999698e-01 3.636989992167378397e-03
6.544999999999999707e-01 3.200551193107293007e-03
6.554999999999999716e-01 3.346030792793988282e-03
6.564999999999999725e-01 2.618632794360512342e-03
6.574999999999999734e-01 2.618632794360512342e-03
6.584999999999999742e-01 4.218908390914159062e-03
6.594999999999999751e-01 2.327673594987122226e-03
6.604999999999999760e-01 3.636989992167378397e-03
6.614999999999999769e-01 3.055071593420597732e-03
6.624999999999999778e-01 2.182193995300426952e-03
6.634999999999999787e-01 2.909591993733902891e-03
6.644999999999999796e-01 2.473153194673817501e-03
6.654999999999999805e-01 1.600275596553646503e-03
6.664999999999999813e-01 2.473153194673817501e-03
6.674999999999999822e-01 4.073428791227464221e-03
6.684999999999999831e-01 3.055071593420597732e-03
6.694999999999999840e-01 1.600275596553646503e-03
6.704999999999999849e-01 3.055071593420597732e-03
6.714999999999999858e-01 2.473153194673817501e-03
6.724999999999999867e-01 2.327673594987122226e-03
6.734999999999999876e-01 2.764112394047207617e-03
6.744999999999999885e-01 2.618632794360512342e-03
6.754999999999999893e-01 1.745755196240341561e-03
6.764999999999999902e-01 3.055071593420597732e-03
6.774999999999999911e-01 1.745755196240341561e-03
6.784999999999999920e-01 2.182193995300426952e-03
6.794999999999999929e-01 2.182193995300426952e-03
6.804999999999999938e-01 1.745755196240341561e-03
6.814999999999999947e-01 2.764112394047207617e-03
6.824999999999999956e-01 2.909591993733902891e-03
6.834999999999999964e-01 2.618632794360512342e-03
6.844999999999999973e-01 2.618632794360512342e-03
6.854999999999999982e-01 2.036714395613732111e-03
6.864999999999999991e-01 1.891234795927036836e-03
6.875000000000000000e-01 1.891234795927036836e-03
6.885000000000000009e-01 2.764112394047207617e-03
6.895000000000000018e-01 2.182193995300426952e-03
6.905000000000000027e-01 2.182193995300426952e-03
6.915000000000000036e-01 2.327673594987122226e-03
6.925000000000000044e-01 2.327673594987122226e-03
6.935000000000000053e-01 1.309316397180256171e-03
6.945000000000000062e-01 2.618632794360512342e-03
6.955000000000000071e-01 1.309316397180256171e-03
6.965000000000000080e-01 1.600275596553646503e-03
6.975000000000000089e-01 1.309316397180256171e-03
6.985000000000000098e-01 2.473153194673817501e-03
6.995000000000000107e-01 1.600275596553646503e-03
7.005000000000000115e-01 1.454795996866951446e-03
7.015000000000000124e-01 1.600275596553646503e-03
7.025000000000000133e-01 3.055071593420597732e-03
7.035000000000000142e-01 2.473153194673817501e-03
7.045000000000000151e-01 8.728775981201707806e-04
7.055000000000000160e-01 1.745755196240341561e-03
7.065000000000000169e-01 1.891234795927036836e-03
7.075000000000000178e-01 1.163836797493561113e-03
7.085000000000000187e-01 1.745755196240341561e-03
7.095000000000000195e-01 1.454795996866951446e-03
7.105000000000000204e-01 1.163836797493561113e-03
7.115000000000000213e-01 1.600275596553646503e-03
7.125000000000000222e-01 2.327673594987122226e-03
7.135000000000000231e-01 1.309316397180256171e-03
7.145000000000000240e-01 1.454795996866951446e-03
7.155000000000000249e-01 1.163836797493561113e-03
7.165000000000000258e-01 8.728775981201707806e-04
7.175000000000000266e-01 8.728775981201707806e-04
7.185000000000000275e-01 1.891234795927036836e-03
7.195000000000000284e-01 2.036714395613732111e-03
7.205000000000000293e-01 1.163836797493561113e-03
7.215000000000000302e-01 2.036714395613732111e-03
7.225000000000000311e-01 1.163836797493561113e-03
7.235000000000000320e-01 1.454795996866951446e-03
7.245000000000000329e-01 1.309316397180256171e-03
7.255000000000000338e-01 7.273979984334757228e-04
7.265000000000000346e-01 7.273979984334757228e-04
7.275000000000000355e-01 5.819183987467805566e-04
7.285000000000000364e-01 5.819183987467805566e-04
7.295000000000000373e-01 5.819183987467805566e-04
7.305000000000000382e-01 1.600275596553646503e-03
7.315000000000000391e-01 7.273979984334757228e-04
7.325000000000000400e-01 1.891234795927036836e-03
7.335000000000000409e-01 1.600275596553646503e-03
7.345000000000000417e-01 1.018357197806866055e-03
7.355000000000000426e-01 1.600275596553646503e-03
7.365000000000000435e-01 4.364387990600853903e-04
7.375000000000000444e-01 7.273979984334757228e-04
7.385000000000000453e-01 1.018357197806866055e-03
7.395000000000000462e-01 1.309316397180256171e-03
7.405000000000000471e-01 7.273979984334757228e-04
7.415000000000000480e-01 1.309316397180256171e-03
7.425000000000000488e-01 8.728775981201707806e-04
7.435000000000000497e-01 7.273979984334757228e-04
7.445000000000000506e-01 4.364387990600853903e-04
7.455000000000000515e-01 1.163836797493561113e-03
7.465000000000000524e-01 1.163836797493561113e-03
7.475000000000000533e-01 1.018357197806866055e-03
7.485000000000000542e-01 8.728775981201707806e-04
7.495000000000000551e-01 4.364387990600853903e-04
7.504999999999999449e-01 5.819183987467805566e-04
7.514999999999999458e-01 2.909591993733902783e-04
7.524999999999999467e-01 2.909591993733902783e-04
7.534999999999999476e-01 4.364387990600853903e-04
7.544999999999999485e-01 1.309316397180256171e-03
7.554999999999999494e-01 1.309316397180256171e-03
7.564999999999999503e-01 8.728775981201707806e-04
7.574999999999999512e-01 1.163836797493561113e-03
7.584999999999999520e-01 1.018357197806866055e-03
7.594999999999999529e-01 8.728775981201707806e-04
7.604999999999999538e-01 4.364387990600853903e-04
7.614999999999999547e-01 5.819183987467805566e-04
7.624999999999999556e-01 5.819183987467805566e-04
7.634999999999999565e-01 1.018357197806866055e-03
7.644999999999999574e-01 5.819183987467805566e-04
7.654999999999999583e-01 5.819183987467805566e-04
7.664999999999999591e-01 5.819183987467805566e-04
7.674999999999999600e-01 7.273979984334757228e-04
7.684999999999999609e-01 2.909591993733902783e-04
7.694999999999999618e-01 4.364387990600853903e-04
7.704999999999999627e-01 2.909591993733902783e-04
7.714999999999999636e-01 1.018357197806866055e-03
7.724999999999999645e-01 4.364387990600853903e-04
7.734999999999999654e-01 8.728775981201707806e-04
7.744999999999999662e-01 2.909591993733902783e-04
7.754999999999999671e-01 1.018357197806866055e-03
7.764999999999999680e-01 2.909591993733902783e-04
7.774999999999999689e-01 8.728775981201707806e-04
7.784999999999999698e-01 2.909591993733902783e-04
7.794999999999999707e-01 2.909591993733902783e-04
7.804999999999999716e-01 2.909591993733902783e-04
7.814999999999999725e-01 5.819183987467805566e-04
7.824999999999999734e-01 7.273979984334757228e-04
7.834999999999999742e-01 8.728775981201707806e-04
7.844999999999999751e-01 2.909591993733902783e-04
7.854999999999999760e-01 5.819183987467805566e-04
7.864999999999999769e-01 2.909591993733902783e-04
7.874999999999999778e-01 8.728775981201707806e-04
7.884999999999999787e-01 4.364387990600853903e-04
7.894999999999999796e-01 5.819183987467805566e-04
7.904999999999999805e-01 4.364387990600853903e-04
7.914999999999999813e-01 1.454795996866951391e-04
7.924999999999999822e-01 2.909591993733902783e-04
7.934999999999999831e-01 1.309316397180256171e-03
7.944999999999999840e-01 2.909591993733902783e-04
7.954999999999999849e-01 8.728775981201707806e-04
7.964999999999999858e-01 4.364387990600853903e-04
7.974999999999999867e-01 5.819183987467805566e-04
7.984999999999999876e-01 4.364387990600853903e-04
7.994999999999999885e-01 2.909591993733902783e-04
8.004999999999999893e-01 4.364387990600853903e-04
8.014999999999999902e-01 2.909591993733902783e-04
8.024999999999999911e-01 1.454795996866951391e-04
8.034999999999999920e-01 1.454795996866951391e-04
8.044999999999999929e-01 7.273979984334757228e-04
8.054999999999999938e-01 4.364387990600853903e-04
8.064999999999999947e-01 7.273979984334757228e-04
8.074999999999999956e-01 2.909591993733902783e-04
8.084999999999999964e-01 4.364387990600853903e-04
8.094999999999999973e-01 2.909591993733902783e-04
8.104999999999999982e-01 0.000000000000000000e+00
8.114999999999999991e-01 5.819183987467805566e-04
8.125000000000000000e-01 0.000000000000000000e+00
8.135000000000000009e-01 4.364387990600853903e-04
8.145000000000000018e-01 0.000000000000000000e+00
8.155000000000000027e-01 2.909591993733902783e-04
8.165000000000000036e-01 5.819183987467805566e-04
8.175000000000000044e-01 0.000000000000000000e+00
8.185000000000000053e-01 1.454795996866951391e-04
8.195000000000000062e-01 0.000000000000000000e+00
8.205000000000000071e-01 5.819183987467805566e-04
8.215000000000000080e-01 0.000000000000000000e+00
8.225000000000000089e-01 4.364387990600853903e-04
8.235000000000000098e-01 4.364387990600853903e-04
8.245000000000000107e-01 0.000000000000000000e+00
8.255000000000000115e-01 0.000000000000000000e+00
8.265000000000000124e-01 5.819183987467805566e-04
8.275000000000000133e-01 4.364387990600853903e-04
8.285000000000000142e-01 1.454795996866951391e-04
8.295000000000000151e-01 4.364387990600853903e-04
8.305000000000000160e-01 2.909591993733902783e-04
8.315000000000000169e-01 7.273979984334757228e-04
8.325000000000000178e-01 2.909591993733902783e-04
8.335000000000000187e-01 0.000000000000000000e+00
8.345000000000000195e-01 4.364387990600853903e-04
8.355000000000000204e-01 0.000000000000000000e+00
8.365000000000000213e-01 1.454795996866951391e-04
8.375000000000000222e-01 4.364387990600853903e-04
8.385000000000000231e-01 2.909591993733902783e-04
8.395000000000000240e-01 2.909591993733902783e-04
8.405000000000000249e-01 2.909591993733902783e-04
8.415000000000000258e-01 1.454795996866951391e-04
8.425000000000000266e-01 0.000000000000000000e+00
8.435000000000000275e-01 2.909591993733902783e-04
8.445000000000000284e-01 4.364387990600853903e-04
8.455000000000000293e-01 4.364387990600853903e-04
8.465000000000000302e-01 1.454795996866951391e-04
8.475000000000000311e-01 1.454795996866951391e-04
8.485000000000000320e-01 1.454795996866951391e-04
8.495000000000000329e-01 1.454795996866951391e-04
8.505000000000000338e-01 1.454795996866951391e-04
8.515000000000000346e-01 2.909591993733902783e-04
8.525000000000000355e-01 2.909591993733902783e-04
8.535000000000000364e-01 0.000000000000000000e+00
8.545000000000000373e-01 1.454795996866951391e-04
8.555000000000000382e-01 2.909591993733902783e-04
8.565000000000000391e-01 1.454795996866951391e-04
8.575000000000000400e-01 2.909591993733902783e-04
8.585000000000000409e-01 0.000000000000000000e+00
8.595000000000000417e-01 0.000000000000000000e+00
8.605000000000000426e-01 2.909591993733902783e-04
8.615000000000000435e-01 0.000000000000000000e+00
8.625000000000000444e-01 0.000000000000000000e+00
8.635000000000000453e-01 5.819183987467805566e-04
8.645000000000000462e-01 2.909591993733902783e-04
8.655000000000000471e-01 1.454795996866951391e-04
8.665000000000000480e-01 4.364387990600853903e-04
8.675000000000000488e-01 1.454795996866951391e-04
8.685000000000000497e-01 1.454795996866951391e-04
8.695000000000000506e-01 0.000000000000000000e+00
8.705000000000000515e-01 0.000000000000000000e+00
8.715000000000000524e-01 0.000000000000000000e+00
8.725000000000000533e-01 0.000000000000000000e+00
8.735000000000000542e-01 2.909591993733902783e-04
8.745000000000000551e-01 2.909591993733902783e-04
8.754999999999999449e-01 1.454795996866951391e-04
8.764999999999999458e-01 0.000000000000000000e+00
8.774999999999999467e-01 0.000000000000000000e+00
8.784999999999999476e-01 1.454795996866951391e-04
8.794999999999999485e-01 0.000000000000000000e+00
8.804999999999999494e-01 1.454795996866951391e-04
8.814999999999999503e-01 0.000000000000000000e+00
8.824999999999999512e-01 1.454795996866951391e-04
8.834999999999999520e-01 1.454795996866951391e-04
8.844999999999999529e-01 1.454795996866951391e-04
8.854999999999999538e-01 0.000000000000000000e+00
8.864999999999999547e-01 2.909591993733902783e-04
8.874999999999999556e-01 0.000000000000000000e+00
8.884999999999999565e-01 1.454795996866951391e-04
8.894999999999999574e-01 0.000000000000000000e+00
8.904999999999999583e-01 0.000000000000000000e+00
8.914999999999999591e-01 0.000000000000000000e+00
8.924999999999999600e-01 1.454795996866951391e-04
8.934999999999999609e-01 1.454795996866951391e-04
8.944999999999999618e-01 1.454795996866951391e-04
8.954999999999999627e-01 0.000000000000000000e+00
8.964999999999999636e-01 1.454795996866951391e-04
8.974999999999999645e-01 1.454795996866951391e-04
8.984999999999999654e-01 0.000000000000000000e+00
8.994999999999999662e-01 0.000000000000000000e+00
9.004999999999999671e-01 0.000000000000000000e+00
9.014999999999999680e-01 1.454795996866951391e-04
9.024999999999999689e-01 0.000000000000000000e+00
9.034999999999999698e-01 1.454795996866951391e-04
9.044999999999999707e-01 0.000000000000000000e+00
9.054999999999999716e-01 1.454795996866951391e-04
9.064999999999999725e-01 0.000000000000000000e+00
9.074999999999999734e-01 1.454795996866951391e-04
9.084999999999999742e-01 0.000000000000000000e+00
9.094999999999999751e-01 2.909591993733902783e-04
9.104999999999999760e-01 0.000000000000000000e+00
9.114999999999999769e-01 0.000000000000000000e+00
9.124999999999999778e-01 0.000000000000000000e+00
9.134999999999999787e-01 0.000000000000000000e+00
9.144999999999999796e-01 0.000000000000000000e+00
9.154999999999999805e-01 0.000000000000000000e+00
9.164999999999999813e-01 1.454795996866951391e-04
9.174999999999999822e-01 1.454795996866951391e-04
9.184999999999999831e-01 0.000000000000000000e+00
9.194999999999999840e-01 0.000000000000000000e+00
9.204999999999999849e-01 0.000000000000000000e+00
9.214999999999999858e-01 1.454795996866951391e-04
9.224999999999999867e-01 1.454795996866951391e-04
9.234999999999999876e-01 2.909591993733902783e-04
9.244999999999999885e-01 0.000000000000000000e+00
9.254999999999999893e-01 0.000000000000000000e+00
9.264999999999999902e-01 1.454795996866951391e-04
9.274999999999999911e-01 0.000000000000000000e+00
9.284999999999999920e-01 1.454795996866951391e-04
9.294999999999999929e-01 0.000000000000000000e+00
9.304999999999999938e-01 0.000000000000000000e+00
9.314999999999999947e-01 0.000000000000000000e+00
9.324999999999999956e-01 0.000000000000000000e+00
9.334999999999999964e-01 1.454795996866951391e-04
9.344999999999999973e-01 0.000000000000000000e+00
9.354999999999999982e-01 0.000000000000000000e+00
9.364999999999999991e-01 0.000000000000000000e+00
9.375000000000000000e-01 0.000000000000000000e+00
9.385000000000000009e-01 0.000000000000000000e+00
9.395000000000000018e-01 0.000000000000000000e+00
9.405000000000000027e-01 1.454795996866951391e-04
9.415000000000000036e-01 0.000000000000000000e+00
9.425000000000000044e-01 0.000000000000000000e+00
9.435000000000000053e-01 0.000000000000000000e+00
9.445000000000000062e-01 1.454795996866951391e-04
9.455000000000000071e-01 1.454795996866951391e-04
9.465000000000000080e-01 1.454795996866951391e-04
9.475000000000000089e-01 0.000000000000000000e+00
9.485000000000000098e-01 0.000000000000000000e+00
9.495000000000000107e-01 0.000000000000000000e+00
9.505000000000000115e-01 0.000000000000000000e+00
9.515000000000000124e-01 1.454795996866951391e-04
9.525000000000000133e-01 0.000000000000000000e+00
9.535000000000000142e-01 0.000000000000000000e+00
9.545000000000000151e-01 0.000000000000000000e+00
9.555000000000000160e-01 1.454795996866951391e-04
9.565000000000000169e-01 0.000000000000000000e+00
9.575000000000000178e-01 0.000000000000000000e+00
9.585000000000000187e-01 0.000000000000000000e+00
9.595000000000000195e-01 0.000000000000000000e+00
9.605000000000000204e-01 0.000000000000000000e+00
9.615000000000000213e-01 0.000000000000000000e+00
9.625000000000000222e-01 0.000000000000000000e+00
9.635000000000000231e-01 0.000000000000000000e+00
9.645000000000000240e-01 0.000000000000000000e+00
9.655000000000000249e-01 0.000000000000000000e+00
9.665000000000000258e-01 0.000000000000000000e+00
9.675000000000000266e-01 0.000000000000000000e+00
9.685000000000000275e-01 0.000000000000000000e+00
9.695000000000000284e-01 0.000000000000000000e+00
9.705000000000000293e-01 0.000000000000000000e+00
9.715000000000000302e-01 0.000000000000000000e+00
9.725000000000000311e-01 1.454795996866951391e-04
9.735000000000000320e-01 0.000000000000000000e+00
9.745000000000000329e-01 0.000000000000000000e+00
9.755000000000000338e-01 0.000000000000000000e+00
9.765000000000000346e-01 0.000000000000000000e+00
9.775000000000000355e-01 1.454795996866951391e-04
9.785000000000000364e-01 0.000000000000000000e+00
9.795000000000000373e-01 0.000000000000000000e+00
9.805000000000000382e-01 0.000000000000000000e+00
9.815000000000000391e-01 0.000000000000000000e+00
9.825000000000000400e-01 0.000000000000000000e+00
9.835000000000000409e-01 0.000000000000000000e+00
9.845000000000000417e-01 0.000000000000000000e+00
9.855000000000000426e-01 0.000000000000000000e+00
9.865000000000000435e-01 0.000000000000000000e+00
9.875000000000000444e-01 0.000000000000000000e+00
9.885000000000000453e-01 0.000000000000000000e+00
9.895000000000000462e-01 0.000000000000000000e+00
9.905000000000000471e-01 0.000000000000000000e+00
9.915000000000000480e-01 0.000000000000000000e+00
9.925000000000000488e-01 0.000000000000000000e+00
9.935000000000000497e-01 0.000000000000000000e+00
9.945000000000000506e-01 0.000000000000000000e+00
9.955000000000000515e-01 0.000000000000000000e+00
9.965000000000000524e-01 0.000000000000000000e+00
9.975000000000000533e-01 0.000000000000000000e+00
9.985000000000000542e-01 0.000000000000000000e+00
9.995000000000000551e-01 0.000000000000000000e+00
1.000499999999999945e+00 0.000000000000000000e+00
