5.000000000000000104e-04 0.000000000000000000e+00
1.500000000000000031e-03 0.000000000000000000e+00
2.500000000000000052e-03 0.000000000000000000e+00
3.500000000000000073e-03 0.000000000000000000e+00
4.499999999999999660e-03 0.000000000000000000e+00
5.499999999999999681e-03 0.000000000000000000e+00
6.499999999999999702e-03 0.000000000000000000e+00
7.499999999999999722e-03 0.000000000000000000e+00
8.500000000000000611e-03 0.000000000000000000e+00
9.499999999999999764e-03 0.000000000000000000e+00
1.050000000000000065e-02 0.000000000000000000e+00
1.149999999999999981e-02 0.000000000000000000e+00
1.250000000000000069e-02 0.000000000000000000e+00
1.349999999999999985e-02 0.000000000000000000e+00
1.450000000000000074e-02 0.000000000000000000e+00
1.549999999999999989e-02 0.000000000000000000e+00
1.650000000000000078e-02 0.000000000000000000e+00
1.750000000000000167e-02 0.000000000000000000e+00
1.849999999999999908e-02 0.000000000000000000e+00
1.949999999999999997e-02 0.000000000000000000e+00
2.050000000000000086e-02 0.000000000000000000e+00
2.149999999999999828e-02 0.000000000000000000e+00
2.249999999999999917e-02 0.000000000000000000e+00
2.350000000000000006e-02 0.000000000000000000e+00
2.450000000000000094e-02 0.000000000000000000e+00
2.549999999999999836e-02 0.000000000000000000e+00
2.649999999999999925e-02 0.000000000000000000e+00
2.750000000000000014e-02 0.000000000000000000e+00
2.850000000000000103e-02 0.000000000000000000e+00
2.949999999999999845e-02 0.000000000000000000e+00
3.049999999999999933e-02 0.000000000000000000e+00
3.150000000000000022e-02 0.000000000000000000e+00
3.250000000000000111e-02 0.000000000000000000e+00
3.350000000000000200e-02 0.000000000000000000e+00
3.450000000000000289e-02 0.000000000000000000e+00
3.549999999999999684e-02 0.000000000000000000e+00
3.649999999999999772e-02 0.000000000000000000e+00
3.749999999999999861e-02 0.000000000000000000e+00
3.849999999999999950e-02 0.000000000000000000e+00
3.950000000000000039e-02 0.000000000000000000e+00
4.050000000000000128e-02 0.000000000000000000e+00
4.150000000000000216e-02 0.000000000000000000e+00
4.250000000000000305e-02 0.000000000000000000e+00
4.349999999999999700e-02 0.000000000000000000e+00
4.449999999999999789e-02 0.000000000000000000e+00
4.549999999999999878e-02 0.000000000000000000e+00
4.649999999999999967e-02 0.000000000000000000e+00
4.750000000000000056e-02 0.000000000000000000e+00
4.850000000000000144e-02 0.000000000000000000e+00
4.950000000000000233e-02 0.000000000000000000e+00
5.050000000000000322e-02 0.000000000000000000e+00
5.149999999999999717e-02 0.000000000000000000e+00
5.249999999999999806e-02 0.000000000000000000e+00
5.349999999999999895e-02 0.000000000000000000e+00
5.449999999999999983e-02 0.000000000000000000e+00
5.550000000000000072e-02 0.000000000000000000e+00
5.650000000000000161e-02 0.000000000000000000e+00
5.750000000000000250e-02 0.000000000000000000e+00
5.850000000000000339e-02 0.000000000000000000e+00
5.949999999999999734e-02 0.000000000000000000e+00
6.049999999999999822e-02 0.000000000000000000e+00
6.149999999999999911e-02 0.000000000000000000e+00
6.250000000000000000e-02 0.000000000000000000e+00
6.350000000000000089e-02 0.000000000000000000e+00
6.450000000000000178e-02 0.000000000000000000e+00
6.550000000000000266e-02 0.000000000000000000e+00
6.650000000000000355e-02 0.000000000000000000e+00
6.750000000000000444e-02 0.000000000000000000e+00
6.850000000000000533e-02 0.000000000000000000e+00
6.950000000000000622e-02 0.000000000000000000e+00
7.049999999999999323e-02 0.000000000000000000e+00
7.149999999999999412e-02 0.000000000000000000e+00
7.249999999999999500e-02 0.000000000000000000e+00
7.349999999999999589e-02 0.000000000000000000e+00
7.449999999999999678e-02 0.000000000000000000e+00
7.549999999999999767e-02 0.000000000000000000e+00
7.649999999999999856e-02 0.000000000000000000e+00
7.749999999999999944e-02 0.000000000000000000e+00
7.850000000000000033e-02 0.000000000000000000e+00
7.950000000000000122e-02 0.000000000000000000e+00
8.050000000000000211e-02 0.000000000000000000e+00
8.150000000000000300e-02 0.000000000000000000e+00
8.250000000000000389e-02 0.000000000000000000e+00
8.350000000000000477e-02 0.000000000000000000e+00
8.450000000000000566e-02 0.000000000000000000e+00
8.550000000000000655e-02 0.000000000000000000e+00
8.649999999999999356e-02 0.000000000000000000e+00
8.749999999999999445e-02 0.000000000000000000e+00
8.849999999999999534e-02 0.000000000000000000e+00
8.949999999999999623e-02 0.000000000000000000e+00
9.049999999999999711e-02 0.000000000000000000e+00
9.149999999999999800e-02 0.000000000000000000e+00
9.249999999999999889e-02 0.000000000000000000e+00
9.349999999999999978e-02 0.000000000000000000e+00
9.450000000000000067e-02 0.000000000000000000e+00
9.550000000000000155e-02 0.000000000000000000e+00
9.650000000000000244e-02 0.000000000000000000e+00
9.750000000000000333e-02 0.000000000000000000e+00
9.850000000000000422e-02 0.000000000000000000e+00
9.950000000000000511e-02 0.000000000000000000e+00
1.005000000000000060e-01 0.000000000000000000e+00
1.015000000000000069e-01 0.000000000000000000e+00
1.024999999999999939e-01 0.000000000000000000e+00
1.034999999999999948e-01 0.000000000000000000e+00
1.044999999999999957e-01 0.000000000000000000e+00
1.054999999999999966e-01 0.000000000000000000e+00
1.064999999999999974e-01 0.000000000000000000e+00
1.074999999999999983e-01 0.000000000000000000e+00
1.084999999999999992e-01 0.000000000000000000e+00
1.095000000000000001e-01 0.000000000000000000e+00
1.105000000000000010e-01 0.000000000000000000e+00
1.115000000000000019e-01 0.000000000000000000e+00
1.125000000000000028e-01 0.000000000000000000e+00
1.135000000000000037e-01 0.000000000000000000e+00
1.145000000000000046e-01 0.000000000000000000e+00
1.155000000000000054e-01 0.000000000000000000e+00
1.165000000000000063e-01 0.000000000000000000e+00
1.174999999999999933e-01 0.000000000000000000e+00
1.184999999999999942e-01 0.000000000000000000e+00
1.194999999999999951e-01 0.000000000000000000e+00
1.204999999999999960e-01 0.000000000000000000e+00
1.214999999999999969e-01 0.000000000000000000e+00
1.224999999999999978e-01 0.000000000000000000e+00
1.234999999999999987e-01 0.000000000000000000e+00
1.244999999999999996e-01 0.000000000000000000e+00
1.255000000000000004e-01 0.000000000000000000e+00
1.265000000000000013e-01 0.000000000000000000e+00
1.275000000000000022e-01 0.000000000000000000e+00
1.285000000000000031e-01 0.000000000000000000e+00
1.295000000000000040e-01 0.000000000000000000e+00
1.305000000000000049e-01 0.000000000000000000e+00
1.315000000000000058e-01 0.000000000000000000e+00
1.325000000000000067e-01 0.000000000000000000e+00
1.335000000000000075e-01 0.000000000000000000e+00
1.345000000000000084e-01 0.000000000000000000e+00
1.355000000000000093e-01 0.000000000000000000e+00
1.365000000000000102e-01 0.000000000000000000e+00
1.375000000000000111e-01 0.000000000000000000e+00
1.385000000000000120e-01 0.000000000000000000e+00
1.395000000000000129e-01 0.000000000000000000e+00
1.405000000000000138e-01 0.000000000000000000e+00
1.414999999999999869e-01 0.000000000000000000e+00
1.424999999999999878e-01 0.000000000000000000e+00
1.434999999999999887e-01 0.000000000000000000e+00
1.444999999999999896e-01 9.999999999999999547e-08
1.454999999999999905e-01 9.999999999999999547e-08
1.464999999999999913e-01 9.999999999999999547e-08
1.474999999999999922e-01 9.999999999999999547e-08
1.484999999999999931e-01 9.999999999999999547e-08
1.494999999999999940e-01 1.999999999999999909e-07
1.504999999999999949e-01 1.999999999999999909e-07
1.514999999999999958e-01 1.999999999999999909e-07
1.524999999999999967e-01 2.999999999999999864e-07
1.534999999999999976e-01 3.999999999999999819e-07
1.544999999999999984e-01 4.999999999999999774e-07
1.554999999999999993e-01 5.999999999999999728e-07
1.565000000000000002e-01 6.999999999999999683e-07
1.575000000000000011e-01 8.999999999999999593e-07
1.585000000000000020e-01 9.999999999999999547e-07
1.595000000000000029e-01 1.300000000000000047e-06
1.605000000000000038e-01 1.599999999999999928e-06
1.615000000000000047e-01 1.900000000000000020e-06
1.625000000000000056e-01 2.399999999999999891e-06
1.635000000000000064e-01 2.900000000000000186e-06
1.645000000000000073e-01 3.499999999999999947e-06
1.655000000000000082e-01 4.300000000000000335e-06
1.665000000000000091e-01 5.200000000000000188e-06
1.675000000000000100e-01 6.299999999999999821e-06
1.685000000000000109e-01 7.600000000000000080e-06
1.695000000000000118e-01 9.200000000000000007e-06
1.705000000000000127e-01 1.110000000000000045e-05
1.715000000000000135e-01 1.340000000000000045e-05
1.724999999999999867e-01 1.620000000000000075e-05
1.734999999999999876e-01 1.949999999999999965e-05
1.744999999999999885e-01 2.349999999999999862e-05
1.754999999999999893e-01 2.820000000000000105e-05
1.764999999999999902e-01 3.380000000000000165e-05
1.774999999999999911e-01 4.050000000000000187e-05
1.784999999999999920e-01 4.839999999999999739e-05
1.794999999999999929e-01 5.780000000000000225e-05
1.804999999999999938e-01 6.889999999999999424e-05
1.814999999999999947e-01 8.200000000000000095e-05
1.824999999999999956e-01 9.760000000000000067e-05
1.834999999999999964e-01 1.158999999999999982e-04
1.844999999999999973e-01 1.375000000000000083e-04
1.854999999999999982e-01 1.629000000000000023e-04
1.864999999999999991e-01 1.926999999999999948e-04
1.875000000000000000e-01 2.276000000000000028e-04
1.885000000000000009e-01 2.685000000000000212e-04
1.895000000000000018e-01 3.163999999999999929e-04
1.905000000000000027e-01 3.722999999999999964e-04
1.915000000000000036e-01 4.375000000000000091e-04
1.925000000000000044e-01 5.134000000000000109e-04
1.935000000000000053e-01 6.017000000000000430e-04
1.945000000000000062e-01 7.041999999999999866e-04
1.955000000000000071e-01 8.229999999999999469e-04
1.965000000000000080e-01 9.606999999999999871e-04
1.975000000000000089e-01 1.119900000000000062e-03
1.985000000000000098e-01 1.303700000000000084e-03
1.995000000000000107e-01 1.515700000000000033e-03
2.005000000000000115e-01 1.759799999999999949e-03
2.015000000000000124e-01 2.040500000000000213e-03
2.025000000000000133e-01 2.362799999999999970e-03
2.034999999999999865e-01 2.732500000000000120e-03
2.044999999999999873e-01 3.155799999999999838e-03
2.054999999999999882e-01 3.639799999999999893e-03
2.064999999999999891e-01 4.192500000000000046e-03
2.074999999999999900e-01 4.822800000000000351e-03
2.084999999999999909e-01 5.540500000000000286e-03
2.094999999999999918e-01 6.356599999999999577e-03
2.104999999999999927e-01 7.283300000000000364e-03
2.114999999999999936e-01 8.334199999999999942e-03
2.124999999999999944e-01 9.524200000000000027e-03
2.134999999999999953e-01 1.086980000000000064e-02
2.144999999999999962e-01 1.238919999999999952e-02
2.154999999999999971e-01 1.410259999999999986e-02
2.164999999999999980e-01 1.603190000000000170e-02
2.174999999999999989e-01 1.820139999999999952e-02
2.184999999999999998e-01 2.063749999999999959e-02
2.195000000000000007e-01 2.336910000000000029e-02
2.205000000000000016e-01 2.642790000000000070e-02
2.215000000000000024e-01 2.984819999999999834e-02
2.225000000000000033e-01 3.366740000000000010e-02
2.235000000000000042e-01 3.792609999999999731e-02
2.245000000000000051e-01 4.266820000000000335e-02
2.255000000000000060e-01 4.794120000000000326e-02
2.265000000000000069e-01 5.379640000000000116e-02
2.275000000000000078e-01 6.028879999999999656e-02
2.285000000000000087e-01 6.747789999999999344e-02
2.295000000000000095e-01 7.542709999999999693e-02
2.305000000000000104e-01 8.420469999999999344e-02
2.315000000000000113e-01 9.388340000000000574e-02
2.325000000000000122e-01 1.045407000000000003e-01
2.335000000000000131e-01 1.162591999999999931e-01
2.344999999999999862e-01 1.291266000000000080e-01
2.354999999999999871e-01 1.432355999999999907e-01
2.364999999999999880e-01 1.586845000000000061e-01
2.374999999999999889e-01 1.755768000000000051e-01
2.384999999999999898e-01 1.940215000000000134e-01
2.394999999999999907e-01 2.141330999999999929e-01
2.404999999999999916e-01 2.360314000000000023e-01
2.414999999999999925e-01 2.598418000000000117e-01
2.424999999999999933e-01 2.856949999999999767e-01
2.434999999999999942e-01 3.137268999999999752e-01
2.444999999999999951e-01 3.440783000000000036e-01
2.454999999999999960e-01 3.768950999999999829e-01
2.464999999999999969e-01 4.123277000000000192e-01
2.474999999999999978e-01 4.505308000000000090e-01
2.484999999999999987e-01 4.916631000000000196e-01
2.494999999999999996e-01 5.358867999999999965e-01
2.505000000000000004e-01 5.833673000000000330e-01
2.515000000000000013e-01 6.342725999999999642e-01
2.525000000000000022e-01 6.887727000000000155e-01
2.535000000000000031e-01 7.470388999999999502e-01
2.545000000000000040e-01 8.092433999999999461e-01
2.555000000000000049e-01 8.755583000000000116e-01
2.565000000000000058e-01 9.461549000000000209e-01
2.575000000000000067e-01 1.021203000000000083e+00
2.585000000000000075e-01 1.100869799999999898e+00
2.595000000000000084e-01 1.185318899999999953e+00
2.605000000000000093e-01 1.274709700000000057e+00
2.615000000000000102e-01 1.369195799999999963e+00
2.625000000000000111e-01 1.468924600000000025e+00
2.635000000000000120e-01 1.574035599999999979e+00
2.645000000000000129e-01 1.684659600000000035e+00
2.655000000000000138e-01 1.800917700000000066e+00
2.665000000000000147e-01 1.922919499999999893e+00
2.675000000000000155e-01 2.050762699999999938e+00
2.685000000000000164e-01 2.184531499999999848e+00
2.695000000000000173e-01 2.324295600000000128e+00
2.705000000000000182e-01 2.470108800000000215e+00
2.715000000000000191e-01 2.622008300000000069e+00
2.725000000000000200e-01 2.780013199999999962e+00
2.735000000000000209e-01 2.944123799999999846e+00
2.745000000000000218e-01 3.114320300000000152e+00
2.755000000000000226e-01 3.290562099999999823e+00
2.765000000000000235e-01 3.472786800000000174e+00
2.775000000000000244e-01 3.660909399999999980e+00
2.785000000000000253e-01 3.854821600000000181e+00
2.795000000000000262e-01 4.054391299999999809e+00
2.805000000000000271e-01 4.259462000000000081e+00
2.814999999999999725e-01 4.469852200000000053e+00
2.824999999999999734e-01 4.685355399999999726e+00
2.834999999999999742e-01 4.905739900000000375e+00
2.844999999999999751e-01 5.130748399999999876e+00
2.854999999999999760e-01 5.360098400000000041e+00
2.864999999999999769e-01 5.593482400000000077e+00
2.874999999999999778e-01 5.830568200000000090e+00
2.884999999999999787e-01 6.070999099999999871e+00
2.894999999999999796e-01 6.314394899999999922e+00
2.904999999999999805e-01 6.560352700000000148e+00
2.914999999999999813e-01 6.808447300000000091e+00
2.924999999999999822e-01 7.058232900000000143e+00
2.934999999999999831e-01 7.309243600000000285e+00
2.944999999999999840e-01 7.560995300000000086e+00
2.954999999999999849e-01 7.812986699999999729e+00
2.964999999999999858e-01 8.064700999999999453e+00
2.974999999999999867e-01 8.315607800000000438e+00
2.984999999999999876e-01 8.565164400000000455e+00
2.994999999999999885e-01 8.812817900000000648e+00
3.004999999999999893e-01 9.058007399999999265e+00
3.014999999999999902e-01 9.300165599999999699e+00
3.024999999999999911e-01 9.538721199999999456e+00
3.034999999999999920e-01 9.773100899999999314e+00
3.044999999999999929e-01 1.000273179999999940e+01
3.054999999999999938e-01 1.022704350000000062e+01
3.064999999999999947e-01 1.044547039999999960e+01
3.074999999999999956e-01 1.065745420000000010e+01
3.084999999999999964e-01 1.086244570000000031e+01
3.094999999999999973e-01 1.105990770000000012e+01
3.104999999999999982e-01 1.124931660000000022e+01
3.114999999999999991e-01 1.143016519999999936e+01
3.125000000000000000e-01 1.160196460000000052e+01
3.135000000000000009e-01 1.176424620000000054e+01
3.145000000000000018e-01 1.191656389999999988e+01
3.155000000000000027e-01 1.205849590000000049e+01
3.165000000000000036e-01 1.218964670000000083e+01
3.175000000000000044e-01 1.230964879999999972e+01
3.185000000000000053e-01 1.241816430000000082e+01
3.195000000000000062e-01 1.251488619999999941e+01
3.205000000000000071e-01 1.259954019999999986e+01
3.215000000000000080e-01 1.267188540000000074e+01
3.225000000000000089e-01 1.273171600000000048e+01
3.235000000000000098e-01 1.277886160000000082e+01
3.245000000000000107e-01 1.281318830000000020e+01
3.255000000000000115e-01 1.283459919999999954e+01
3.265000000000000124e-01 1.284303509999999982e+01
3.275000000000000133e-01 1.283847399999999972e+01
3.285000000000000142e-01 1.282093230000000084e+01
3.295000000000000151e-01 1.279046379999999949e+01
3.305000000000000160e-01 1.274715969999999921e+01
3.315000000000000169e-01 1.269114839999999944e+01
3.325000000000000178e-01 1.262259479999999989e+01
3.335000000000000187e-01 1.254169940000000061e+01
3.345000000000000195e-01 1.244869749999999975e+01
3.355000000000000204e-01 1.234385800000000089e+01
3.365000000000000213e-01 1.222748269999999948e+01
3.375000000000000222e-01 1.209990400000000044e+01
3.385000000000000231e-01 1.196148430000000040e+01
3.395000000000000240e-01 1.181261399999999995e+01
3.405000000000000249e-01 1.165370959999999911e+01
3.415000000000000258e-01 1.148521230000000060e+01
3.425000000000000266e-01 1.130758559999999946e+01
3.435000000000000275e-01 1.112131369999999997e+01
3.444999999999999729e-01 1.092689900000000058e+01
3.454999999999999738e-01 1.072486040000000074e+01
3.464999999999999747e-01 1.051573050000000009e+01
3.474999999999999756e-01 1.030005399999999938e+01
3.484999999999999765e-01 1.007838489999999965e+01
3.494999999999999774e-01 9.851284700000000782e+00
3.504999999999999782e-01 9.619319700000000140e+00
3.514999999999999791e-01 9.383058899999999980e+00
3.524999999999999800e-01 9.143071799999999527e+00
3.534999999999999809e-01 8.899926400000000015e+00
3.544999999999999818e-01 8.654186400000000390e+00
3.554999999999999827e-01 8.406409800000000487e+00
3.564999999999999836e-01 8.157146499999999634e+00
3.574999999999999845e-01 7.906936599999999871e+00
3.584999999999999853e-01 7.656308199999999786e+00
3.594999999999999862e-01 7.405776099999999751e+00
3.604999999999999871e-01 7.155839600000000189e+00
3.614999999999999880e-01 6.906981599999999943e+00
3.624999999999999889e-01 6.659666699999999828e+00
3.634999999999999898e-01 6.414340000000000153e+00
3.644999999999999907e-01 6.171426399999999646e+00
3.654999999999999916e-01 5.931328699999999898e+00
3.664999999999999925e-01 5.694427600000000034e+00
3.674999999999999933e-01 5.461080499999999560e+00
3.684999999999999942e-01 5.231620900000000240e+00
3.694999999999999951e-01 5.006357799999999969e+00
3.704999999999999960e-01 4.785575999999999830e+00
3.714999999999999969e-01 4.569535100000000405e+00
3.724999999999999978e-01 4.358469699999999669e+00
3.734999999999999987e-01 4.152589899999999723e+00
3.744999999999999996e-01 3.952080599999999944e+00
3.755000000000000004e-01 3.757102699999999906e+00
3.765000000000000013e-01 3.567792799999999875e+00
3.775000000000000022e-01 3.384264100000000219e+00
3.785000000000000031e-01 3.206606799999999868e+00
3.795000000000000040e-01 3.034889000000000170e+00
3.805000000000000049e-01 2.869157200000000074e+00
3.815000000000000058e-01 2.709437299999999826e+00
3.825000000000000067e-01 2.555735600000000218e+00
3.835000000000000075e-01 2.408039500000000110e+00
3.845000000000000084e-01 2.266318699999999797e+00
3.855000000000000093e-01 2.130526399999999931e+00
3.865000000000000102e-01 2.000599900000000098e+00
3.875000000000000111e-01 1.876462199999999969e+00
3.885000000000000120e-01 1.758022999999999891e+00
3.895000000000000129e-01 1.645179600000000075e+00
3.905000000000000138e-01 1.537818200000000024e+00
3.915000000000000147e-01 1.435815199999999958e+00
3.925000000000000155e-01 1.339037800000000056e+00
3.935000000000000164e-01 1.247345799999999949e+00
3.945000000000000173e-01 1.160591900000000010e+00
3.955000000000000182e-01 1.078623499999999957e+00
3.965000000000000191e-01 1.001282900000000087e+00
3.975000000000000200e-01 9.284090000000000398e-01
3.985000000000000209e-01 8.598377999999999854e-01
3.995000000000000218e-01 7.954033000000000353e-01
4.005000000000000226e-01 7.349383000000000443e-01
4.015000000000000235e-01 6.782755000000000312e-01
4.025000000000000244e-01 6.252478999999999676e-01
4.035000000000000253e-01 5.756892999999999594e-01
4.045000000000000262e-01 5.294356000000000062e-01
4.055000000000000271e-01 4.863244999999999929e-01
4.064999999999999725e-01 4.461968000000000045e-01
4.074999999999999734e-01 4.088961999999999875e-01
4.084999999999999742e-01 3.742701999999999973e-01
4.094999999999999751e-01 3.421700999999999770e-01
4.104999999999999760e-01 3.124515999999999960e-01
4.114999999999999769e-01 2.849748999999999755e-01
4.124999999999999778e-01 2.596047000000000216e-01
4.134999999999999787e-01 2.362110000000000043e-01
4.144999999999999796e-01 2.146685000000000121e-01
4.154999999999999805e-01 1.948573000000000111e-01
4.164999999999999813e-01 1.766623999999999972e-01
4.174999999999999822e-01 1.599743000000000137e-01
4.184999999999999831e-01 1.446884999999999977e-01
4.194999999999999840e-01 1.307058000000000109e-01
4.204999999999999849e-01 1.179322000000000009e-01
4.214999999999999858e-01 1.062784999999999980e-01
4.224999999999999867e-01 9.566070000000000129e-02
4.234999999999999876e-01 8.599959999999999549e-02
4.244999999999999885e-01 7.722049999999999748e-02
4.254999999999999893e-01 6.925359999999999849e-02
4.264999999999999902e-01 6.203329999999999955e-02
4.274999999999999911e-01 5.549819999999999753e-02
4.284999999999999920e-01 4.959120000000000195e-02
4.294999999999999929e-01 4.425889999999999685e-02
4.304999999999999938e-01 3.945189999999999808e-02
4.314999999999999947e-01 3.512400000000000244e-02
4.324999999999999956e-01 3.123269999999999866e-02
4.334999999999999964e-01 2.773849999999999927e-02
4.344999999999999973e-01 2.460510000000000128e-02
4.354999999999999982e-01 2.179889999999999953e-02
4.364999999999999991e-01 1.928910000000000000e-02
4.375000000000000000e-01 1.704730000000000134e-02
4.385000000000000009e-01 1.504750000000000011e-02
4.395000000000000018e-01 1.326600000000000001e-02
4.405000000000000027e-01 1.168100000000000041e-02
4.415000000000000036e-01 1.027269999999999919e-02
4.425000000000000044e-01 9.022999999999999771e-03
4.435000000000000053e-01 7.915600000000000067e-03
4.445000000000000062e-01 6.935499999999999825e-03
4.455000000000000071e-01 6.069299999999999695e-03
4.465000000000000080e-01 5.304699999999999867e-03
4.475000000000000089e-01 4.630699999999999747e-03
4.485000000000000098e-01 4.037299999999999743e-03
4.495000000000000107e-01 3.515499999999999962e-03
4.505000000000000115e-01 3.057499999999999888e-03
4.515000000000000124e-01 2.655699999999999988e-03
4.525000000000000133e-01 2.304000000000000058e-03
4.535000000000000142e-01 1.996299999999999897e-03
4.545000000000000151e-01 1.727500000000000086e-03
4.555000000000000160e-01 1.493100000000000026e-03
4.565000000000000169e-01 1.288899999999999942e-03
4.575000000000000178e-01 1.111199999999999905e-03
4.585000000000000187e-01 9.567999999999999465e-04
4.595000000000000195e-01 8.228999999999999987e-04
4.605000000000000204e-01 7.068000000000000498e-04
4.615000000000000213e-01 6.063000000000000464e-04
4.625000000000000222e-01 5.194999999999999965e-04
4.635000000000000231e-01 4.445000000000000166e-04
4.645000000000000240e-01 3.799000000000000185e-04
4.655000000000000249e-01 3.243000000000000223e-04
4.665000000000000258e-01 2.763999999999999964e-04
4.675000000000000266e-01 2.354000000000000027e-04
4.685000000000000275e-01 2.001999999999999873e-04
4.694999999999999729e-01 1.700000000000000122e-04
4.704999999999999738e-01 1.442000000000000085e-04
4.714999999999999747e-01 1.221000000000000134e-04
4.724999999999999756e-01 1.034000000000000061e-04
4.734999999999999765e-01 8.729999999999999425e-05
4.744999999999999774e-01 7.370000000000000249e-05
4.754999999999999782e-01 6.210000000000000513e-05
4.764999999999999791e-01 5.229999999999999732e-05
4.774999999999999800e-01 4.399999999999999886e-05
4.784999999999999809e-01 3.690000000000000246e-05
4.794999999999999818e-01 3.100000000000000135e-05
4.804999999999999827e-01 2.589999999999999936e-05
4.814999999999999836e-01 2.169999999999999891e-05
4.824999999999999845e-01 1.809999999999999950e-05
4.834999999999999853e-01 1.509999999999999942e-05
4.844999999999999862e-01 1.259999999999999964e-05
4.854999999999999871e-01 1.049999999999999942e-05
4.864999999999999880e-01 8.699999999999999712e-06
4.874999999999999889e-01 7.199999999999999674e-06
4.884999999999999898e-01 6.000000000000000152e-06
4.894999999999999907e-01 5.000000000000000409e-06
4.904999999999999916e-01 4.099999999999999709e-06
4.914999999999999925e-01 3.400000000000000058e-06
4.924999999999999933e-01 2.799999999999999873e-06
4.934999999999999942e-01 2.300000000000000002e-06
4.944999999999999951e-01 1.900000000000000020e-06
4.954999999999999960e-01 1.599999999999999928e-06
4.964999999999999969e-01 1.300000000000000047e-06
4.974999999999999978e-01 1.100000000000000056e-06
4.984999999999999987e-01 8.999999999999999593e-07
4.994999999999999996e-01 6.999999999999999683e-07
5.004999999999999449e-01 5.999999999999999728e-07
5.014999999999999458e-01 4.999999999999999774e-07
5.024999999999999467e-01 3.999999999999999819e-07
5.034999999999999476e-01 2.999999999999999864e-07
5.044999999999999485e-01 2.999999999999999864e-07
5.054999999999999494e-01 1.999999999999999909e-07
5.064999999999999503e-01 1.999999999999999909e-07
5.074999999999999512e-01 9.999999999999999547e-08
5.084999999999999520e-01 9.999999999999999547e-08
5.094999999999999529e-01 9.999999999999999547e-08
5.104999999999999538e-01 9.999999999999999547e-08
5.114999999999999547e-01 9.999999999999999547e-08
5.124999999999999556e-01 0.000000000000000000e+00
5.134999999999999565e-01 0.000000000000000000e+00
5.144999999999999574e-01 0.000000000000000000e+00
5.154999999999999583e-01 0.000000000000000000e+00
5.164999999999999591e-01 0.000000000000000000e+00
5.174999999999999600e-01 0.000000000000000000e+00
5.184999999999999609e-01 0.000000000000000000e+00
5.194999999999999618e-01 0.000000000000000000e+00
5.204999999999999627e-01 0.000000000000000000e+00
5.214999999999999636e-01 0.000000000000000000e+00
5.224999999999999645e-01 0.000000000000000000e+00
5.234999999999999654e-01 0.000000000000000000e+00
5.244999999999999662e-01 0.000000000000000000e+00
5.254999999999999671e-01 0.000000000000000000e+00
5.264999999999999680e-01 0.000000000000000000e+00
5.274999999999999689e-01 0.000000000000000000e+00
5.284999999999999698e-01 0.000000000000000000e+00
5.294999999999999707e-01 0.000000000000000000e+00
5.304999999999999716e-01 0.000000000000000000e+00
5.314999999999999725e-01 0.000000000000000000e+00
5.324999999999999734e-01 0.000000000000000000e+00
5.334999999999999742e-01 0.000000000000000000e+00
5.344999999999999751e-01 0.000000000000000000e+00
5.354999999999999760e-01 0.000000000000000000e+00
5.364999999999999769e-01 0.000000000000000000e+00
5.374999999999999778e-01 0.000000000000000000e+00
5.384999999999999787e-01 0.000000000000000000e+00
5.394999999999999796e-01 0.000000000000000000e+00
5.404999999999999805e-01 0.000000000000000000e+00
5.414999999999999813e-01 0.000000000000000000e+00
5.424999999999999822e-01 0.000000000000000000e+00
5.434999999999999831e-01 0.000000000000000000e+00
5.444999999999999840e-01 0.000000000000000000e+00
5.454999999999999849e-01 0.000000000000000000e+00
5.464999999999999858e-01 0.000000000000000000e+00
5.474999999999999867e-01 0.000000000000000000e+00
5.484999999999999876e-01 0.000000000000000000e+00
5.494999999999999885e-01 0.000000000000000000e+00
5.504999999999999893e-01 0.000000000000000000e+00
5.514999999999999902e-01 0.000000000000000000e+00
5.524999999999999911e-01 0.000000000000000000e+00
5.534999999999999920e-01 0.000000000000000000e+00
5.544999999999999929e-01 0.000000000000000000e+00
5.554999999999999938e-01 0.000000000000000000e+00
5.564999999999999947e-01 0.000000000000000000e+00
5.574999999999999956e-01 0.000000000000000000e+00
5.584999999999999964e-01 0.000000000000000000e+00
5.594999999999999973e-01 0.000000000000000000e+00
5.604999999999999982e-01 0.000000000000000000e+00
5.614999999999999991e-01 0.000000000000000000e+00
5.625000000000000000e-01 0.000000000000000000e+00
5.635000000000000009e-01 0.000000000000000000e+00
5.645000000000000018e-01 0.000000000000000000e+00
5.655000000000000027e-01 0.000000000000000000e+00
5.665000000000000036e-01 0.000000000000000000e+00
5.675000000000000044e-01 0.000000000000000000e+00
5.685000000000000053e-01 0.000000000000000000e+00
5.695000000000000062e-01 0.000000000000000000e+00
5.705000000000000071e-01 0.000000000000000000e+00
5.715000000000000080e-01 0.000000000000000000e+00
5.725000000000000089e-01 0.000000000000000000e+00
5.735000000000000098e-01 0.000000000000000000e+00
5.745000000000000107e-01 0.000000000000000000e+00
5.755000000000000115e-01 0.000000000000000000e+00
5.765000000000000124e-01 0.000000000000000000e+00
5.775000000000000133e-01 0.000000000000000000e+00
5.785000000000000142e-01 0.000000000000000000e+00
5.795000000000000151e-01 0.000000000000000000e+00
5.805000000000000160e-01 0.000000000000000000e+00
5.815000000000000169e-01 0.000000000000000000e+00
5.825000000000000178e-01 0.000000000000000000e+00
5.835000000000000187e-01 0.000000000000000000e+00
5.845000000000000195e-01 0.000000000000000000e+00
5.855000000000000204e-01 0.000000000000000000e+00
5.865000000000000213e-01 0.000000000000000000e+00
5.875000000000000222e-01 0.000000000000000000e+00
5.885000000000000231e-01 0.000000000000000000e+00
5.895000000000000240e-01 0.000000000000000000e+00
5.905000000000000249e-01 0.000000000000000000e+00
5.915000000000000258e-01 0.000000000000000000e+00
5.925000000000000266e-01 0.000000000000000000e+00
5.935000000000000275e-01 0.000000000000000000e+00
5.945000000000000284e-01 0.000000000000000000e+00
5.955000000000000293e-01 0.000000000000000000e+00
5.965000000000000302e-01 0.000000000000000000e+00
5.975000000000000311e-01 0.000000000000000000e+00
5.985000000000000320e-01 0.000000000000000000e+00
5.995000000000000329e-01 0.000000000000000000e+00
6.005000000000000338e-01 0.000000000000000000e+00
6.015000000000000346e-01 0.000000000000000000e+00
6.025000000000000355e-01 0.000000000000000000e+00
6.035000000000000364e-01 0.000000000000000000e+00
6.045000000000000373e-01 0.000000000000000000e+00
6.055000000000000382e-01 0.000000000000000000e+00
6.065000000000000391e-01 0.000000000000000000e+00
6.075000000000000400e-01 0.000000000000000000e+00
6.085000000000000409e-01 0.000000000000000000e+00
6.095000000000000417e-01 0.000000000000000000e+00
6.105000000000000426e-01 0.000000000000000000e+00
6.115000000000000435e-01 0.000000000000000000e+00
6.125000000000000444e-01 0.000000000000000000e+00
6.135000000000000453e-01 0.000000000000000000e+00
6.145000000000000462e-01 0.000000000000000000e+00
6.155000000000000471e-01 0.000000000000000000e+00
6.165000000000000480e-01 0.000000000000000000e+00
6.175000000000000488e-01 0.000000000000000000e+00
6.185000000000000497e-01 0.000000000000000000e+00
6.195000000000000506e-01 0.000000000000000000e+00
6.205000000000000515e-01 0.000000000000000000e+00
6.215000000000000524e-01 0.000000000000000000e+00
6.225000000000000533e-01 0.000000000000000000e+00
6.235000000000000542e-01 0.000000000000000000e+00
6.245000000000000551e-01 0.000000000000000000e+00
6.254999999999999449e-01 0.000000000000000000e+00
6.264999999999999458e-01 0.000000000000000000e+00
6.274999999999999467e-01 0.000000000000000000e+00
6.284999999999999476e-01 0.000000000000000000e+00
6.294999999999999485e-01 0.000000000000000000e+00
6.304999999999999494e-01 0.000000000000000000e+00
6.314999999999999503e-01 0.000000000000000000e+00
6.324999999999999512e-01 0.000000000000000000e+00
6.334999999999999520e-01 0.000000000000000000e+00
6.344999999999999529e-01 0.000000000000000000e+00
6.354999999999999538e-01 0.000000000000000000e+00
6.364999999999999547e-01 0.000000000000000000e+00
6.374999999999999556e-01 0.000000000000000000e+00
6.384999999999999565e-01 0.000000000000000000e+00
6.394999999999999574e-01 0.000000000000000000e+00
6.404999999999999583e-01 0.000000000000000000e+00
6.414999999999999591e-01 0.000000000000000000e+00
6.424999999999999600e-01 0.000000000000000000e+00
6.434999999999999609e-01 0.000000000000000000e+00
6.444999999999999618e-01 0.000000000000000000e+00
6.454999999999999627e-01 0.000000000000000000e+00
6.464999999999999636e-01 0.000000000000000000e+00
6.474999999999999645e-01 0.000000000000000000e+00
6.484999999999999654e-01 0.000000000000000000e+00
6.494999999999999662e-01 0.000000000000000000e+00
6.504999999999999671e-01 0.000000000000000000e+00
6.514999999999999680e-01 0.000000000000000000e+00
6.524999999999999689e-01 0.000000000000000000e+00
6.534999999999999698e-01 0.000000000000000000e+00
6.544999999999999707e-01 0.000000000000000000e+00
6.554999999999999716e-01 0.000000000000000000e+00
6.564999999999999725e-01 0.000000000000000000e+00
6.574999999999999734e-01 0.000000000000000000e+00
6.584999999999999742e-01 0.000000000000000000e+00
6.594999999999999751e-01 0.000000000000000000e+00
6.604999999999999760e-01 0.000000000000000000e+00
6.614999999999999769e-01 0.000000000000000000e+00
6.624999999999999778e-01 0.000000000000000000e+00
6.634999999999999787e-01 0.000000000000000000e+00
6.644999999999999796e-01 0.000000000000000000e+00
6.654999999999999805e-01 0.000000000000000000e+00
6.664999999999999813e-01 0.000000000000000000e+00
6.674999999999999822e-01 0.000000000000000000e+00
6.684999999999999831e-01 0.000000000000000000e+00
6.694999999999999840e-01 0.000000000000000000e+00
6.704999999999999849e-01 0.000000000000000000e+00
6.714999999999999858e-01 0.000000000000000000e+00
6.724999999999999867e-01 0.000000000000000000e+00
6.734999999999999876e-01 0.000000000000000000e+00
6.744999999999999885e-01 0.000000000000000000e+00
6.754999999999999893e-01 0.000000000000000000e+00
6.764999999999999902e-01 0.000000000000000000e+00
6.774999999999999911e-01 0.000000000000000000e+00
6.784999999999999920e-01 0.000000000000000000e+00
6.794999999999999929e-01 0.000000000000000000e+00
6.804999999999999938e-01 0.000000000000000000e+00
6.814999999999999947e-01 0.000000000000000000e+00
6.824999999999999956e-01 0.000000000000000000e+00
6.834999999999999964e-01 0.000000000000000000e+00
6.844999999999999973e-01 0.000000000000000000e+00
6.854999999999999982e-01 0.000000000000000000e+00
6.864999999999999991e-01 0.000000000000000000e+00
6.875000000000000000e-01 0.000000000000000000e+00
6.885000000000000009e-01 0.000000000000000000e+00
6.895000000000000018e-01 0.000000000000000000e+00
6.905000000000000027e-01 0.000000000000000000e+00
6.915000000000000036e-01 0.000000000000000000e+00
6.925000000000000044e-01 0.000000000000000000e+00
6.935000000000000053e-01 0.000000000000000000e+00
6.945000000000000062e-01 0.000000000000000000e+00
6.955000000000000071e-01 0.000000000000000000e+00
6.965000000000000080e-01 0.000000000000000000e+00
6.975000000000000089e-01 0.000000000000000000e+00
6.985000000000000098e-01 0.000000000000000000e+00
6.995000000000000107e-01 0.000000000000000000e+00
7.005000000000000115e-01 0.000000000000000000e+00
7.015000000000000124e-01 0.000000000000000000e+00
7.025000000000000133e-01 0.000000000000000000e+00
7.035000000000000142e-01 0.000000000000000000e+00
7.045000000000000151e-01 0.000000000000000000e+00
7.055000000000000160e-01 0.000000000000000000e+00
7.065000000000000169e-01 0.000000000000000000e+00
7.075000000000000178e-01 0.000000000000000000e+00
7.085000000000000187e-01 0.000000000000000000e+00
7.095000000000000195e-01 0.000000000000000000e+00
7.105000000000000204e-01 0.000000000000000000e+00
7.115000000000000213e-01 0.000000000000000000e+00
7.125000000000000222e-01 0.000000000000000000e+00
7.135000000000000231e-01 0.000000000000000000e+00
7.145000000000000240e-01 0.000000000000000000e+00
7.155000000000000249e-01 0.000000000000000000e+00
7.165000000000000258e-01 0.000000000000000000e+00
7.175000000000000266e-01 0.000000000000000000e+00
7.185000000000000275e-01 0.000000000000000000e+00
7.195000000000000284e-01 0.000000000000000000e+00
7.205000000000000293e-01 0.000000000000000000e+00
7.215000000000000302e-01 0.000000000000000000e+00
7.225000000000000311e-01 0.000000000000000000e+00
7.235000000000000320e-01 0.000000000000000000e+00
7.245000000000000329e-01 0.000000000000000000e+00
7.255000000000000338e-01 0.000000000000000000e+00
7.265000000000000346e-01 0.000000000000000000e+00
7.275000000000000355e-01 0.000000000000000000e+00
7.285000000000000364e-01 0.000000000000000000e+00
7.295000000000000373e-01 0.000000000000000000e+00
7.305000000000000382e-01 0.000000000000000000e+00
7.315000000000000391e-01 0.000000000000000000e+00
7.325000000000000400e-01 0.000000000000000000e+00
7.335000000000000409e-01 0.000000000000000000e+00
7.345000000000000417e-01 0.000000000000000000e+00
7.355000000000000426e-01 0.000000000000000000e+00
7.365000000000000435e-01 0.000000000000000000e+00
7.375000000000000444e-01 0.000000000000000000e+00
7.385000000000000453e-01 0.000000000000000000e+00
7.395000000000000462e-01 0.000000000000000000e+00
7.405000000000000471e-01 0.000000000000000000e+00
7.415000000000000480e-01 0.000000000000000000e+00
7.425000000000000488e-01 0.000000000000000000e+00
7.435000000000000497e-01 0.000000000000000000e+00
7.445000000000000506e-01 0.000000000000000000e+00
7.455000000000000515e-01 0.000000000000000000e+00
7.465000000000000524e-01 0.000000000000000000e+00
7.475000000000000533e-01 0.000000000000000000e+00
7.485000000000000542e-01 0.000000000000000000e+00
7.495000000000000551e-01 0.000000000000000000e+00
7.504999999999999449e-01 0.000000000000000000e+00
7.514999999999999458e-01 0.000000000000000000e+00
7.524999999999999467e-01 0.000000000000000000e+00
7.534999999999999476e-01 0.000000000000000000e+00
7.544999999999999485e-01 0.000000000000000000e+00
7.554999999999999494e-01 0.000000000000000000e+00
7.564999999999999503e-01 0.000000000000000000e+00
7.574999999999999512e-01 0.000000000000000000e+00
7.584999999999999520e-01 0.000000000000000000e+00
7.594999999999999529e-01 0.000000000000000000e+00
7.604999999999999538e-01 0.000000000000000000e+00
7.614999999999999547e-01 0.000000000000000000e+00
7.624999999999999556e-01 0.000000000000000000e+00
7.634999999999999565e-01 0.000000000000000000e+00
7.644999999999999574e-01 0.000000000000000000e+00
7.654999999999999583e-01 0.000000000000000000e+00
7.664999999999999591e-01 0.000000000000000000e+00
7.674999999999999600e-01 0.000000000000000000e+00
7.684999999999999609e-01 0.000000000000000000e+00
7.694999999999999618e-01 0.000000000000000000e+00
7.704999999999999627e-01 0.000000000000000000e+00
7.714999999999999636e-01 0.000000000000000000e+00
7.724999999999999645e-01 0.000000000000000000e+00
7.734999999999999654e-01 0.000000000000000000e+00
7.744999999999999662e-01 0.000000000000000000e+00
7.754999999999999671e-01 0.000000000000000000e+00
7.764999999999999680e-01 0.000000000000000000e+00
7.774999999999999689e-01 0.000000000000000000e+00
7.784999999999999698e-01 0.000000000000000000e+00
7.794999999999999707e-01 0.000000000000000000e+00
7.804999999999999716e-01 0.000000000000000000e+00
7.814999999999999725e-01 0.000000000000000000e+00
7.824999999999999734e-01 0.000000000000000000e+00
7.834999999999999742e-01 0.000000000000000000e+00
7.844999999999999751e-01 0.000000000000000000e+00
7.854999999999999760e-01 0.000000000000000000e+00
7.864999999999999769e-01 0.000000000000000000e+00
7.874999999999999778e-01 0.000000000000000000e+00
7.884999999999999787e-01 0.000000000000000000e+00
7.894999999999999796e-01 0.000000000000000000e+00
7.904999999999999805e-01 0.000000000000000000e+00
7.914999999999999813e-01 0.000000000000000000e+00
7.924999999999999822e-01 0.000000000000000000e+00
7.934999999999999831e-01 0.000000000000000000e+00
7.944999999999999840e-01 0.000000000000000000e+00
7.954999999999999849e-01 0.000000000000000000e+00
7.964999999999999858e-01 0.000000000000000000e+00
7.974999999999999867e-01 0.000000000000000000e+00
7.984999999999999876e-01 0.000000000000000000e+00
7.994999999999999885e-01 0.000000000000000000e+00
8.004999999999999893e-01 0.000000000000000000e+00
8.014999999999999902e-01 0.000000000000000000e+00
8.024999999999999911e-01 0.000000000000000000e+00
8.034999999999999920e-01 0.000000000000000000e+00
8.044999999999999929e-01 0.000000000000000000e+00
8.054999999999999938e-01 0.000000000000000000e+00
8.064999999999999947e-01 0.000000000000000000e+00
8.074999999999999956e-01 0.000000000000000000e+00
8.084999999999999964e-01 0.000000000000000000e+00
8.094999999999999973e-01 0.000000000000000000e+00
8.104999999999999982e-01 0.000000000000000000e+00
8.114999999999999991e-01 0.000000000000000000e+00
8.125000000000000000e-01 0.000000000000000000e+00
8.135000000000000009e-01 0.000000000000000000e+00
8.145000000000000018e-01 0.000000000000000000e+00
8.155000000000000027e-01 0.000000000000000000e+00
8.165000000000000036e-01 0.000000000000000000e+00
8.175000000000000044e-01 0.000000000000000000e+00
8.185000000000000053e-01 0.000000000000000000e+00
8.195000000000000062e-01 0.000000000000000000e+00
8.205000000000000071e-01 0.000000000000000000e+00
8.215000000000000080e-01 0.000000000000000000e+00
8.225000000000000089e-01 0.000000000000000000e+00
8.235000000000000098e-01 0.000000000000000000e+00
8.245000000000000107e-01 0.000000000000000000e+00
8.255000000000000115e-01 0.000000000000000000e+00
8.265000000000000124e-01 0.000000000000000000e+00
8.275000000000000133e-01 0.000000000000000000e+00
8.285000000000000142e-01 0.000000000000000000e+00
8.295000000000000151e-01 0.000000000000000000e+00
8.305000000000000160e-01 0.000000000000000000e+00
8.315000000000000169e-01 0.000000000000000000e+00
8.325000000000000178e-01 0.000000000000000000e+00
8.335000000000000187e-01 0.000000000000000000e+00
8.345000000000000195e-01 0.000000000000000000e+00
8.355000000000000204e-01 0.000000000000000000e+00
8.365000000000000213e-01 0.000000000000000000e+00
8.375000000000000222e-01 0.000000000000000000e+00
8.385000000000000231e-01 0.000000000000000000e+00
8.395000000000000240e-01 0.000000000000000000e+00
8.405000000000000249e-01 0.000000000000000000e+00
8.415000000000000258e-01 0.000000000000000000e+00
8.425000000000000266e-01 0.000000000000000000e+00
8.435000000000000275e-01 0.000000000000000000e+00
8.445000000000000284e-01 0.000000000000000000e+00
8.455000000000000293e-01 0.000000000000000000e+00
8.465000000000000302e-01 0.000000000000000000e+00
8.475000000000000311e-01 0.000000000000000000e+00
8.485000000000000320e-01 0.000000000000000000e+00
8.495000000000000329e-01 0.000000000000000000e+00
8.505000000000000338e-01 0.000000000000000000e+00
8.515000000000000346e-01 0.000000000000000000e+00
8.525000000000000355e-01 0.000000000000000000e+00
8.535000000000000364e-01 0.000000000000000000e+00
8.545000000000000373e-01 0.000000000000000000e+00
8.555000000000000382e-01 0.000000000000000000e+00
8.565000000000000391e-01 0.000000000000000000e+00
8.575000000000000400e-01 0.000000000000000000e+00
8.585000000000000409e-01 0.000000000000000000e+00
8.595000000000000417e-01 0.000000000000000000e+00
8.605000000000000426e-01 0.000000000000000000e+00
8.615000000000000435e-01 0.000000000000000000e+00
8.625000000000000444e-01 0.000000000000000000e+00
8.635000000000000453e-01 0.000000000000000000e+00
8.645000000000000462e-01 0.000000000000000000e+00
8.655000000000000471e-01 0.000000000000000000e+00
8.665000000000000480e-01 0.000000000000000000e+00
8.675000000000000488e-01 0.000000000000000000e+00
8.685000000000000497e-01 0.000000000000000000e+00
8.695000000000000506e-01 0.000000000000000000e+00
8.705000000000000515e-01 0.000000000000000000e+00
8.715000000000000524e-01 0.000000000000000000e+00
8.725000000000000533e-01 0.000000000000000000e+00
8.735000000000000542e-01 0.000000000000000000e+00
8.745000000000000551e-01 0.000000000000000000e+00
8.754999999999999449e-01 0.000000000000000000e+00
8.764999999999999458e-01 0.000000000000000000e+00
8.774999999999999467e-01 0.000000000000000000e+00
8.784999999999999476e-01 0.000000000000000000e+00
8.794999999999999485e-01 0.000000000000000000e+00
8.804999999999999494e-01 0.000000000000000000e+00
8.814999999999999503e-01 0.000000000000000000e+00
8.824999999999999512e-01 0.000000000000000000e+00
8.834999999999999520e-01 0.000000000000000000e+00
8.844999999999999529e-01 0.000000000000000000e+00
8.854999999999999538e-01 0.000000000000000000e+00
8.864999999999999547e-01 0.000000000000000000e+00
8.874999999999999556e-01 0.000000000000000000e+00
8.884999999999999565e-01 0.000000000000000000e+00
8.894999999999999574e-01 0.000000000000000000e+00
8.904999999999999583e-01 0.000000000000000000e+00
8.914999999999999591e-01 0.000000000000000000e+00
8.924999999999999600e-01 0.000000000000000000e+00
8.934999999999999609e-01 0.000000000000000000e+00
8.944999999999999618e-01 0.000000000000000000e+00
8.954999999999999627e-01 0.000000000000000000e+00
8.964999999999999636e-01 0.000000000000000000e+00
8.974999999999999645e-01 0.000000000000000000e+00
8.984999999999999654e-01 0.000000000000000000e+00
8.994999999999999662e-01 0.000000000000000000e+00
9.004999999999999671e-01 0.000000000000000000e+00
9.014999999999999680e-01 0.000000000000000000e+00
9.024999999999999689e-01 0.000000000000000000e+00
9.034999999999999698e-01 0.000000000000000000e+00
9.044999999999999707e-01 0.000000000000000000e+00
9.054999999999999716e-01 0.000000000000000000e+00
9.064999999999999725e-01 0.000000000000000000e+00
9.074999999999999734e-01 0.000000000000000000e+00
9.084999999999999742e-01 0.000000000000000000e+00
9.094999999999999751e-01 0.000000000000000000e+00
9.104999999999999760e-01 0.000000000000000000e+00
9.114999999999999769e-01 0.000000000000000000e+00
9.124999999999999778e-01 0.000000000000000000e+00
9.134999999999999787e-01 0.000000000000000000e+00
9.144999999999999796e-01 0.000000000000000000e+00
9.154999999999999805e-01 0.000000000000000000e+00
9.164999999999999813e-01 0.000000000000000000e+00
9.174999999999999822e-01 0.000000000000000000e+00
9.184999999999999831e-01 0.000000000000000000e+00
9.194999999999999840e-01 0.000000000000000000e+00
9.204999999999999849e-01 0.000000000000000000e+00
9.214999999999999858e-01 0.000000000000000000e+00
9.224999999999999867e-01 0.000000000000000000e+00
9.234999999999999876e-01 0.000000000000000000e+00
9.244999999999999885e-01 0.000000000000000000e+00
9.254999999999999893e-01 0.000000000000000000e+00
9.264999999999999902e-01 0.000000000000000000e+00
9.274999999999999911e-01 0.000000000000000000e+00
9.284999999999999920e-01 0.000000000000000000e+00
9.294999999999999929e-01 0.000000000000000000e+00
9.304999999999999938e-01 0.000000000000000000e+00
9.314999999999999947e-01 0.000000000000000000e+00
9.324999999999999956e-01 0.000000000000000000e+00
9.334999999999999964e-01 0.000000000000000000e+00
9.344999999999999973e-01 0.000000000000000000e+00
9.354999999999999982e-01 0.000000000000000000e+00
9.364999999999999991e-01 0.000000000000000000e+00
9.375000000000000000e-01 0.000000000000000000e+00
9.385000000000000009e-01 0.000000000000000000e+00
9.395000000000000018e-01 0.000000000000000000e+00
9.405000000000000027e-01 0.000000000000000000e+00
9.415000000000000036e-01 0.000000000000000000e+00
9.425000000000000044e-01 0.000000000000000000e+00
9.435000000000000053e-01 0.000000000000000000e+00
9.445000000000000062e-01 0.000000000000000000e+00
9.455000000000000071e-01 0.000000000000000000e+00
9.465000000000000080e-01 0.000000000000000000e+00
9.475000000000000089e-01 0.000000000000000000e+00
9.485000000000000098e-01 0.000000000000000000e+00
9.495000000000000107e-01 0.000000000000000000e+00
9.505000000000000115e-01 0.000000000000000000e+00
9.515000000000000124e-01 0.000000000000000000e+00
9.525000000000000133e-01 0.000000000000000000e+00
9.535000000000000142e-01 0.000000000000000000e+00
9.545000000000000151e-01 0.000000000000000000e+00
9.555000000000000160e-01 0.000000000000000000e+00
9.565000000000000169e-01 0.000000000000000000e+00
9.575000000000000178e-01 0.000000000000000000e+00
9.585000000000000187e-01 0.000000000000000000e+00
9.595000000000000195e-01 0.000000000000000000e+00
9.605000000000000204e-01 0.000000000000000000e+00
9.615000000000000213e-01 0.000000000000000000e+00
9.625000000000000222e-01 0.000000000000000000e+00
9.635000000000000231e-01 0.000000000000000000e+00
9.645000000000000240e-01 0.000000000000000000e+00
9.655000000000000249e-01 0.000000000000000000e+00
9.665000000000000258e-01 0.000000000000000000e+00
9.675000000000000266e-01 0.000000000000000000e+00
9.685000000000000275e-01 0.000000000000000000e+00
9.695000000000000284e-01 0.000000000000000000e+00
9.705000000000000293e-01 0.000000000000000000e+00
9.715000000000000302e-01 0.000000000000000000e+00
9.725000000000000311e-01 0.000000000000000000e+00
9.735000000000000320e-01 0.000000000000000000e+00
9.745000000000000329e-01 0.000000000000000000e+00
9.755000000000000338e-01 0.000000000000000000e+00
9.765000000000000346e-01 0.000000000000000000e+00
9.775000000000000355e-01 0.000000000000000000e+00
9.785000000000000364e-01 0.000000000000000000e+00
9.795000000000000373e-01 0.000000000000000000e+00
9.805000000000000382e-01 0.000000000000000000e+00
9.815000000000000391e-01 0.000000000000000000e+00
9.825000000000000400e-01 0.000000000000000000e+00
9.835000000000000409e-01 0.000000000000000000e+00
9.845000000000000417e-01 0.000000000000000000e+00
9.855000000000000426e-01 0.000000000000000000e+00
9.865000000000000435e-01 0.000000000000000000e+00
9.875000000000000444e-01 0.000000000000000000e+00
9.885000000000000453e-01 0.000000000000000000e+00
9.895000000000000462e-01 0.000000000000000000e+00
9.905000000000000471e-01 0.000000000000000000e+00
9.915000000000000480e-01 0.000000000000000000e+00
9.925000000000000488e-01 0.000000000000000000e+00
9.935000000000000497e-01 0.000000000000000000e+00
9.945000000000000506e-01 0.000000000000000000e+00
9.955000000000000515e-01 0.000000000000000000e+00
9.965000000000000524e-01 0.000000000000000000e+00
9.975000000000000533e-01 0.000000000000000000e+00
9.985000000000000542e-01 0.000000000000000000e+00
9.995000000000000551e-01 0.000000000000000000e+00
