5.000000000000000104e-04 0.000000000000000000e+00
1.500000000000000031e-03 0.000000000000000000e+00
2.500000000000000052e-03 0.000000000000000000e+00
3.500000000000000073e-03 0.000000000000000000e+00
4.499999999999999660e-03 0.000000000000000000e+00
5.499999999999999681e-03 0.000000000000000000e+00
6.499999999999999702e-03 0.000000000000000000e+00
7.499999999999999722e-03 0.000000000000000000e+00
8.500000000000000611e-03 0.000000000000000000e+00
9.499999999999999764e-03 0.000000000000000000e+00
1.050000000000000065e-02 0.000000000000000000e+00
1.149999999999999981e-02 0.000000000000000000e+00
1.250000000000000069e-02 0.000000000000000000e+00
1.349999999999999985e-02 0.000000000000000000e+00
1.450000000000000074e-02 0.000000000000000000e+00
1.549999999999999989e-02 0.000000000000000000e+00
1.650000000000000078e-02 0.000000000000000000e+00
1.750000000000000167e-02 0.000000000000000000e+00
1.849999999999999908e-02 0.000000000000000000e+00
1.949999999999999997e-02 0.000000000000000000e+00
2.050000000000000086e-02 0.000000000000000000e+00
2.149999999999999828e-02 0.000000000000000000e+00
2.249999999999999917e-02 0.000000000000000000e+00
2.350000000000000006e-02 0.000000000000000000e+00
2.450000000000000094e-02 0.000000000000000000e+00
2.549999999999999836e-02 0.000000000000000000e+00
2.649999999999999925e-02 0.000000000000000000e+00
2.750000000000000014e-02 0.000000000000000000e+00
2.850000000000000103e-02 0.000000000000000000e+00
2.949999999999999845e-02 0.000000000000000000e+00
3.049999999999999933e-02 0.000000000000000000e+00
3.150000000000000022e-02 0.000000000000000000e+00
3.250000000000000111e-02 0.000000000000000000e+00
3.350000000000000200e-02 0.000000000000000000e+00
3.450000000000000289e-02 0.000000000000000000e+00
3.549999999999999684e-02 0.000000000000000000e+00
3.649999999999999772e-02 0.000000000000000000e+00
3.749999999999999861e-02 0.000000000000000000e+00
3.849999999999999950e-02 0.000000000000000000e+00
3.950000000000000039e-02 0.000000000000000000e+00
4.050000000000000128e-02 0.000000000000000000e+00
4.150000000000000216e-02 0.000000000000000000e+00
4.250000000000000305e-02 0.000000000000000000e+00
4.349999999999999700e-02 0.000000000000000000e+00
4.449999999999999789e-02 0.000000000000000000e+00
4.549999999999999878e-02 0.000000000000000000e+00
4.649999999999999967e-02 0.000000000000000000e+00
4.750000000000000056e-02 0.000000000000000000e+00
4.850000000000000144e-02 0.000000000000000000e+00
4.950000000000000233e-02 0.000000000000000000e+00
5.050000000000000322e-02 0.000000000000000000e+00
5.149999999999999717e-02 0.000000000000000000e+00
5.249999999999999806e-02 0.000000000000000000e+00
5.349999999999999895e-02 0.000000000000000000e+00
5.449999999999999983e-02 0.000000000000000000e+00
5.550000000000000072e-02 0.000000000000000000e+00
5.650000000000000161e-02 0.000000000000000000e+00
5.750000000000000250e-02 0.000000000000000000e+00
5.850000000000000339e-02 0.000000000000000000e+00
5.949999999999999734e-02 0.000000000000000000e+00
6.049999999999999822e-02 0.000000000000000000e+00
6.149999999999999911e-02 0.000000000000000000e+00
6.250000000000000000e-02 0.000000000000000000e+00
6.350000000000000089e-02 0.000000000000000000e+00
6.450000000000000178e-02 0.000000000000000000e+00
6.550000000000000266e-02 0.000000000000000000e+00
6.650000000000000355e-02 0.000000000000000000e+00
6.750000000000000444e-02 0.000000000000000000e+00
6.850000000000000533e-02 0.000000000000000000e+00
6.950000000000000622e-02 0.000000000000000000e+00
7.049999999999999323e-02 0.000000000000000000e+00
7.149999999999999412e-02 0.000000000000000000e+00
7.249999999999999500e-02 0.000000000000000000e+00
7.349999999999999589e-02 0.000000000000000000e+00
7.449999999999999678e-02 0.000000000000000000e+00
7.549999999999999767e-02 0.000000000000000000e+00
7.649999999999999856e-02 0.000000000000000000e+00
7.749999999999999944e-02 0.000000000000000000e+00
7.850000000000000033e-02 0.000000000000000000e+00
7.950000000000000122e-02 0.000000000000000000e+00
8.050000000000000211e-02 0.000000000000000000e+00
8.150000000000000300e-02 0.000000000000000000e+00
8.250000000000000389e-02 0.000000000000000000e+00
8.350000000000000477e-02 0.000000000000000000e+00
8.450000000000000566e-02 0.000000000000000000e+00
8.550000000000000655e-02 0.000000000000000000e+00
8.649999999999999356e-02 0.000000000000000000e+00
8.749999999999999445e-02 0.000000000000000000e+00
8.849999999999999534e-02 0.000000000000000000e+00
8.949999999999999623e-02 0.000000000000000000e+00
9.049999999999999711e-02 0.000000000000000000e+00
9.149999999999999800e-02 0.000000000000000000e+00
9.249999999999999889e-02 0.000000000000000000e+00
9.349999999999999978e-02 0.000000000000000000e+00
9.450000000000000067e-02 0.000000000000000000e+00
9.550000000000000155e-02 0.000000000000000000e+00
9.650000000000000244e-02 0.000000000000000000e+00
9.750000000000000333e-02 0.000000000000000000e+00
9.850000000000000422e-02 0.000000000000000000e+00
9.950000000000000511e-02 0.000000000000000000e+00
1.005000000000000060e-01 9.999999999999999547e-08
1.015000000000000069e-01 9.999999999999999547e-08
1.024999999999999939e-01 9.999999999999999547e-08
1.034999999999999948e-01 9.999999999999999547e-08
1.044999999999999957e-01 9.999999999999999547e-08
1.054999999999999966e-01 1.999999999999999909e-07
1.064999999999999974e-01 1.999999999999999909e-07
1.074999999999999983e-01 2.999999999999999864e-07
1.084999999999999992e-01 2.999999999999999864e-07
1.095000000000000001e-01 3.999999999999999819e-07
1.105000000000000010e-01 4.999999999999999774e-07
1.115000000000000019e-01 6.999999999999999683e-07
1.125000000000000028e-01 7.999999999999999638e-07
1.135000000000000037e-01 9.999999999999999547e-07
1.145000000000000046e-01 1.199999999999999946e-06
1.155000000000000054e-01 1.500000000000000038e-06
1.165000000000000063e-01 1.900000000000000020e-06
1.174999999999999933e-01 2.300000000000000002e-06
1.184999999999999942e-01 2.900000000000000186e-06
1.194999999999999951e-01 3.499999999999999947e-06
1.204999999999999960e-01 4.300000000000000335e-06
1.214999999999999969e-01 5.300000000000000078e-06
1.224999999999999978e-01 6.499999999999999600e-06
1.234999999999999987e-01 7.900000000000000595e-06
1.244999999999999996e-01 9.700000000000000302e-06
1.255000000000000004e-01 1.180000000000000052e-05
1.265000000000000013e-01 1.439999999999999935e-05
1.275000000000000022e-01 1.739999999999999942e-05
1.285000000000000031e-01 2.110000000000000127e-05
1.295000000000000040e-01 2.559999999999999884e-05
1.305000000000000049e-01 3.089999999999999892e-05
1.315000000000000058e-01 3.740000000000000106e-05
1.325000000000000067e-01 4.500000000000000283e-05
1.335000000000000075e-01 5.420000000000000284e-05
1.345000000000000084e-01 6.509999999999999674e-05
1.355000000000000093e-01 7.820000000000000345e-05
1.365000000000000102e-01 9.370000000000000074e-05
1.375000000000000111e-01 1.121000000000000008e-04
1.385000000000000120e-01 1.340000000000000045e-04
1.395000000000000129e-01 1.599000000000000107e-04
1.405000000000000138e-01 1.904999999999999955e-04
1.414999999999999869e-01 2.267000000000000081e-04
1.424999999999999878e-01 2.692999999999999864e-04
1.434999999999999887e-01 3.194000000000000116e-04
1.444999999999999896e-01 3.783999999999999820e-04
1.454999999999999905e-01 4.475999999999999836e-04
1.464999999999999913e-01 5.287000000000000033e-04
1.474999999999999922e-01 6.235999999999999790e-04
1.484999999999999931e-01 7.343999999999999617e-04
1.494999999999999940e-01 8.637000000000000146e-04
1.504999999999999949e-01 1.014200000000000041e-03
1.514999999999999958e-01 1.189299999999999906e-03
1.524999999999999967e-01 1.392699999999999971e-03
1.534999999999999976e-01 1.628399999999999900e-03
1.544999999999999984e-01 1.901300000000000082e-03
1.554999999999999993e-01 2.216699999999999834e-03
1.565000000000000002e-01 2.580700000000000008e-03
1.575000000000000011e-01 3.000300000000000016e-03
1.585000000000000020e-01 3.482999999999999985e-03
1.595000000000000029e-01 4.037599999999999696e-03
1.605000000000000038e-01 4.673799999999999656e-03
1.615000000000000047e-01 5.402500000000000184e-03
1.625000000000000056e-01 6.235799999999999677e-03
1.635000000000000064e-01 7.187500000000000312e-03
1.645000000000000073e-01 8.272699999999999151e-03
1.655000000000000082e-01 9.508000000000000826e-03
1.665000000000000091e-01 1.091239999999999918e-02
1.675000000000000100e-01 1.250629999999999971e-02
1.685000000000000109e-01 1.431280000000000052e-02
1.695000000000000118e-01 1.635690000000000061e-02
1.705000000000000127e-01 1.866659999999999847e-02
1.715000000000000135e-01 2.127230000000000093e-02
1.724999999999999867e-01 2.420740000000000045e-02
1.734999999999999876e-01 2.750870000000000051e-02
1.744999999999999885e-01 3.121619999999999950e-02
1.754999999999999893e-01 3.537359999999999810e-02
1.764999999999999902e-01 4.002839999999999870e-02
1.774999999999999911e-01 4.523209999999999731e-02
1.784999999999999920e-01 5.104070000000000135e-02
1.794999999999999929e-01 5.751479999999999787e-02
1.804999999999999938e-01 6.471949999999999925e-02
1.814999999999999947e-01 7.272520000000000373e-02
1.824999999999999956e-01 8.160749999999999948e-02
1.834999999999999964e-01 9.144729999999999526e-02
1.844999999999999973e-01 1.023315000000000058e-01
1.854999999999999982e-01 1.143524000000000068e-01
1.864999999999999991e-01 1.276087999999999945e-01
1.875000000000000000e-01 1.422053000000000067e-01
1.885000000000000009e-01 1.582532000000000105e-01
1.895000000000000018e-01 1.758697999999999928e-01
1.905000000000000027e-01 1.951793000000000000e-01
1.915000000000000036e-01 2.163120000000000043e-01
1.925000000000000044e-01 2.394050000000000067e-01
1.935000000000000053e-01 2.646017999999999981e-01
1.945000000000000062e-01 2.920521999999999840e-01
1.955000000000000071e-01 3.219121999999999817e-01
1.965000000000000080e-01 3.543439999999999923e-01
1.975000000000000089e-01 3.895153000000000088e-01
1.985000000000000098e-01 4.275995000000000212e-01
1.995000000000000107e-01 4.687749999999999972e-01
2.005000000000000115e-01 5.132244999999999724e-01
2.015000000000000124e-01 5.611353999999999509e-01
2.025000000000000133e-01 6.126981000000000233e-01
2.034999999999999865e-01 6.681059999999999777e-01
2.044999999999999873e-01 7.275547999999999460e-01
2.054999999999999882e-01 7.912413999999999836e-01
2.064999999999999891e-01 8.593631999999999938e-01
2.074999999999999900e-01 9.321169999999999733e-01
2.084999999999999909e-01 1.009698200000000101e+00
2.094999999999999918e-01 1.092299700000000096e+00
2.104999999999999927e-01 1.180110500000000062e+00
2.114999999999999936e-01 1.273314800000000080e+00
2.124999999999999944e-01 1.372090699999999996e+00
2.134999999999999953e-01 1.476608700000000107e+00
2.144999999999999962e-01 1.587030399999999952e+00
2.154999999999999971e-01 1.703507399999999894e+00
2.164999999999999980e-01 1.826179599999999903e+00
2.174999999999999989e-01 1.955173899999999909e+00
2.184999999999999998e-01 2.090602599999999978e+00
2.195000000000000007e-01 2.232562399999999947e+00
2.205000000000000016e-01 2.381132399999999816e+00
2.215000000000000024e-01 2.536373100000000047e+00
2.225000000000000033e-01 2.698325000000000085e+00
2.235000000000000042e-01 2.867007000000000083e+00
2.245000000000000051e-01 3.042415599999999998e+00
2.255000000000000060e-01 3.224523299999999981e+00
2.265000000000000069e-01 3.413277599999999801e+00
2.275000000000000078e-01 3.608600099999999866e+00
2.285000000000000087e-01 3.810385399999999922e+00
2.295000000000000095e-01 4.018500500000000031e+00
2.305000000000000104e-01 4.232783999999999658e+00
2.315000000000000113e-01 4.453045300000000317e+00
2.325000000000000122e-01 4.679064799999999913e+00
2.335000000000000131e-01 4.910592900000000149e+00
2.344999999999999862e-01 5.147350499999999940e+00
2.354999999999999871e-01 5.389028699999999894e+00
2.364999999999999880e-01 5.635289300000000168e+00
2.374999999999999889e-01 5.885764899999999855e+00
2.384999999999999898e-01 6.140059700000000120e+00
2.394999999999999907e-01 6.397749899999999990e+00
2.404999999999999916e-01 6.658385299999999951e+00
2.414999999999999925e-01 6.921489700000000411e+00
2.424999999999999933e-01 7.186562399999999684e+00
2.434999999999999942e-01 7.453079699999999974e+00
2.444999999999999951e-01 7.720496500000000317e+00
2.454999999999999960e-01 7.988247999999999571e+00
2.464999999999999969e-01 8.255751599999999968e+00
2.474999999999999978e-01 8.522408799999999118e+00
2.484999999999999987e-01 8.787607500000000016e+00
2.494999999999999996e-01 9.050724400000000003e+00
2.505000000000000004e-01 9.311127100000000212e+00
2.515000000000000013e-01 9.568176599999999254e+00
2.525000000000000022e-01 9.821230200000000465e+00
2.535000000000000031e-01 1.006964359999999914e+01
2.545000000000000040e-01 1.031277389999999983e+01
2.555000000000000049e-01 1.054998220000000053e+01
2.565000000000000058e-01 1.078063629999999939e+01
2.575000000000000067e-01 1.100411339999999960e+01
2.585000000000000075e-01 1.121980289999999947e+01
2.595000000000000084e-01 1.142710890000000035e+01
2.605000000000000093e-01 1.162545279999999970e+01
2.615000000000000102e-01 1.181427620000000012e+01
2.625000000000000111e-01 1.199304300000000012e+01
2.635000000000000120e-01 1.216124190000000027e+01
2.645000000000000129e-01 1.231838890000000042e+01
2.655000000000000138e-01 1.246402920000000059e+01
2.665000000000000147e-01 1.259773949999999942e+01
2.675000000000000155e-01 1.271912979999999926e+01
2.685000000000000164e-01 1.282784490000000055e+01
2.695000000000000173e-01 1.292356659999999913e+01
2.705000000000000182e-01 1.300601449999999915e+01
2.715000000000000191e-01 1.307494780000000034e+01
2.725000000000000200e-01 1.313016599999999912e+01
2.735000000000000209e-01 1.317150999999999961e+01
2.745000000000000218e-01 1.319886239999999944e+01
2.755000000000000226e-01 1.321214870000000019e+01
2.765000000000000235e-01 1.321133689999999916e+01
2.775000000000000244e-01 1.319643809999999995e+01
2.785000000000000253e-01 1.316750599999999949e+01
2.795000000000000262e-01 1.312463699999999989e+01
2.805000000000000271e-01 1.306796920000000028e+01
2.814999999999999725e-01 1.299768229999999924e+01
2.824999999999999734e-01 1.291399610000000031e+01
2.834999999999999742e-01 1.281717000000000084e+01
2.844999999999999751e-01 1.270750130000000055e+01
2.854999999999999760e-01 1.258532409999999935e+01
2.864999999999999769e-01 1.245100760000000051e+01
2.874999999999999778e-01 1.230495419999999918e+01
2.884999999999999787e-01 1.214759809999999973e+01
2.894999999999999796e-01 1.197940260000000023e+01
2.904999999999999805e-01 1.180085880000000031e+01
2.914999999999999813e-01 1.161248250000000048e+01
2.924999999999999822e-01 1.141481259999999942e+01
2.934999999999999831e-01 1.120840830000000032e+01
2.944999999999999840e-01 1.099384670000000064e+01
2.954999999999999849e-01 1.077172030000000014e+01
2.964999999999999858e-01 1.054263420000000018e+01
2.974999999999999867e-01 1.030720400000000048e+01
2.984999999999999876e-01 1.006605260000000079e+01
2.994999999999999885e-01 9.819808099999999484e+00
3.004999999999999893e-01 9.569100699999999904e+00
3.014999999999999902e-01 9.314560699999999471e+00
3.024999999999999911e-01 9.056815500000000796e+00
3.034999999999999920e-01 8.796487300000000786e+00
3.044999999999999929e-01 8.534191099999999253e+00
3.054999999999999938e-01 8.270531599999999983e+00
3.064999999999999947e-01 8.006101799999999713e+00
3.074999999999999956e-01 7.741480400000000373e+00
3.084999999999999964e-01 7.477230099999999879e+00
3.094999999999999973e-01 7.213895700000000133e+00
3.104999999999999982e-01 6.952002000000000237e+00
3.114999999999999991e-01 6.692052999999999585e+00
3.125000000000000000e-01 6.434529900000000247e+00
3.135000000000000009e-01 6.179889799999999767e+00
3.145000000000000018e-01 5.928565100000000143e+00
3.155000000000000027e-01 5.680961800000000395e+00
3.165000000000000036e-01 5.437459699999999785e+00
3.175000000000000044e-01 5.198410700000000162e+00
3.185000000000000053e-01 4.964139000000000301e+00
3.195000000000000062e-01 4.734940899999999786e+00
3.205000000000000071e-01 4.511084099999999708e+00
3.215000000000000080e-01 4.292807999999999957e+00
3.225000000000000089e-01 4.080324100000000342e+00
3.235000000000000098e-01 3.873815800000000031e+00
3.245000000000000107e-01 3.673439199999999794e+00
3.255000000000000115e-01 3.479323299999999897e+00
3.265000000000000124e-01 3.291571300000000200e+00
3.275000000000000133e-01 3.110260499999999873e+00
3.285000000000000142e-01 2.935443900000000106e+00
3.295000000000000151e-01 2.767151000000000138e+00
3.305000000000000160e-01 2.605388399999999827e+00
3.315000000000000169e-01 2.450141700000000089e+00
3.325000000000000178e-01 2.301375900000000030e+00
3.335000000000000187e-01 2.159037200000000212e+00
3.345000000000000195e-01 2.023054000000000130e+00
3.355000000000000204e-01 1.893338200000000082e+00
3.365000000000000213e-01 1.769786599999999988e+00
3.375000000000000222e-01 1.652282199999999923e+00
3.385000000000000231e-01 1.540695399999999937e+00
3.395000000000000240e-01 1.434885600000000094e+00
3.405000000000000249e-01 1.334702099999999891e+00
3.415000000000000258e-01 1.239985700000000080e+00
3.425000000000000266e-01 1.150569900000000034e+00
3.435000000000000275e-01 1.066281899999999894e+00
3.444999999999999729e-01 9.869440999999999908e-01
3.454999999999999738e-01 9.123748999999999887e-01
3.464999999999999747e-01 8.423899000000000248e-01
3.474999999999999756e-01 7.768028000000000155e-01
3.484999999999999765e-01 7.154264999999999652e-01
3.494999999999999774e-01 6.580742000000000536e-01
3.504999999999999782e-01 6.045595000000000274e-01
3.514999999999999791e-01 5.546978000000000186e-01
3.524999999999999800e-01 5.083069000000000059e-01
3.534999999999999809e-01 4.652073999999999931e-01
3.544999999999999818e-01 4.252235999999999794e-01
3.554999999999999827e-01 3.881834000000000118e-01
3.564999999999999836e-01 3.539196000000000009e-01
3.574999999999999845e-01 3.222693999999999837e-01
3.584999999999999853e-01 2.930755999999999917e-01
3.594999999999999862e-01 2.661858999999999753e-01
3.604999999999999871e-01 2.414541000000000048e-01
3.614999999999999880e-01 2.187395000000000034e-01
3.624999999999999889e-01 1.979074999999999862e-01
3.634999999999999898e-01 1.788290999999999908e-01
3.644999999999999907e-01 1.613818999999999948e-01
3.654999999999999916e-01 1.454490999999999978e-01
3.664999999999999925e-01 1.309200000000000086e-01
3.674999999999999933e-01 1.176896999999999943e-01
3.684999999999999942e-01 1.056595000000000034e-01
3.694999999999999951e-01 9.473589999999999789e-02
3.704999999999999960e-01 8.483129999999999837e-02
3.714999999999999969e-01 7.586339999999999750e-02
3.724999999999999978e-01 6.775520000000000154e-02
3.734999999999999987e-01 6.043470000000000092e-02
3.744999999999999996e-01 5.383469999999999922e-02
3.755000000000000004e-01 4.789279999999999926e-02
3.765000000000000013e-01 4.255090000000000261e-02
3.775000000000000022e-01 3.775529999999999858e-02
3.785000000000000031e-01 3.345630000000000132e-02
3.795000000000000040e-01 2.960780000000000009e-02
3.805000000000000049e-01 2.616749999999999979e-02
3.815000000000000058e-01 2.309649999999999898e-02
3.825000000000000067e-01 2.035910000000000150e-02
3.835000000000000075e-01 1.792240000000000152e-02
3.845000000000000084e-01 1.575659999999999908e-02
3.855000000000000093e-01 1.383410000000000022e-02
3.865000000000000102e-01 1.213009999999999956e-02
3.875000000000000111e-01 1.062199999999999950e-02
3.885000000000000120e-01 9.289000000000000382e-03
3.895000000000000129e-01 8.112499999999999920e-03
3.905000000000000138e-01 7.075599999999999598e-03
3.915000000000000147e-01 6.163000000000000075e-03
3.925000000000000155e-01 5.361000000000000314e-03
3.935000000000000164e-01 4.657200000000000228e-03
3.945000000000000173e-01 4.040300000000000141e-03
3.955000000000000182e-01 3.500500000000000139e-03
3.965000000000000191e-01 3.028799999999999895e-03
3.975000000000000200e-01 2.617099999999999808e-03
3.985000000000000209e-01 2.258399999999999817e-03
3.995000000000000218e-01 1.946199999999999927e-03
4.005000000000000226e-01 1.674900000000000000e-03
4.015000000000000235e-01 1.439500000000000024e-03
4.025000000000000244e-01 1.235599999999999893e-03
4.035000000000000253e-01 1.059100000000000102e-03
4.045000000000000262e-01 9.066000000000000274e-04
4.055000000000000271e-01 7.749999999999999728e-04
4.064999999999999725e-01 6.616000000000000353e-04
4.074999999999999734e-01 5.640999999999999964e-04
4.084999999999999742e-01 4.803000000000000195e-04
4.094999999999999751e-01 4.083000000000000041e-04
4.104999999999999760e-01 3.467000000000000247e-04
4.114999999999999769e-01 2.939999999999999905e-04
4.124999999999999778e-01 2.489999999999999809e-04
4.134999999999999787e-01 2.105999999999999962e-04
4.144999999999999796e-01 1.778000000000000121e-04
4.154999999999999805e-01 1.499999999999999869e-04
4.164999999999999813e-01 1.263000000000000071e-04
4.174999999999999822e-01 1.062999999999999953e-04
4.184999999999999831e-01 8.919999999999999978e-05
4.194999999999999840e-01 7.490000000000000455e-05
4.204999999999999849e-01 6.270000000000000616e-05
4.214999999999999858e-01 5.250000000000000218e-05
4.224999999999999867e-01 4.380000000000000077e-05
4.234999999999999876e-01 3.660000000000000194e-05
4.244999999999999885e-01 3.049999999999999936e-05
4.254999999999999893e-01 2.540000000000000076e-05
4.264999999999999902e-01 2.110000000000000127e-05
4.274999999999999911e-01 1.749999999999999847e-05
4.284999999999999920e-01 1.450000000000000009e-05
4.294999999999999929e-01 1.200000000000000030e-05
4.304999999999999938e-01 9.900000000000000081e-06
4.314999999999999947e-01 8.199999999999999417e-06
4.324999999999999956e-01 6.700000000000000226e-06
4.334999999999999964e-01 5.499999999999999857e-06
4.344999999999999973e-01 4.600000000000000004e-06
4.354999999999999982e-01 3.700000000000000150e-06
4.364999999999999991e-01 3.099999999999999966e-06
4.375000000000000000e-01 2.500000000000000205e-06
4.385000000000000009e-01 2.099999999999999799e-06
4.395000000000000018e-01 1.700000000000000029e-06
4.405000000000000027e-01 1.399999999999999937e-06
4.415000000000000036e-01 1.100000000000000056e-06
4.425000000000000044e-01 8.999999999999999593e-07
4.435000000000000053e-01 6.999999999999999683e-07
4.445000000000000062e-01 5.999999999999999728e-07
4.455000000000000071e-01 4.999999999999999774e-07
4.465000000000000080e-01 3.999999999999999819e-07
4.475000000000000089e-01 2.999999999999999864e-07
4.485000000000000098e-01 2.999999999999999864e-07
4.495000000000000107e-01 1.999999999999999909e-07
4.505000000000000115e-01 1.999999999999999909e-07
4.515000000000000124e-01 9.999999999999999547e-08
4.525000000000000133e-01 9.999999999999999547e-08
4.535000000000000142e-01 9.999999999999999547e-08
4.545000000000000151e-01 9.999999999999999547e-08
4.555000000000000160e-01 9.999999999999999547e-08
4.565000000000000169e-01 0.000000000000000000e+00
4.575000000000000178e-01 0.000000000000000000e+00
4.585000000000000187e-01 0.000000000000000000e+00
4.595000000000000195e-01 0.000000000000000000e+00
4.605000000000000204e-01 0.000000000000000000e+00
4.615000000000000213e-01 0.000000000000000000e+00
4.625000000000000222e-01 0.000000000000000000e+00
4.635000000000000231e-01 0.000000000000000000e+00
4.645000000000000240e-01 0.000000000000000000e+00
4.655000000000000249e-01 0.000000000000000000e+00
4.665000000000000258e-01 0.000000000000000000e+00
4.675000000000000266e-01 0.000000000000000000e+00
4.685000000000000275e-01 0.000000000000000000e+00
4.694999999999999729e-01 0.000000000000000000e+00
4.704999999999999738e-01 0.000000000000000000e+00
4.714999999999999747e-01 0.000000000000000000e+00
4.724999999999999756e-01 0.000000000000000000e+00
4.734999999999999765e-01 0.000000000000000000e+00
4.744999999999999774e-01 0.000000000000000000e+00
4.754999999999999782e-01 0.000000000000000000e+00
4.764999999999999791e-01 0.000000000000000000e+00
4.774999999999999800e-01 0.000000000000000000e+00
4.784999999999999809e-01 0.000000000000000000e+00
4.794999999999999818e-01 0.000000000000000000e+00
4.804999999999999827e-01 0.000000000000000000e+00
4.814999999999999836e-01 0.000000000000000000e+00
4.824999999999999845e-01 0.000000000000000000e+00
4.834999999999999853e-01 0.000000000000000000e+00
4.844999999999999862e-01 0.000000000000000000e+00
4.854999999999999871e-01 0.000000000000000000e+00
4.864999999999999880e-01 0.000000000000000000e+00
4.874999999999999889e-01 0.000000000000000000e+00
4.884999999999999898e-01 0.000000000000000000e+00
4.894999999999999907e-01 0.000000000000000000e+00
4.904999999999999916e-01 0.000000000000000000e+00
4.914999999999999925e-01 0.000000000000000000e+00
4.924999999999999933e-01 0.000000000000000000e+00
4.934999999999999942e-01 0.000000000000000000e+00
4.944999999999999951e-01 0.000000000000000000e+00
4.954999999999999960e-01 0.000000000000000000e+00
4.964999999999999969e-01 0.000000000000000000e+00
4.974999999999999978e-01 0.000000000000000000e+00
4.984999999999999987e-01 0.000000000000000000e+00
4.994999999999999996e-01 0.000000000000000000e+00
5.004999999999999449e-01 0.000000000000000000e+00
5.014999999999999458e-01 0.000000000000000000e+00
5.024999999999999467e-01 0.000000000000000000e+00
5.034999999999999476e-01 0.000000000000000000e+00
5.044999999999999485e-01 0.000000000000000000e+00
5.054999999999999494e-01 0.000000000000000000e+00
5.064999999999999503e-01 0.000000000000000000e+00
5.074999999999999512e-01 0.000000000000000000e+00
5.084999999999999520e-01 0.000000000000000000e+00
5.094999999999999529e-01 0.000000000000000000e+00
5.104999999999999538e-01 0.000000000000000000e+00
5.114999999999999547e-01 0.000000000000000000e+00
5.124999999999999556e-01 0.000000000000000000e+00
5.134999999999999565e-01 0.000000000000000000e+00
5.144999999999999574e-01 0.000000000000000000e+00
5.154999999999999583e-01 0.000000000000000000e+00
5.164999999999999591e-01 0.000000000000000000e+00
5.174999999999999600e-01 0.000000000000000000e+00
5.184999999999999609e-01 0.000000000000000000e+00
5.194999999999999618e-01 0.000000000000000000e+00
5.204999999999999627e-01 0.000000000000000000e+00
5.214999999999999636e-01 0.000000000000000000e+00
5.224999999999999645e-01 0.000000000000000000e+00
5.234999999999999654e-01 0.000000000000000000e+00
5.244999999999999662e-01 0.000000000000000000e+00
5.254999999999999671e-01 0.000000000000000000e+00
5.264999999999999680e-01 0.000000000000000000e+00
5.274999999999999689e-01 0.000000000000000000e+00
5.284999999999999698e-01 0.000000000000000000e+00
5.294999999999999707e-01 0.000000000000000000e+00
5.304999999999999716e-01 0.000000000000000000e+00
5.314999999999999725e-01 0.000000000000000000e+00
5.324999999999999734e-01 0.000000000000000000e+00
5.334999999999999742e-01 0.000000000000000000e+00
5.344999999999999751e-01 0.000000000000000000e+00
5.354999999999999760e-01 0.000000000000000000e+00
5.364999999999999769e-01 0.000000000000000000e+00
5.374999999999999778e-01 0.000000000000000000e+00
5.384999999999999787e-01 0.000000000000000000e+00
5.394999999999999796e-01 0.000000000000000000e+00
5.404999999999999805e-01 0.000000000000000000e+00
5.414999999999999813e-01 0.000000000000000000e+00
5.424999999999999822e-01 0.000000000000000000e+00
5.434999999999999831e-01 0.000000000000000000e+00
5.444999999999999840e-01 0.000000000000000000e+00
5.454999999999999849e-01 0.000000000000000000e+00
5.464999999999999858e-01 0.000000000000000000e+00
5.474999999999999867e-01 0.000000000000000000e+00
5.484999999999999876e-01 0.000000000000000000e+00
5.494999999999999885e-01 0.000000000000000000e+00
5.504999999999999893e-01 0.000000000000000000e+00
5.514999999999999902e-01 0.000000000000000000e+00
5.524999999999999911e-01 0.000000000000000000e+00
5.534999999999999920e-01 0.000000000000000000e+00
5.544999999999999929e-01 0.000000000000000000e+00
5.554999999999999938e-01 0.000000000000000000e+00
5.564999999999999947e-01 0.000000000000000000e+00
5.574999999999999956e-01 0.000000000000000000e+00
5.584999999999999964e-01 0.000000000000000000e+00
5.594999999999999973e-01 0.000000000000000000e+00
5.604999999999999982e-01 0.000000000000000000e+00
5.614999999999999991e-01 0.000000000000000000e+00
5.625000000000000000e-01 0.000000000000000000e+00
5.635000000000000009e-01 0.000000000000000000e+00
5.645000000000000018e-01 0.000000000000000000e+00
5.655000000000000027e-01 0.000000000000000000e+00
5.665000000000000036e-01 0.000000000000000000e+00
5.675000000000000044e-01 0.000000000000000000e+00
5.685000000000000053e-01 0.000000000000000000e+00
5.695000000000000062e-01 0.000000000000000000e+00
5.705000000000000071e-01 0.000000000000000000e+00
5.715000000000000080e-01 0.000000000000000000e+00
5.725000000000000089e-01 0.000000000000000000e+00
5.735000000000000098e-01 0.000000000000000000e+00
5.745000000000000107e-01 0.000000000000000000e+00
5.755000000000000115e-01 0.000000000000000000e+00
5.765000000000000124e-01 0.000000000000000000e+00
5.775000000000000133e-01 0.000000000000000000e+00
5.785000000000000142e-01 0.000000000000000000e+00
5.795000000000000151e-01 0.000000000000000000e+00
5.805000000000000160e-01 0.000000000000000000e+00
5.815000000000000169e-01 0.000000000000000000e+00
5.825000000000000178e-01 0.000000000000000000e+00
5.835000000000000187e-01 0.000000000000000000e+00
5.845000000000000195e-01 0.000000000000000000e+00
5.855000000000000204e-01 0.000000000000000000e+00
5.865000000000000213e-01 0.000000000000000000e+00
5.875000000000000222e-01 0.000000000000000000e+00
5.885000000000000231e-01 0.000000000000000000e+00
5.895000000000000240e-01 0.000000000000000000e+00
5.905000000000000249e-01 0.000000000000000000e+00
5.915000000000000258e-01 0.000000000000000000e+00
5.925000000000000266e-01 0.000000000000000000e+00
5.935000000000000275e-01 0.000000000000000000e+00
5.945000000000000284e-01 0.000000000000000000e+00
5.955000000000000293e-01 0.000000000000000000e+00
5.965000000000000302e-01 0.000000000000000000e+00
5.975000000000000311e-01 0.000000000000000000e+00
5.985000000000000320e-01 0.000000000000000000e+00
5.995000000000000329e-01 0.000000000000000000e+00
6.005000000000000338e-01 0.000000000000000000e+00
6.015000000000000346e-01 0.000000000000000000e+00
6.025000000000000355e-01 0.000000000000000000e+00
6.035000000000000364e-01 0.000000000000000000e+00
6.045000000000000373e-01 0.000000000000000000e+00
6.055000000000000382e-01 0.000000000000000000e+00
6.065000000000000391e-01 0.000000000000000000e+00
6.075000000000000400e-01 0.000000000000000000e+00
6.085000000000000409e-01 0.000000000000000000e+00
6.095000000000000417e-01 0.000000000000000000e+00
6.105000000000000426e-01 0.000000000000000000e+00
6.115000000000000435e-01 0.000000000000000000e+00
6.125000000000000444e-01 0.000000000000000000e+00
6.135000000000000453e-01 0.000000000000000000e+00
6.145000000000000462e-01 0.000000000000000000e+00
6.155000000000000471e-01 0.000000000000000000e+00
6.165000000000000480e-01 0.000000000000000000e+00
6.175000000000000488e-01 0.000000000000000000e+00
6.185000000000000497e-01 0.000000000000000000e+00
6.195000000000000506e-01 0.000000000000000000e+00
6.205000000000000515e-01 0.000000000000000000e+00
6.215000000000000524e-01 0.000000000000000000e+00
6.225000000000000533e-01 0.000000000000000000e+00
6.235000000000000542e-01 0.000000000000000000e+00
6.245000000000000551e-01 0.000000000000000000e+00
6.254999999999999449e-01 0.000000000000000000e+00
6.264999999999999458e-01 0.000000000000000000e+00
6.274999999999999467e-01 0.000000000000000000e+00
6.284999999999999476e-01 0.000000000000000000e+00
6.294999999999999485e-01 0.000000000000000000e+00
6.304999999999999494e-01 0.000000000000000000e+00
6.314999999999999503e-01 0.000000000000000000e+00
6.324999999999999512e-01 0.000000000000000000e+00
6.334999999999999520e-01 0.000000000000000000e+00
6.344999999999999529e-01 0.000000000000000000e+00
6.354999999999999538e-01 0.000000000000000000e+00
6.364999999999999547e-01 0.000000000000000000e+00
6.374999999999999556e-01 0.000000000000000000e+00
6.384999999999999565e-01 0.000000000000000000e+00
6.394999999999999574e-01 0.000000000000000000e+00
6.404999999999999583e-01 0.000000000000000000e+00
6.414999999999999591e-01 0.000000000000000000e+00
6.424999999999999600e-01 0.000000000000000000e+00
6.434999999999999609e-01 0.000000000000000000e+00
6.444999999999999618e-01 0.000000000000000000e+00
6.454999999999999627e-01 0.000000000000000000e+00
6.464999999999999636e-01 0.000000000000000000e+00
6.474999999999999645e-01 0.000000000000000000e+00
6.484999999999999654e-01 0.000000000000000000e+00
6.494999999999999662e-01 0.000000000000000000e+00
6.504999999999999671e-01 0.000000000000000000e+00
6.514999999999999680e-01 0.000000000000000000e+00
6.524999999999999689e-01 0.000000000000000000e+00
6.534999999999999698e-01 0.000000000000000000e+00
6.544999999999999707e-01 0.000000000000000000e+00
6.554999999999999716e-01 0.000000000000000000e+00
6.564999999999999725e-01 0.000000000000000000e+00
6.574999999999999734e-01 0.000000000000000000e+00
6.584999999999999742e-01 0.000000000000000000e+00
6.594999999999999751e-01 0.000000000000000000e+00
6.604999999999999760e-01 0.000000000000000000e+00
6.614999999999999769e-01 0.000000000000000000e+00
6.624999999999999778e-01 0.000000000000000000e+00
6.634999999999999787e-01 0.000000000000000000e+00
6.644999999999999796e-01 0.000000000000000000e+00
6.654999999999999805e-01 0.000000000000000000e+00
6.664999999999999813e-01 0.000000000000000000e+00
6.674999999999999822e-01 0.000000000000000000e+00
6.684999999999999831e-01 0.000000000000000000e+00
6.694999999999999840e-01 0.000000000000000000e+00
6.704999999999999849e-01 0.000000000000000000e+00
6.714999999999999858e-01 0.000000000000000000e+00
6.724999999999999867e-01 0.000000000000000000e+00
6.734999999999999876e-01 0.000000000000000000e+00
6.744999999999999885e-01 0.000000000000000000e+00
6.754999999999999893e-01 0.000000000000000000e+00
6.764999999999999902e-01 0.000000000000000000e+00
6.774999999999999911e-01 0.000000000000000000e+00
6.784999999999999920e-01 0.000000000000000000e+00
6.794999999999999929e-01 0.000000000000000000e+00
6.804999999999999938e-01 0.000000000000000000e+00
6.814999999999999947e-01 0.000000000000000000e+00
6.824999999999999956e-01 0.000000000000000000e+00
6.834999999999999964e-01 0.000000000000000000e+00
6.844999999999999973e-01 0.000000000000000000e+00
6.854999999999999982e-01 0.000000000000000000e+00
6.864999999999999991e-01 0.000000000000000000e+00
6.875000000000000000e-01 0.000000000000000000e+00
6.885000000000000009e-01 0.000000000000000000e+00
6.895000000000000018e-01 0.000000000000000000e+00
6.905000000000000027e-01 0.000000000000000000e+00
6.915000000000000036e-01 0.000000000000000000e+00
6.925000000000000044e-01 0.000000000000000000e+00
6.935000000000000053e-01 0.000000000000000000e+00
6.945000000000000062e-01 0.000000000000000000e+00
6.955000000000000071e-01 0.000000000000000000e+00
6.965000000000000080e-01 0.000000000000000000e+00
6.975000000000000089e-01 0.000000000000000000e+00
6.985000000000000098e-01 0.000000000000000000e+00
6.995000000000000107e-01 0.000000000000000000e+00
7.005000000000000115e-01 0.000000000000000000e+00
7.015000000000000124e-01 0.000000000000000000e+00
7.025000000000000133e-01 0.000000000000000000e+00
7.035000000000000142e-01 0.000000000000000000e+00
7.045000000000000151e-01 0.000000000000000000e+00
7.055000000000000160e-01 0.000000000000000000e+00
7.065000000000000169e-01 0.000000000000000000e+00
7.075000000000000178e-01 0.000000000000000000e+00
7.085000000000000187e-01 0.000000000000000000e+00
7.095000000000000195e-01 0.000000000000000000e+00
7.105000000000000204e-01 0.000000000000000000e+00
7.115000000000000213e-01 0.000000000000000000e+00
7.125000000000000222e-01 0.000000000000000000e+00
7.135000000000000231e-01 0.000000000000000000e+00
7.145000000000000240e-01 0.000000000000000000e+00
7.155000000000000249e-01 0.000000000000000000e+00
7.165000000000000258e-01 0.000000000000000000e+00
7.175000000000000266e-01 0.000000000000000000e+00
7.185000000000000275e-01 0.000000000000000000e+00
7.195000000000000284e-01 0.000000000000000000e+00
7.205000000000000293e-01 0.000000000000000000e+00
7.215000000000000302e-01 0.000000000000000000e+00
7.225000000000000311e-01 0.000000000000000000e+00
7.235000000000000320e-01 0.000000000000000000e+00
7.245000000000000329e-01 0.000000000000000000e+00
7.255000000000000338e-01 0.000000000000000000e+00
7.265000000000000346e-01 0.000000000000000000e+00
7.275000000000000355e-01 0.000000000000000000e+00
7.285000000000000364e-01 0.000000000000000000e+00
7.295000000000000373e-01 0.000000000000000000e+00
7.305000000000000382e-01 0.000000000000000000e+00
7.315000000000000391e-01 0.000000000000000000e+00
7.325000000000000400e-01 0.000000000000000000e+00
7.335000000000000409e-01 0.000000000000000000e+00
7.345000000000000417e-01 0.000000000000000000e+00
7.355000000000000426e-01 0.000000000000000000e+00
7.365000000000000435e-01 0.000000000000000000e+00
7.375000000000000444e-01 0.000000000000000000e+00
7.385000000000000453e-01 0.000000000000000000e+00
7.395000000000000462e-01 0.000000000000000000e+00
7.405000000000000471e-01 0.000000000000000000e+00
7.415000000000000480e-01 0.000000000000000000e+00
7.425000000000000488e-01 0.000000000000000000e+00
7.435000000000000497e-01 0.000000000000000000e+00
7.445000000000000506e-01 0.000000000000000000e+00
7.455000000000000515e-01 0.000000000000000000e+00
7.465000000000000524e-01 0.000000000000000000e+00
7.475000000000000533e-01 0.000000000000000000e+00
7.485000000000000542e-01 0.000000000000000000e+00
7.495000000000000551e-01 0.000000000000000000e+00
7.504999999999999449e-01 0.000000000000000000e+00
7.514999999999999458e-01 0.000000000000000000e+00
7.524999999999999467e-01 0.000000000000000000e+00
7.534999999999999476e-01 0.000000000000000000e+00
7.544999999999999485e-01 0.000000000000000000e+00
7.554999999999999494e-01 0.000000000000000000e+00
7.564999999999999503e-01 0.000000000000000000e+00
7.574999999999999512e-01 0.000000000000000000e+00
7.584999999999999520e-01 0.000000000000000000e+00
7.594999999999999529e-01 0.000000000000000000e+00
7.604999999999999538e-01 0.000000000000000000e+00
7.614999999999999547e-01 0.000000000000000000e+00
7.624999999999999556e-01 0.000000000000000000e+00
7.634999999999999565e-01 0.000000000000000000e+00
7.644999999999999574e-01 0.000000000000000000e+00
7.654999999999999583e-01 0.000000000000000000e+00
7.664999999999999591e-01 0.000000000000000000e+00
7.674999999999999600e-01 0.000000000000000000e+00
7.684999999999999609e-01 0.000000000000000000e+00
7.694999999999999618e-01 0.000000000000000000e+00
7.704999999999999627e-01 0.000000000000000000e+00
7.714999999999999636e-01 0.000000000000000000e+00
7.724999999999999645e-01 0.000000000000000000e+00
7.734999999999999654e-01 0.000000000000000000e+00
7.744999999999999662e-01 0.000000000000000000e+00
7.754999999999999671e-01 0.000000000000000000e+00
7.764999999999999680e-01 0.000000000000000000e+00
7.774999999999999689e-01 0.000000000000000000e+00
7.784999999999999698e-01 0.000000000000000000e+00
7.794999999999999707e-01 0.000000000000000000e+00
7.804999999999999716e-01 0.000000000000000000e+00
7.814999999999999725e-01 0.000000000000000000e+00
7.824999999999999734e-01 0.000000000000000000e+00
7.834999999999999742e-01 0.000000000000000000e+00
7.844999999999999751e-01 0.000000000000000000e+00
7.854999999999999760e-01 0.000000000000000000e+00
7.864999999999999769e-01 0.000000000000000000e+00
7.874999999999999778e-01 0.000000000000000000e+00
7.884999999999999787e-01 0.000000000000000000e+00
7.894999999999999796e-01 0.000000000000000000e+00
7.904999999999999805e-01 0.000000000000000000e+00
7.914999999999999813e-01 0.000000000000000000e+00
7.924999999999999822e-01 0.000000000000000000e+00
7.934999999999999831e-01 0.000000000000000000e+00
7.944999999999999840e-01 0.000000000000000000e+00
7.954999999999999849e-01 0.000000000000000000e+00
7.964999999999999858e-01 0.000000000000000000e+00
7.974999999999999867e-01 0.000000000000000000e+00
7.984999999999999876e-01 0.000000000000000000e+00
7.994999999999999885e-01 0.000000000000000000e+00
8.004999999999999893e-01 0.000000000000000000e+00
8.014999999999999902e-01 0.000000000000000000e+00
8.024999999999999911e-01 0.000000000000000000e+00
8.034999999999999920e-01 0.000000000000000000e+00
8.044999999999999929e-01 0.000000000000000000e+00
8.054999999999999938e-01 0.000000000000000000e+00
8.064999999999999947e-01 0.000000000000000000e+00
8.074999999999999956e-01 0.000000000000000000e+00
8.084999999999999964e-01 0.000000000000000000e+00
8.094999999999999973e-01 0.000000000000000000e+00
8.104999999999999982e-01 0.000000000000000000e+00
8.114999999999999991e-01 0.000000000000000000e+00
8.125000000000000000e-01 0.000000000000000000e+00
8.135000000000000009e-01 0.000000000000000000e+00
8.145000000000000018e-01 0.000000000000000000e+00
8.155000000000000027e-01 0.000000000000000000e+00
8.165000000000000036e-01 0.000000000000000000e+00
8.175000000000000044e-01 0.000000000000000000e+00
8.185000000000000053e-01 0.000000000000000000e+00
8.195000000000000062e-01 0.000000000000000000e+00
8.205000000000000071e-01 0.000000000000000000e+00
8.215000000000000080e-01 0.000000000000000000e+00
8.225000000000000089e-01 0.000000000000000000e+00
8.235000000000000098e-01 0.000000000000000000e+00
8.245000000000000107e-01 0.000000000000000000e+00
8.255000000000000115e-01 0.000000000000000000e+00
8.265000000000000124e-01 0.000000000000000000e+00
8.275000000000000133e-01 0.000000000000000000e+00
8.285000000000000142e-01 0.000000000000000000e+00
8.295000000000000151e-01 0.000000000000000000e+00
8.305000000000000160e-01 0.000000000000000000e+00
8.315000000000000169e-01 0.000000000000000000e+00
8.325000000000000178e-01 0.000000000000000000e+00
8.335000000000000187e-01 0.000000000000000000e+00
8.345000000000000195e-01 0.000000000000000000e+00
8.355000000000000204e-01 0.000000000000000000e+00
8.365000000000000213e-01 0.000000000000000000e+00
8.375000000000000222e-01 0.000000000000000000e+00
8.385000000000000231e-01 0.000000000000000000e+00
8.395000000000000240e-01 0.000000000000000000e+00
8.405000000000000249e-01 0.000000000000000000e+00
8.415000000000000258e-01 0.000000000000000000e+00
8.425000000000000266e-01 0.000000000000000000e+00
8.435000000000000275e-01 0.000000000000000000e+00
8.445000000000000284e-01 0.000000000000000000e+00
8.455000000000000293e-01 0.000000000000000000e+00
8.465000000000000302e-01 0.000000000000000000e+00
8.475000000000000311e-01 0.000000000000000000e+00
8.485000000000000320e-01 0.000000000000000000e+00
8.495000000000000329e-01 0.000000000000000000e+00
8.505000000000000338e-01 0.000000000000000000e+00
8.515000000000000346e-01 0.000000000000000000e+00
8.525000000000000355e-01 0.000000000000000000e+00
8.535000000000000364e-01 0.000000000000000000e+00
8.545000000000000373e-01 0.000000000000000000e+00
8.555000000000000382e-01 0.000000000000000000e+00
8.565000000000000391e-01 0.000000000000000000e+00
8.575000000000000400e-01 0.000000000000000000e+00
8.585000000000000409e-01 0.000000000000000000e+00
8.595000000000000417e-01 0.000000000000000000e+00
8.605000000000000426e-01 0.000000000000000000e+00
8.615000000000000435e-01 0.000000000000000000e+00
8.625000000000000444e-01 0.000000000000000000e+00
8.635000000000000453e-01 0.000000000000000000e+00
8.645000000000000462e-01 0.000000000000000000e+00
8.655000000000000471e-01 0.000000000000000000e+00
8.665000000000000480e-01 0.000000000000000000e+00
8.675000000000000488e-01 0.000000000000000000e+00
8.685000000000000497e-01 0.000000000000000000e+00
8.695000000000000506e-01 0.000000000000000000e+00
8.705000000000000515e-01 0.000000000000000000e+00
8.715000000000000524e-01 0.000000000000000000e+00
8.725000000000000533e-01 0.000000000000000000e+00
8.735000000000000542e-01 0.000000000000000000e+00
8.745000000000000551e-01 0.000000000000000000e+00
8.754999999999999449e-01 0.000000000000000000e+00
8.764999999999999458e-01 0.000000000000000000e+00
8.774999999999999467e-01 0.000000000000000000e+00
8.784999999999999476e-01 0.000000000000000000e+00
8.794999999999999485e-01 0.000000000000000000e+00
8.804999999999999494e-01 0.000000000000000000e+00
8.814999999999999503e-01 0.000000000000000000e+00
8.824999999999999512e-01 0.000000000000000000e+00
8.834999999999999520e-01 0.000000000000000000e+00
8.844999999999999529e-01 0.000000000000000000e+00
8.854999999999999538e-01 0.000000000000000000e+00
8.864999999999999547e-01 0.000000000000000000e+00
8.874999999999999556e-01 0.000000000000000000e+00
8.884999999999999565e-01 0.000000000000000000e+00
8.894999999999999574e-01 0.000000000000000000e+00
8.904999999999999583e-01 0.000000000000000000e+00
8.914999999999999591e-01 0.000000000000000000e+00
8.924999999999999600e-01 0.000000000000000000e+00
8.934999999999999609e-01 0.000000000000000000e+00
8.944999999999999618e-01 0.000000000000000000e+00
8.954999999999999627e-01 0.000000000000000000e+00
8.964999999999999636e-01 0.000000000000000000e+00
8.974999999999999645e-01 0.000000000000000000e+00
8.984999999999999654e-01 0.000000000000000000e+00
8.994999999999999662e-01 0.000000000000000000e+00
9.004999999999999671e-01 0.000000000000000000e+00
9.014999999999999680e-01 0.000000000000000000e+00
9.024999999999999689e-01 0.000000000000000000e+00
9.034999999999999698e-01 0.000000000000000000e+00
9.044999999999999707e-01 0.000000000000000000e+00
9.054999999999999716e-01 0.000000000000000000e+00
9.064999999999999725e-01 0.000000000000000000e+00
9.074999999999999734e-01 0.000000000000000000e+00
9.084999999999999742e-01 0.000000000000000000e+00
9.094999999999999751e-01 0.000000000000000000e+00
9.104999999999999760e-01 0.000000000000000000e+00
9.114999999999999769e-01 0.000000000000000000e+00
9.124999999999999778e-01 0.000000000000000000e+00
9.134999999999999787e-01 0.000000000000000000e+00
9.144999999999999796e-01 0.000000000000000000e+00
9.154999999999999805e-01 0.000000000000000000e+00
9.164999999999999813e-01 0.000000000000000000e+00
9.174999999999999822e-01 0.000000000000000000e+00
9.184999999999999831e-01 0.000000000000000000e+00
9.194999999999999840e-01 0.000000000000000000e+00
9.204999999999999849e-01 0.000000000000000000e+00
9.214999999999999858e-01 0.000000000000000000e+00
9.224999999999999867e-01 0.000000000000000000e+00
9.234999999999999876e-01 0.000000000000000000e+00
9.244999999999999885e-01 0.000000000000000000e+00
9.254999999999999893e-01 0.000000000000000000e+00
9.264999999999999902e-01 0.000000000000000000e+00
9.274999999999999911e-01 0.000000000000000000e+00
9.284999999999999920e-01 0.000000000000000000e+00
9.294999999999999929e-01 0.000000000000000000e+00
9.304999999999999938e-01 0.000000000000000000e+00
9.314999999999999947e-01 0.000000000000000000e+00
9.324999999999999956e-01 0.000000000000000000e+00
9.334999999999999964e-01 0.000000000000000000e+00
9.344999999999999973e-01 0.000000000000000000e+00
9.354999999999999982e-01 0.000000000000000000e+00
9.364999999999999991e-01 0.000000000000000000e+00
9.375000000000000000e-01 0.000000000000000000e+00
9.385000000000000009e-01 0.000000000000000000e+00
9.395000000000000018e-01 0.000000000000000000e+00
9.405000000000000027e-01 0.000000000000000000e+00
9.415000000000000036e-01 0.000000000000000000e+00
9.425000000000000044e-01 0.000000000000000000e+00
9.435000000000000053e-01 0.000000000000000000e+00
9.445000000000000062e-01 0.000000000000000000e+00
9.455000000000000071e-01 0.000000000000000000e+00
9.465000000000000080e-01 0.000000000000000000e+00
9.475000000000000089e-01 0.000000000000000000e+00
9.485000000000000098e-01 0.000000000000000000e+00
9.495000000000000107e-01 0.000000000000000000e+00
9.505000000000000115e-01 0.000000000000000000e+00
9.515000000000000124e-01 0.000000000000000000e+00
9.525000000000000133e-01 0.000000000000000000e+00
9.535000000000000142e-01 0.000000000000000000e+00
9.545000000000000151e-01 0.000000000000000000e+00
9.555000000000000160e-01 0.000000000000000000e+00
9.565000000000000169e-01 0.000000000000000000e+00
9.575000000000000178e-01 0.000000000000000000e+00
9.585000000000000187e-01 0.000000000000000000e+00
9.595000000000000195e-01 0.000000000000000000e+00
9.605000000000000204e-01 0.000000000000000000e+00
9.615000000000000213e-01 0.000000000000000000e+00
9.625000000000000222e-01 0.000000000000000000e+00
9.635000000000000231e-01 0.000000000000000000e+00
9.645000000000000240e-01 0.000000000000000000e+00
9.655000000000000249e-01 0.000000000000000000e+00
9.665000000000000258e-01 0.000000000000000000e+00
9.675000000000000266e-01 0.000000000000000000e+00
9.685000000000000275e-01 0.000000000000000000e+00
9.695000000000000284e-01 0.000000000000000000e+00
9.705000000000000293e-01 0.000000000000000000e+00
9.715000000000000302e-01 0.000000000000000000e+00
9.725000000000000311e-01 0.000000000000000000e+00
9.735000000000000320e-01 0.000000000000000000e+00
9.745000000000000329e-01 0.000000000000000000e+00
9.755000000000000338e-01 0.000000000000000000e+00
9.765000000000000346e-01 0.000000000000000000e+00
9.775000000000000355e-01 0.000000000000000000e+00
9.785000000000000364e-01 0.000000000000000000e+00
9.795000000000000373e-01 0.000000000000000000e+00
9.805000000000000382e-01 0.000000000000000000e+00
9.815000000000000391e-01 0.000000000000000000e+00
9.825000000000000400e-01 0.000000000000000000e+00
9.835000000000000409e-01 0.000000000000000000e+00
9.845000000000000417e-01 0.000000000000000000e+00
9.855000000000000426e-01 0.000000000000000000e+00
9.865000000000000435e-01 0.000000000000000000e+00
9.875000000000000444e-01 0.000000000000000000e+00
9.885000000000000453e-01 0.000000000000000000e+00
9.895000000000000462e-01 0.000000000000000000e+00
9.905000000000000471e-01 0.000000000000000000e+00
9.915000000000000480e-01 0.000000000000000000e+00
9.925000000000000488e-01 0.000000000000000000e+00
9.935000000000000497e-01 0.000000000000000000e+00
9.945000000000000506e-01 0.000000000000000000e+00
9.955000000000000515e-01 0.000000000000000000e+00
9.965000000000000524e-01 0.000000000000000000e+00
9.975000000000000533e-01 0.000000000000000000e+00
9.985000000000000542e-01 0.000000000000000000e+00
9.995000000000000551e-01 0.000000000000000000e+00
