5.000000000000000104e-04 1.362964257934251022e-01
1.500000000000000031e-03 1.329054988213702881e-01
2.500000000000000052e-03 1.316809974147949425e-01
3.500000000000000073e-03 1.475995157002744362e-01
4.499999999999999660e-03 1.394047755178086656e-01
5.499999999999999681e-03 1.436434342328771763e-01
6.499999999999999702e-03 1.444911659758908729e-01
7.499999999999999722e-03 1.506136730087676012e-01
8.500000000000000611e-03 1.536278303172607662e-01
9.499999999999999764e-03 1.526859061583566435e-01
1.050000000000000065e-02 1.659670367989046214e-01
1.149999999999999981e-02 1.630470719063018825e-01
1.250000000000000069e-02 1.574897193687676278e-01
1.349999999999999985e-02 1.632354567380827071e-01
1.450000000000000074e-02 1.636122264016443562e-01
1.549999999999999989e-02 1.764223949627402865e-01
1.650000000000000078e-02 1.719011590000005529e-01
1.750000000000000167e-02 1.732198528224662970e-01
1.849999999999999908e-02 1.762340101309594620e-01
1.949999999999999997e-02 1.796249371030142761e-01
2.050000000000000086e-02 1.854648668882197537e-01
2.149999999999999828e-02 1.876312924536992222e-01
2.249999999999999917e-02 1.943189539819184242e-01
2.350000000000000006e-02 1.966737643791787171e-01
2.450000000000000094e-02 1.918699511687677328e-01
2.549999999999999836e-02 2.043975424821924403e-01
2.649999999999999925e-02 2.056220438887677859e-01
2.750000000000000014e-02 2.122155130010965618e-01
2.850000000000000103e-02 2.115561660898636898e-01
2.949999999999999845e-02 2.148529006460280777e-01
3.049999999999999933e-02 2.174902882909595936e-01
3.150000000000000022e-02 2.333146141605486890e-01
3.250000000000000111e-02 2.264385678005486624e-01
3.350000000000000200e-02 2.234244104920554974e-01
3.450000000000000289e-02 2.406616226000007630e-01
3.549999999999999684e-02 2.434873950767131034e-01
3.649999999999999772e-02 2.328436520810966137e-01
3.749999999999999861e-02 2.468783220487679175e-01
3.849999999999999950e-02 2.487621703665761352e-01
3.950000000000000039e-02 2.526240594180829691e-01
4.050000000000000128e-02 2.530950214975350443e-01
4.150000000000000216e-02 2.611013768482199904e-01
4.250000000000000305e-02 2.775850496290419578e-01
4.349999999999999700e-02 2.702380411895898837e-01
4.449999999999999789e-02 2.760779709747954169e-01
4.549999999999999878e-02 2.797514751945214262e-01
4.649999999999999967e-02 2.783385889561652560e-01
4.750000000000000056e-02 2.889823319517817457e-01
4.850000000000000144e-02 3.008505763539735534e-01
4.950000000000000233e-02 3.022634625923297236e-01
5.050000000000000322e-02 3.105523951906858926e-01
5.149999999999999717e-02 3.142258994104119574e-01
5.249999999999999806e-02 3.161097477282202028e-01
5.349999999999999895e-02 3.213845230180832346e-01
5.449999999999999983e-02 3.208193685227407332e-01
5.550000000000000072e-02 3.300502252800010528e-01
5.650000000000000161e-02 3.368320792241106809e-01
5.750000000000000250e-02 3.439907028317819027e-01
5.850000000000000339e-02 3.460629359813709449e-01
5.949999999999999734e-02 3.525622126778093501e-01
6.049999999999999822e-02 3.564241017293162117e-01
6.149999999999999911e-02 3.676329992202751473e-01
6.250000000000000000e-02 3.604743756126038701e-01
6.350000000000000089e-02 3.834573250898642427e-01
6.450000000000000178e-02 3.828921705945217413e-01
6.550000000000000266e-02 3.853411734076724326e-01
6.650000000000000355e-02 3.998468054547957840e-01
6.750000000000000444e-02 3.991874585435629119e-01
6.850000000000000533e-02 4.115266650252067948e-01
6.950000000000000622e-02 4.197214052076725377e-01
7.049999999999999323e-02 4.215110611095903570e-01
7.149999999999999412e-02 4.222646004367136552e-01
7.249999999999999500e-02 4.363934628202753574e-01
7.349999999999999589e-02 4.323431889369876435e-01
7.449999999999999678e-02 4.557029080778096652e-01
7.549999999999999767e-02 4.542900218394534950e-01
7.649999999999999856e-02 4.798161665457549296e-01
7.749999999999999944e-02 4.725633505221932817e-01
7.850000000000000033e-02 4.759542774942480681e-01
7.950000000000000122e-02 4.933798744339741860e-01
8.050000000000000211e-02 5.016688070323302995e-01
8.150000000000000300e-02 5.000675359621933325e-01
8.250000000000000389e-02 5.101461244624673208e-01
8.350000000000000477e-02 5.242749868460290230e-01
8.450000000000000566e-02 5.374619250706866858e-01
8.550000000000000655e-02 5.371793478230153518e-01
8.649999999999999356e-02 5.429250851923305143e-01
8.749999999999999445e-02 5.560178310010976954e-01
8.849999999999999534e-02 5.563004082487689184e-01
8.949999999999999623e-02 5.657196498378099792e-01
9.049999999999999711e-02 5.855942495906867329e-01
9.149999999999999800e-02 5.964263774180841304e-01
9.249999999999999889e-02 6.015127678761662544e-01
9.349999999999999978e-02 6.110262018810977969e-01
9.450000000000000067e-02 6.052804645117827453e-01
9.550000000000000155e-02 6.394723114800020536e-01
9.650000000000000244e-02 6.343859210219198186e-01
9.750000000000000333e-02 6.389071569846596077e-01
9.850000000000000422e-02 6.633029927002760395e-01
9.950000000000000511e-02 6.708383859715090214e-01
1.005000000000000060e-01 6.696138845649336480e-01
1.015000000000000069e-01 6.879814056635638053e-01
1.024999999999999939e-01 6.941039126964405614e-01
1.034999999999999948e-01 7.004148045610980589e-01
1.044999999999999957e-01 7.376208088378105598e-01
1.054999999999999966e-01 7.388453102443859333e-01
1.064999999999999974e-01 7.460981262679475812e-01
1.074999999999999983e-01 7.565534844317831631e-01
1.084999999999999992e-01 7.640888777030161449e-01
1.095000000000000001e-01 7.885789058345230584e-01
1.105000000000000010e-01 7.938536811243860347e-01
1.115000000000000019e-01 8.181553244241122069e-01
1.125000000000000028e-01 8.246546011205505566e-01
1.135000000000000037e-01 8.376531545134272561e-01
1.145000000000000046e-01 8.454711250323314609e-01
1.155000000000000054e-01 8.564916376915095997e-01
1.165000000000000063e-01 8.682656896778109257e-01
1.174999999999999933e-01 8.857854790334274142e-01
1.184999999999999942e-01 8.943569888794549172e-01
1.194999999999999951e-01 9.047181546274001285e-01
1.204999999999999960e-01 9.244043695484960299e-01
1.214999999999999969e-01 9.269475647775371474e-01
1.224999999999999978e-01 9.521911322361673591e-01
1.234999999999999987e-01 9.583136392690441152e-01
1.244999999999999996e-01 9.588787937643865611e-01
1.255000000000000004e-01 9.754566589610990102e-01
1.265000000000000013e-01 1.009648505929318318e+00
1.275000000000000022e-01 1.022176097242742943e+00
1.285000000000000031e-01 1.024625100055893689e+00
1.295000000000000040e-01 1.065787185800003423e+00
1.305000000000000049e-01 1.050057052346304642e+00
1.315000000000000058e-01 1.060324025678359483e+00
1.325000000000000067e-01 1.096117143716715869e+00
1.335000000000000075e-01 1.100449994847674695e+00
1.345000000000000084e-01 1.130308990684935067e+00
1.355000000000000093e-01 1.146321701386304959e+00
1.365000000000000102e-01 1.151502284260277564e+00
1.375000000000000111e-01 1.176086504807674959e+00
1.385000000000000120e-01 1.204438421990688735e+00
1.395000000000000129e-01 1.206228077892606665e+00
1.405000000000000138e-01 1.223276905168771078e+00
1.414999999999999869e-01 1.259446792870688947e+00
1.424999999999999878e-01 1.250781090608771073e+00
1.434999999999999887e-01 1.266793801310140966e+00
1.444999999999999896e-01 1.275176926324387505e+00
1.454999999999999905e-01 1.295428295740826075e+00
1.464999999999999913e-01 1.325758253657538521e+00
1.474999999999999922e-01 1.351849552859182291e+00
1.484999999999999931e-01 1.378035044476716653e+00
1.494999999999999940e-01 1.396779335238908626e+00
1.504999999999999949e-01 1.418066821230141494e+00
1.514999999999999958e-01 1.431159567038908564e+00
1.524999999999999967e-01 1.441614925202744368e+00
1.534999999999999976e-01 1.481175739876716912e+00
1.544999999999999984e-01 1.510187003970963726e+00
1.554999999999999993e-01 1.525917137424662284e+00
1.565000000000000002e-01 1.537691189410963721e+00
1.575000000000000011e-01 1.588084131912333774e+00
1.585000000000000020e-01 1.585729321515073398e+00
1.595000000000000029e-01 1.607110999922196859e+00
1.605000000000000038e-01 1.633108106707950480e+00
1.615000000000000047e-01 1.654018823035621644e+00
1.625000000000000056e-01 1.664285796367676484e+00
1.635000000000000064e-01 1.695180908779731377e+00
1.645000000000000073e-01 1.725228289448772490e+00
1.655000000000000082e-01 1.745385466449320688e+00
1.665000000000000091e-01 1.755181477701923454e+00
1.675000000000000100e-01 1.779294736169868552e+00
1.685000000000000109e-01 1.800770606992882383e+00
1.695000000000000118e-01 1.823753556470142811e+00
1.705000000000000127e-01 1.849185508760553764e+00
1.715000000000000135e-01 1.882341239153978663e+00
1.724999999999999867e-01 1.933299336150690939e+00
1.734999999999999876e-01 1.944225656393978818e+00
1.744999999999999885e-01 1.967773760366581470e+00
1.754999999999999893e-01 1.978134926114526904e+00
1.764999999999999902e-01 2.031824603172061039e+00
1.774999999999999911e-01 2.043504462742472327e+00
1.784999999999999920e-01 2.049721162191239454e+00
1.794999999999999929e-01 2.105200495150691520e+00
1.804999999999999938e-01 2.132327910927129810e+00
1.814999999999999947e-01 2.128371829459732911e+00
1.824999999999999956e-01 2.157477285969869651e+00
1.834999999999999964e-01 2.213521773424664385e+00
1.844999999999999973e-01 2.228686752383020941e+00
1.854999999999999982e-01 2.249503276294801513e+00
1.864999999999999991e-01 2.290476977207130727e+00
1.875000000000000000e-01 2.309786422464664923e+00
1.885000000000000009e-01 2.345296963255349976e+00
1.895000000000000018e-01 2.387589357990144379e+00
1.905000000000000027e-01 2.432519140369870492e+00
1.915000000000000036e-01 2.435533297678363684e+00
1.925000000000000044e-01 2.444010615108501039e+00
1.935000000000000053e-01 2.517009737423569593e+00
1.945000000000000062e-01 2.552331893382473904e+00
1.955000000000000071e-01 2.591610130808775114e+00
1.965000000000000080e-01 2.586617932766583472e+00
1.975000000000000089e-01 2.644169498875624580e+00
1.985000000000000098e-01 2.662913789637816553e+00
1.995000000000000107e-01 2.694374056545214113e+00
2.005000000000000115e-01 2.727058824859186714e+00
2.015000000000000124e-01 2.755504934458091082e+00
2.025000000000000133e-01 2.795442518795625109e+00
2.034999999999999865e-01 2.846683193040008941e+00
2.044999999999999873e-01 2.870890643923844632e+00
2.054999999999999882e-01 2.911675960004392660e+00
2.064999999999999891e-01 2.968003024706858728e+00
2.074999999999999900e-01 2.960656016267406709e+00
2.084999999999999909e-01 3.036480911059187715e+00
2.094999999999999918e-01 3.049291079620283451e+00
2.104999999999999927e-01 3.080562961695900270e+00
2.114999999999999936e-01 3.141788032024667388e+00
2.124999999999999944e-01 3.169951564375900421e+00
2.134999999999999953e-01 3.185587505413708609e+00
2.144999999999999962e-01 3.239842336966585634e+00
2.154999999999999971e-01 3.273657414271243127e+00
2.164999999999999980e-01 3.326216782338092592e+00
2.174999999999999989e-01 3.390361817559462754e+00
2.184999999999999998e-01 3.369922063311243665e+00
2.195000000000000007e-01 3.443674724953435629e+00
2.205000000000000016e-01 3.492089626721107010e+00
2.215000000000000024e-01 3.525339549530422278e+00
2.225000000000000033e-01 3.566784212522203124e+00
2.235000000000000042e-01 3.616046846032888062e+00
2.245000000000000051e-01 3.622922892392888006e+00
2.255000000000000060e-01 3.656078622786313126e+00
2.265000000000000069e-01 3.721636544246039069e+00
2.275000000000000078e-01 3.731809325162203539e+00
2.285000000000000087e-01 3.817995385701929756e+00
2.295000000000000095e-01 3.795483398304121625e+00
2.305000000000000104e-01 3.890711930769327420e+00
2.315000000000000113e-01 3.905500140064122050e+00
2.325000000000000122e-01 3.963711053084395974e+00
2.335000000000000131e-01 4.039441755460286387e+00
2.344999999999999862e-01 4.048672612217546707e+00
2.354999999999999871e-01 4.102833251354533139e+00
2.364999999999999880e-01 4.122707851107410448e+00
2.374999999999999889e-01 4.149646882052067554e+00
2.384999999999999898e-01 4.173571755688232798e+00
2.394999999999999907e-01 4.292725161789602950e+00
2.404999999999999916e-01 4.280574340139739142e+00
2.414999999999999925e-01 4.359978546735356453e+00
2.424999999999999933e-01 4.374107409118917822e+00
2.434999999999999942e-01 4.467075323602753834e+00
2.444999999999999951e-01 4.479226145252616753e+00
2.454999999999999960e-01 4.549776264754535227e+00
2.464999999999999969e-01 4.578881721264671967e+00
2.474999999999999978e-01 4.611189719915082641e+00
2.484999999999999987e-01 4.653293729818097191e+00
2.494999999999999996e-01 4.676653448958918879e+00
2.505000000000000004e-01 4.745696489806590534e+00
2.515000000000000013e-01 4.706700829627959770e+00
2.525000000000000022e-01 4.774142599405494458e+00
2.535000000000000031e-01 4.796842971635083330e+00
2.545000000000000040e-01 4.831129011019193342e+00
2.555000000000000049e-01 4.838099249795083878e+00
2.565000000000000058e-01 4.891883119268508828e+00
2.575000000000000067e-01 4.912605450764399251e+00
2.585000000000000075e-01 4.921176960610426754e+00
2.595000000000000084e-01 4.947456644643851043e+00
2.605000000000000093e-01 4.986452304822481807e+00
2.615000000000000102e-01 5.001711476196728512e+00
2.625000000000000111e-01 5.081775029703577751e+00
2.635000000000000120e-01 5.097881932820838458e+00
2.645000000000000129e-01 5.061146890623577477e+00
2.655000000000000138e-01 5.102214783951796839e+00
2.665000000000000147e-01 5.065479741754536747e+00
2.675000000000000155e-01 5.116155261503577911e+00
2.685000000000000164e-01 5.155433498929879121e+00
2.695000000000000173e-01 5.130095739055358983e+00
2.705000000000000182e-01 5.135653091592892849e+00
2.715000000000000191e-01 5.127740928658098163e+00
2.725000000000000200e-01 5.094773583096454672e+00
2.735000000000000209e-01 5.161744390794536841e+00
2.745000000000000218e-01 5.101555437040564023e+00
2.755000000000000226e-01 5.130943470798372097e+00
2.765000000000000235e-01 5.160990851467413876e+00
2.775000000000000244e-01 5.139797557892070934e+00
2.785000000000000253e-01 5.123973232022481561e+00
2.795000000000000262e-01 5.109561792391248858e+00
2.805000000000000271e-01 5.109655984807139006e+00
2.814999999999999725e-01 5.110409524134262860e+00
2.824999999999999734e-01 5.055401153254262425e+00
2.834999999999999742e-01 5.078666679979193965e+00
2.844999999999999751e-01 5.038823288057550087e+00
2.854999999999999760e-01 5.015934530996180030e+00
2.864999999999999769e-01 4.989183884883303222e+00
2.874999999999999778e-01 5.001711476196728512e+00
2.884999999999999787e-01 4.946514720484946892e+00
2.894999999999999796e-01 4.909591293455905614e+00
2.904999999999999805e-01 4.953296574429057131e+00
2.914999999999999813e-01 4.888963154375906228e+00
2.924999999999999822e-01 4.883782571501932956e+00
2.934999999999999831e-01 4.854582922575906068e+00
2.944999999999999840e-01 4.800516475854809784e+00
2.954999999999999849e-01 4.773765829741932976e+00
2.964999999999999858e-01 4.757093772129330489e+00
2.974999999999999867e-01 4.706700829627959770e+00
2.984999999999999876e-01 4.697658357702480636e+00
2.994999999999999885e-01 4.614486454471247612e+00
3.004999999999999893e-01 4.619007690433987179e+00
3.014999999999999902e-01 4.558065197352891396e+00
3.024999999999999911e-01 4.547609839189055592e+00
3.034999999999999920e-01 4.497216896687685761e+00
3.044999999999999929e-01 4.451250997733164461e+00
3.054999999999999938e-01 4.435897633943027607e+00
3.064999999999999947e-01 4.414044993456452737e+00
3.074999999999999956e-01 4.301296671635630453e+00
3.084999999999999964e-01 4.342647142211520261e+00
3.094999999999999973e-01 4.321265463804397022e+00
3.104999999999999982e-01 4.260793932802752870e+00
3.114999999999999991e-01 4.216994459413712093e+00
3.125000000000000000e-01 4.177527837155629697e+00
3.135000000000000009e-01 4.142770835692068054e+00
3.145000000000000018e-01 4.090023082793437403e+00
3.155000000000000027e-01 4.036050828488232156e+00
3.165000000000000036e-01 4.030116706287135919e+00
3.175000000000000044e-01 3.959849164032889224e+00
3.185000000000000053e-01 3.905971102143574125e+00
3.195000000000000062e-01 3.894762204652614912e+00
3.205000000000000071e-01 3.870272176521108332e+00
3.215000000000000080e-01 3.828827513529327042e+00
3.225000000000000089e-01 3.757618047116176196e+00
3.235000000000000098e-01 3.743300799900833642e+00
3.245000000000000107e-01 3.673127450062477539e+00
3.255000000000000115e-01 3.676518377034532215e+00
3.265000000000000124e-01 3.633378250556723810e+00
3.275000000000000133e-01 3.593158088971518005e+00
3.285000000000000142e-01 3.545308341699189292e+00
3.295000000000000151e-01 3.504711410450422004e+00
3.305000000000000160e-01 3.471273102809325994e+00
3.315000000000000169e-01 3.425118819023024397e+00
3.325000000000000178e-01 3.379906459395626950e+00
3.335000000000000187e-01 3.357017702334257336e+00
3.345000000000000195e-01 3.288068853902476274e+00
3.355000000000000204e-01 3.276388994332064986e+00
3.365000000000000213e-01 3.277613495738640470e+00
3.375000000000000222e-01 3.186812006820284093e+00
3.385000000000000231e-01 3.170422526455352497e+00
3.395000000000000240e-01 3.128506901384119576e+00
3.405000000000000249e-01 3.104111065668503144e+00
3.415000000000000258e-01 3.064738635826310897e+00
3.425000000000000266e-01 3.040907954606037134e+00
3.435000000000000275e-01 3.008034801460283347e+00
3.444999999999999729e-01 2.942947842080009480e+00
3.454999999999999738e-01 2.923638396822474839e+00
3.464999999999999747e-01 2.893025861658091280e+00
3.474999999999999756e-01 2.866557792792885806e+00
3.484999999999999765e-01 2.805521107295899430e+00
3.494999999999999774e-01 2.801847603076173421e+00
3.504999999999999782e-01 2.760968094579734800e+00
3.514999999999999791e-01 2.718393122597269063e+00
3.524999999999999800e-01 2.672521416058638799e+00
3.534999999999999809e-01 2.646053347193432881e+00
3.544999999999999818e-01 2.620244625239460223e+00
3.554999999999999827e-01 2.594718480533158900e+00
3.564999999999999836e-01 2.574561303532610701e+00
3.574999999999999845e-01 2.521530973386309160e+00
3.584999999999999853e-01 2.530856022559460072e+00
3.594999999999999862e-01 2.471703185380281997e+00
3.604999999999999871e-01 2.433366872112884494e+00
3.614999999999999880e-01 2.430258522388500708e+00
3.624999999999999889e-01 2.398986640312884333e+00
3.634999999999999898e-01 2.338703494143020922e+00
3.644999999999999907e-01 2.337008030656993807e+00
3.654999999999999916e-01 2.323161745521103327e+00
3.664999999999999925e-01 2.251669701860281148e+00
3.674999999999999933e-01 2.234055720088774066e+00
3.684999999999999942e-01 2.207305073975897258e+00
3.694999999999999951e-01 2.201653529022472799e+00
3.704999999999999960e-01 2.150130277530417633e+00
3.714999999999999969e-01 2.144949694656445249e+00
3.724999999999999978e-01 2.114619736739732581e+00
3.734999999999999987e-01 2.069501569528225726e+00
3.744999999999999996e-01 2.062813908000006524e+00
3.755000000000000004e-01 2.030034947270143331e+00
3.765000000000000013e-01 1.997726948619732434e+00
3.775000000000000022e-01 1.980112966848225353e+00
3.785000000000000031e-01 1.920018205510143128e+00
3.795000000000000040e-01 1.920112397926033498e+00
3.805000000000000049e-01 1.912294427407129405e+00
3.815000000000000058e-01 1.878761927350143024e+00
3.825000000000000067e-01 1.839860459587403074e+00
3.835000000000000075e-01 1.806798921609868769e+00
3.845000000000000084e-01 1.819043935675622281e+00
3.855000000000000093e-01 1.772324497393978238e+00
3.865000000000000102e-01 1.765542643449868665e+00
3.875000000000000111e-01 1.709215578747402597e+00
3.885000000000000120e-01 1.703752418625758880e+00
3.895000000000000129e-01 1.676907580096991701e+00
3.905000000000000138e-01 1.673610845540827174e+00
3.915000000000000147e-01 1.631601028053703883e+00
3.925000000000000155e-01 1.642527348296991541e+00
3.935000000000000164e-01 1.599858183898635211e+00
3.945000000000000173e-01 1.583562895949593985e+00
3.955000000000000182e-01 1.556529672589046065e+00
3.965000000000000191e-01 1.544755620602744628e+00
3.975000000000000200e-01 1.500202607886579997e+00
3.985000000000000209e-01 1.507078654246580163e+00
3.995000000000000218e-01 1.465728183670689466e+00
4.005000000000000226e-01 1.452352860614251062e+00
4.015000000000000235e-01 1.443216196272881335e+00
4.025000000000000244e-01 1.408176617561648358e+00
4.035000000000000253e-01 1.379447930715072879e+00
4.045000000000000262e-01 1.373513808513976864e+00
4.055000000000000271e-01 1.355428864663017929e+00
4.064999999999999725e-01 1.342901273349593305e+00
4.074999999999999734e-01 1.318788014881647985e+00
4.084999999999999742e-01 1.297029566810963042e+00
4.094999999999999751e-01 1.272916308343017722e+00
4.104999999999999760e-01 1.276495620146853360e+00
4.114999999999999769e-01 1.237970922047675115e+00
4.124999999999999778e-01 1.237970922047675115e+00
4.134999999999999787e-01 1.207358386883291557e+00
4.144999999999999796e-01 1.183339320831236607e+00
4.154999999999999805e-01 1.161957642424113368e+00
4.164999999999999813e-01 1.163182143830688631e+00
4.174999999999999822e-01 1.147734587624661184e+00
4.184999999999999831e-01 1.110716968179729536e+00
4.194999999999999840e-01 1.101768688670140550e+00
4.204999999999999849e-01 1.089994636683839113e+00
4.214999999999999858e-01 1.067765226533702094e+00
4.224999999999999867e-01 1.050151244762195013e+00
4.234999999999999876e-01 1.043181005986304699e+00
4.244999999999999885e-01 1.026226371126030656e+00
4.254999999999999893e-01 1.015488435714523741e+00
4.264999999999999902e-01 1.011343969415345656e+00
4.274999999999999911e-01 9.960847980410990621e-01
4.284999999999999920e-01 9.777172769424687937e-01
4.294999999999999929e-01 9.564297909512359253e-01
4.304999999999999938e-01 9.457860479556193800e-01
4.314999999999999947e-01 9.449383162126057112e-01
4.324999999999999956e-01 9.096161602537015112e-01
4.334999999999999964e-01 9.084858512630166194e-01
4.344999999999999973e-01 8.865390183605507124e-01
4.354999999999999982e-01 8.787210478416466186e-01
4.364999999999999991e-01 8.698669607479480037e-01
4.375000000000000000e-01 8.421743904761670452e-01
4.385000000000000009e-01 8.399137724947971506e-01
4.395000000000000018e-01 8.269152191019204512e-01
4.405000000000000027e-01 8.106199311528792251e-01
4.415000000000000036e-01 8.145760126202765683e-01
4.425000000000000044e-01 7.833983229605504528e-01
4.435000000000000053e-01 7.785945097501394407e-01
4.445000000000000062e-01 7.687043060816463047e-01
4.455000000000000071e-01 7.602269886515092834e-01
4.465000000000000080e-01 7.468516655950708794e-01
4.475000000000000089e-01 7.214197133046598154e-01
4.485000000000000098e-01 7.339473046180845506e-01
4.495000000000000107e-01 7.081385826641117820e-01
4.505000000000000115e-01 7.092688916547967848e-01
4.515000000000000124e-01 6.929736037057556697e-01
4.525000000000000133e-01 6.835543621167144979e-01
4.535000000000000142e-01 6.763957385090432206e-01
4.545000000000000151e-01 6.602888353917829578e-01
4.555000000000000160e-01 6.405084280547965747e-01
4.565000000000000169e-01 6.421096991249335417e-01
4.575000000000000178e-01 6.290169533161663606e-01
4.585000000000000187e-01 6.225176766197280109e-01
4.595000000000000195e-01 6.091423535632896069e-01
4.605000000000000204e-01 6.034908086098649260e-01
4.615000000000000213e-01 5.950134911797279047e-01
4.625000000000000222e-01 5.862535965019196604e-01
4.635000000000000231e-01 5.667557664126045003e-01
4.645000000000000240e-01 5.730666582772621087e-01
4.655000000000000249e-01 5.633648394405497140e-01
4.665000000000000258e-01 5.460334349167140777e-01
4.675000000000000266e-01 5.364258084958920536e-01
4.685000000000000275e-01 5.314336104537003003e-01
4.694999999999999729e-01 5.336000360191798242e-01
4.704999999999999738e-01 5.030816932706865252e-01
4.714999999999999747e-01 5.033642705183577482e-01
4.724999999999999756e-01 4.832070935178097715e-01
4.734999999999999765e-01 4.931914896021933337e-01
4.744999999999999774e-01 4.803813210410974310e-01
4.754999999999999782e-01 4.795335892980837067e-01
4.764999999999999791e-01 4.748239685035631208e-01
4.774999999999999800e-01 4.550435611665767932e-01
4.784999999999999809e-01 4.550435611665767932e-01
4.794999999999999818e-01 4.474139754794534962e-01
4.804999999999999827e-01 4.290464543808232833e-01
4.814999999999999836e-01 4.273509908947958902e-01
4.824999999999999845e-01 4.329083434323301449e-01
4.834999999999999853e-01 4.082299304690423791e-01
4.844999999999999862e-01 4.171782099786314757e-01
4.854999999999999871e-01 3.973978026416450926e-01
4.864999999999999880e-01 4.065344669830149860e-01
4.874999999999999889e-01 4.036145020904122194e-01
4.884999999999999898e-01 3.774290104728779127e-01
4.894999999999999907e-01 3.745090455802751461e-01
4.904999999999999916e-01 3.741322759167134970e-01
4.914999999999999925e-01 3.673504219726039244e-01
4.924999999999999933e-01 3.572718334723298805e-01
4.934999999999999942e-01 3.589672969583572737e-01
4.944999999999999951e-01 3.559531396498641365e-01
4.954999999999999960e-01 3.364553095605490318e-01
4.964999999999999969e-01 3.394694668690421691e-01
4.974999999999999978e-01 3.332527674202750423e-01
4.984999999999999987e-01 3.315573039342476491e-01
4.994999999999999996e-01 3.242102954947955196e-01
5.004999999999999449e-01 3.175226339665763731e-01
5.014999999999999458e-01 3.090453165364393517e-01
5.024999999999999467e-01 3.079150075457544045e-01
5.034999999999999476e-01 3.045240805736996181e-01
5.044999999999999485e-01 2.927500285873981811e-01
5.054999999999999494e-01 2.932209906668502564e-01
5.064999999999999503e-01 2.914313347649324371e-01
5.074999999999999512e-01 2.884171774564392443e-01
5.084999999999999520e-01 2.791863206991789803e-01
5.094999999999999529e-01 2.728754288345214274e-01
5.104999999999999538e-01 2.776792420449323839e-01
5.114999999999999547e-01 2.568627181331514797e-01
5.124999999999999556e-01 2.613839540958912133e-01
5.134999999999999565e-01 2.578988347079460008e-01
5.144999999999999574e-01 2.483854007030144861e-01
5.154999999999999583e-01 2.571452953808227582e-01
5.164999999999999591e-01 2.482912082871240600e-01
5.174999999999999600e-01 2.334088065764390874e-01
5.184999999999999609e-01 2.422628936701377578e-01
5.194999999999999618e-01 2.277572616230144065e-01
5.204999999999999627e-01 2.261559905528774395e-01
5.214999999999999636e-01 2.339739610717815610e-01
5.224999999999999645e-01 2.216347545901376781e-01
5.234999999999999654e-01 2.244605270668500185e-01
5.244999999999999662e-01 2.154180551413705513e-01
5.254999999999999671e-01 2.081652391178088757e-01
5.264999999999999680e-01 2.096723177720554443e-01
5.274999999999999689e-01 2.120271281693157372e-01
5.284999999999999698e-01 2.018543472531513228e-01
5.294999999999999707e-01 2.006298458465759771e-01
5.304999999999999716e-01 1.912106042575348608e-01
5.314999999999999725e-01 1.883848317808225203e-01
5.324999999999999734e-01 1.874429076219183976e-01
5.334999999999999742e-01 1.858416365517814028e-01
5.344999999999999751e-01 1.831100564909594886e-01
5.354999999999999760e-01 1.806610536778087972e-01
5.364999999999999769e-01 1.845229427293156588e-01
5.374999999999999778e-01 1.780236660328772813e-01
5.384999999999999787e-01 1.691695789391786109e-01
5.394999999999999796e-01 1.656844595512333984e-01
5.404999999999999805e-01 1.700173106821923075e-01
5.414999999999999813e-01 1.611632235884936648e-01
5.424999999999999822e-01 1.543813696443840366e-01
5.434999999999999831e-01 1.584316435276717228e-01
5.444999999999999840e-01 1.535336379013703401e-01
5.454999999999999849e-01 1.423247404104114044e-01
5.464999999999999858e-01 1.459982446301374415e-01
5.474999999999999867e-01 1.383686589430141445e-01
5.484999999999999876e-01 1.486356322750689574e-01
5.494999999999999885e-01 1.383686589430141445e-01
5.504999999999999893e-01 1.394989679336990640e-01
5.514999999999999902e-01 1.352603092186305533e-01
5.524999999999999911e-01 1.321519594942469900e-01
5.534999999999999920e-01 1.291378021857538250e-01
5.544999999999999929e-01 1.354486940504113779e-01
5.554999999999999938e-01 1.279133007791784793e-01
5.564999999999999947e-01 1.301739187605483461e-01
5.574999999999999956e-01 1.305506884241099952e-01
5.584999999999999964e-01 1.153857094657537857e-01
5.594999999999999973e-01 1.191534061013702350e-01
5.604999999999999982e-01 1.167985957041099560e-01
5.614999999999999991e-01 1.200953302602743578e-01
5.625000000000000000e-01 1.164218260405483069e-01
5.635000000000000009e-01 1.145379777227400891e-01
5.645000000000000018e-01 1.134076687320551557e-01
5.655000000000000027e-01 1.106760886712332276e-01
5.665000000000000036e-01 1.082270858580825362e-01
5.675000000000000044e-01 1.051187361336989590e-01
5.685000000000000053e-01 1.054013133813701958e-01
5.695000000000000062e-01 1.033290802317811535e-01
5.705000000000000071e-01 9.833688218958935856e-02
5.715000000000000080e-01 1.021045788252058079e-01
5.725000000000000089e-01 9.249695240438385313e-02
5.735000000000000098e-01 9.146083582958933200e-02
5.745000000000000107e-01 9.485176280164413221e-02
5.755000000000000115e-01 9.268533723616467768e-02
5.765000000000000124e-01 9.014214200712357405e-02
5.775000000000000133e-01 8.948279509589068814e-02
5.785000000000000142e-01 8.825829368931534247e-02
5.795000000000000151e-01 8.449059705369889317e-02
5.805000000000000160e-01 8.251255632000026319e-02
5.815000000000000169e-01 8.317190323123313522e-02
5.825000000000000178e-01 7.996936109095915957e-02
5.835000000000000187e-01 7.921582176383586138e-02
5.845000000000000195e-01 7.629585687123312254e-02
5.855000000000000204e-01 7.780293552547970504e-02
5.865000000000000213e-01 7.620166445534271027e-02
5.875000000000000222e-01 7.714358861424681912e-02
5.885000000000000231e-01 7.384685405808243119e-02
5.895000000000000240e-01 7.620166445534271027e-02
5.905000000000000249e-01 7.252816023561667325e-02
5.915000000000000258e-01 7.554231754410982436e-02
5.925000000000000266e-01 6.631146078684951872e-02
5.935000000000000275e-01 6.923142567945227144e-02
5.945000000000000284e-01 6.508695938027417305e-02
5.955000000000000293e-01 6.932561809534268371e-02
5.965000000000000302e-01 7.205719815616461188e-02
5.975000000000000311e-01 5.858768268383580252e-02
5.985000000000000320e-01 6.480438213260295011e-02
5.995000000000000329e-01 6.197860965589060966e-02
6.005000000000000338e-01 6.065991583342485172e-02
6.015000000000000346e-01 5.868187509972621480e-02
6.025000000000000355e-01 6.103668549698649387e-02
6.035000000000000364e-01 5.981218409041114820e-02
6.045000000000000373e-01 5.604448745479469890e-02
6.055000000000000382e-01 5.284194531452071630e-02
6.065000000000000391e-01 5.547933295945223220e-02
6.075000000000000400e-01 5.481998604821935323e-02
6.085000000000000409e-01 5.321871497808235846e-02
6.095000000000000417e-01 5.350129222575359528e-02
6.105000000000000426e-01 5.086390458082207938e-02
6.115000000000000435e-01 4.973359559013714598e-02
6.125000000000000444e-01 4.606009137041110202e-02
6.135000000000000453e-01 4.926263351068508461e-02
6.145000000000000462e-01 5.086390458082207938e-02
6.155000000000000471e-01 4.577751412273987214e-02
6.165000000000000480e-01 4.483558996383575634e-02
6.175000000000000488e-01 4.125627816000013159e-02
6.185000000000000497e-01 4.671943828164398099e-02
6.195000000000000506e-01 4.577751412273987214e-02
6.205000000000000515e-01 4.398785822082205976e-02
6.215000000000000524e-01 4.389366580493164749e-02
6.225000000000000533e-01 4.059693124876725262e-02
6.235000000000000542e-01 4.219820231890424045e-02
6.245000000000000551e-01 3.795954360383573672e-02
6.254999999999999449e-01 3.984339192164396137e-02
6.264999999999999458e-01 4.031435400109601580e-02
6.274999999999999467e-01 3.824212085150697354e-02
6.284999999999999476e-01 3.795954360383573672e-02
6.294999999999999485e-01 3.777115877205491218e-02
6.304999999999999494e-01 3.522796354301380856e-02
6.314999999999999503e-01 3.560473320657545765e-02
6.324999999999999512e-01 3.409765455232887515e-02
6.334999999999999520e-01 3.419184696821928743e-02
6.344999999999999529e-01 3.579311803835627526e-02
6.354999999999999538e-01 3.296734556164394175e-02
6.364999999999999547e-01 3.287315314575352948e-02
6.374999999999999556e-01 3.447442421589051731e-02
6.384999999999999565e-01 3.080091999616448029e-02
6.394999999999999574e-01 3.296734556164394175e-02
6.404999999999999583e-01 3.070672758027406801e-02
6.414999999999999591e-01 2.910545651013707671e-02
6.424999999999999600e-01 2.948222617369872234e-02
6.434999999999999609e-01 2.938803375780831353e-02
6.444999999999999618e-01 3.089511241205489256e-02
6.454999999999999627e-01 2.844610959890420121e-02
6.464999999999999636e-01 2.844610959890420121e-02
6.474999999999999645e-01 2.693903094465761872e-02
6.484999999999999654e-01 2.938803375780831353e-02
6.494999999999999662e-01 2.854030201479461001e-02
6.504999999999999671e-01 2.505518262684939407e-02
6.514999999999999680e-01 2.957641858958913461e-02
6.524999999999999689e-01 2.477260537917816072e-02
6.534999999999999698e-01 2.364229638849322385e-02
6.544999999999999707e-01 2.326552672493158169e-02
6.554999999999999716e-01 2.091071632767129915e-02
6.564999999999999725e-01 2.420745088383569402e-02
6.574999999999999734e-01 2.373648880438363612e-02
6.584999999999999742e-01 2.458422054739733964e-02
6.594999999999999751e-01 2.147587082301376585e-02
6.604999999999999760e-01 2.345391155671240277e-02
6.614999999999999769e-01 2.157006323890417812e-02
6.624999999999999778e-01 2.128748599123294477e-02
6.634999999999999787e-01 2.138167840712335357e-02
6.644999999999999796e-01 2.166425565479459039e-02
6.654999999999999805e-01 2.034556183232883245e-02
6.664999999999999813e-01 1.959202250520554120e-02
6.674999999999999822e-01 2.091071632767129915e-02
6.684999999999999831e-01 2.119329357534253250e-02
6.694999999999999840e-01 1.836752109863019553e-02
6.704999999999999849e-01 1.704882727616443758e-02
6.714999999999999858e-01 1.874429076219184115e-02
6.724999999999999867e-01 1.949783008931512893e-02
6.734999999999999876e-01 1.959202250520554120e-02
6.744999999999999885e-01 1.761398177150690428e-02
6.754999999999999893e-01 1.902686800986307450e-02
6.764999999999999902e-01 1.865009834630142888e-02
6.774999999999999911e-01 1.686044244438361650e-02
6.784999999999999920e-01 1.554174862191785682e-02
6.794999999999999929e-01 1.620109553315073753e-02
6.804999999999999938e-01 1.620109553315073753e-02
6.814999999999999947e-01 1.516497895835621293e-02
6.824999999999999956e-01 1.676625002849320423e-02
6.834999999999999964e-01 1.459982446301374449e-02
6.844999999999999973e-01 1.573013345369867963e-02
6.854999999999999982e-01 1.573013345369867963e-02
6.864999999999999991e-01 1.375209272000004271e-02
6.875000000000000000e-01 1.403466996767127779e-02
6.885000000000000009e-01 1.497659412657539012e-02
6.895000000000000018e-01 1.356370788821922163e-02
6.905000000000000027e-01 1.582432586958909190e-02
6.915000000000000036e-01 1.365790030410963217e-02
6.925000000000000044e-01 1.177405198630140752e-02
6.935000000000000053e-01 1.120889749095893909e-02
6.945000000000000062e-01 1.337532305643839882e-02
6.955000000000000071e-01 1.196243681808223033e-02
6.965000000000000080e-01 1.215082164986305141e-02
6.975000000000000089e-01 1.158566715452058471e-02
6.985000000000000098e-01 9.325049173150714438e-03
6.995000000000000107e-01 1.215082164986305141e-02
7.005000000000000115e-01 1.083212782739729520e-02
7.015000000000000124e-01 1.224501406575346368e-02
7.025000000000000133e-01 9.607626420821947788e-03
7.035000000000000142e-01 1.007858850027400395e-02
7.045000000000000151e-01 1.073793541150688292e-02
7.055000000000000160e-01 1.007858850027400395e-02
7.065000000000000169e-01 1.177405198630140752e-02
7.075000000000000178e-01 1.017278091616441622e-02
7.085000000000000187e-01 1.205662923397264087e-02
7.095000000000000195e-01 8.477317430137012652e-03
7.105000000000000204e-01 1.102051265917811627e-02
7.115000000000000213e-01 8.194740182465779302e-03
7.125000000000000222e-01 8.571509846027424925e-03
7.135000000000000231e-01 8.571509846027424925e-03
7.145000000000000240e-01 9.325049173150714438e-03
7.155000000000000249e-01 7.912162934794545952e-03
7.165000000000000258e-01 9.796011252602770600e-03
7.175000000000000266e-01 9.136664341369891626e-03
7.185000000000000275e-01 7.064431191780844166e-03
7.195000000000000284e-01 7.723778103013723140e-03
7.205000000000000293e-01 9.419241589041124976e-03
7.215000000000000302e-01 8.383125014246602114e-03
7.225000000000000311e-01 1.083212782739729520e-02
7.235000000000000320e-01 7.347008439452078384e-03
7.245000000000000329e-01 6.781853944109610816e-03
7.255000000000000338e-01 6.687661528219199410e-03
7.265000000000000346e-01 6.593469112328788004e-03
7.275000000000000355e-01 6.876046360000021354e-03
7.285000000000000364e-01 6.876046360000021354e-03
7.295000000000000373e-01 5.839929785205497624e-03
7.305000000000000382e-01 7.252816023561666978e-03
7.315000000000000391e-01 6.876046360000021354e-03
7.325000000000000400e-01 7.064431191780844166e-03
7.335000000000000409e-01 7.441200855342488922e-03
7.345000000000000417e-01 6.593469112328788004e-03
7.355000000000000426e-01 6.028314616986320436e-03
7.365000000000000435e-01 5.274775289863030056e-03
7.375000000000000444e-01 5.368967705753441462e-03
7.385000000000000453e-01 5.934122201095909030e-03
7.395000000000000462e-01 5.839929785205497624e-03
7.405000000000000471e-01 6.970238775890432760e-03
7.415000000000000480e-01 7.158623607671255572e-03
7.425000000000000488e-01 5.839929785205497624e-03
7.435000000000000497e-01 6.593469112328788004e-03
7.445000000000000506e-01 5.557352537534264274e-03
7.455000000000000515e-01 4.521235962739740544e-03
7.465000000000000524e-01 5.180582873972619518e-03
7.475000000000000533e-01 5.086390458082208112e-03
7.485000000000000542e-01 5.745737369315087086e-03
7.495000000000000551e-01 5.368967705753441462e-03
7.504999999999999449e-01 6.028314616986320436e-03
7.514999999999999458e-01 4.615428378630151950e-03
7.524999999999999467e-01 4.332851130958917732e-03
7.534999999999999476e-01 3.956081467397272976e-03
7.544999999999999485e-01 5.368967705753441462e-03
7.554999999999999494e-01 4.992198042191796706e-03
7.564999999999999503e-01 4.898005626301385300e-03
7.574999999999999512e-01 4.050273883287684382e-03
7.584999999999999520e-01 3.861889051506861570e-03
7.594999999999999529e-01 3.767696635616450164e-03
7.604999999999999538e-01 4.238658715068506326e-03
7.614999999999999547e-01 3.579311803835627786e-03
7.624999999999999556e-01 3.861889051506861570e-03
7.634999999999999565e-01 3.390926972054805408e-03
7.644999999999999574e-01 4.521235962739740544e-03
7.654999999999999583e-01 3.485119387945216380e-03
7.664999999999999591e-01 4.427043546849329138e-03
7.674999999999999600e-01 3.673504219726039192e-03
7.684999999999999609e-01 4.332851130958917732e-03
7.694999999999999618e-01 3.956081467397272976e-03
7.704999999999999627e-01 3.390926972054805408e-03
7.714999999999999636e-01 3.673504219726039192e-03
7.724999999999999645e-01 4.427043546849329138e-03
7.734999999999999654e-01 3.673504219726039192e-03
7.744999999999999662e-01 3.956081467397272976e-03
7.754999999999999671e-01 2.354810397260281244e-03
7.764999999999999680e-01 3.390926972054805408e-03
7.774999999999999689e-01 2.731580060821926434e-03
7.784999999999999698e-01 2.543195229041104056e-03
7.794999999999999707e-01 3.202542140273982596e-03
7.804999999999999716e-01 3.296734556164394002e-03
7.814999999999999725e-01 3.108349724383571624e-03
7.824999999999999734e-01 3.485119387945216380e-03
7.834999999999999742e-01 2.637387644931515028e-03
7.844999999999999751e-01 1.978040733698636488e-03
7.854999999999999760e-01 1.883848317808225082e-03
7.864999999999999769e-01 3.202542140273982596e-03
7.874999999999999778e-01 1.978040733698636488e-03
7.884999999999999787e-01 3.296734556164394002e-03
7.894999999999999796e-01 2.543195229041104056e-03
7.904999999999999805e-01 2.637387644931515028e-03
7.914999999999999813e-01 2.825772476712337840e-03
7.924999999999999822e-01 1.883848317808225082e-03
7.934999999999999831e-01 2.354810397260281244e-03
7.944999999999999840e-01 3.014157308493160218e-03
7.954999999999999849e-01 2.260617981369870272e-03
7.964999999999999858e-01 2.825772476712337840e-03
7.974999999999999867e-01 1.789655901917813893e-03
7.984999999999999876e-01 2.637387644931515028e-03
7.994999999999999885e-01 2.166425565479458866e-03
8.004999999999999893e-01 2.449002813150692650e-03
8.014999999999999902e-01 1.789655901917813893e-03
8.024999999999999911e-01 1.978040733698636488e-03
8.034999999999999920e-01 1.695463486027402704e-03
8.044999999999999929e-01 2.072233149589047460e-03
8.054999999999999938e-01 2.449002813150692650e-03
8.064999999999999947e-01 1.601271070136991298e-03
8.074999999999999956e-01 1.601271070136991298e-03
8.084999999999999964e-01 1.789655901917813893e-03
8.094999999999999973e-01 1.978040733698636488e-03
8.104999999999999982e-01 1.883848317808225082e-03
8.114999999999999991e-01 1.695463486027402704e-03
8.125000000000000000e-01 1.789655901917813893e-03
8.135000000000000009e-01 2.260617981369870272e-03
8.145000000000000018e-01 2.260617981369870272e-03
8.155000000000000027e-01 1.695463486027402704e-03
8.165000000000000036e-01 1.789655901917813893e-03
8.175000000000000044e-01 1.883848317808225082e-03
8.185000000000000053e-01 1.883848317808225082e-03
8.195000000000000062e-01 2.166425565479458866e-03
8.205000000000000071e-01 1.318693822465757514e-03
8.215000000000000080e-01 1.412886238356168920e-03
8.225000000000000089e-01 1.412886238356168920e-03
8.235000000000000098e-01 1.224501406575346325e-03
8.245000000000000107e-01 1.224501406575346325e-03
8.255000000000000115e-01 1.601271070136991298e-03
8.265000000000000124e-01 1.412886238356168920e-03
8.275000000000000133e-01 2.637387644931515028e-03
8.285000000000000142e-01 1.224501406575346325e-03
8.295000000000000151e-01 1.036116574794523730e-03
8.305000000000000160e-01 1.412886238356168920e-03
8.315000000000000169e-01 1.789655901917813893e-03
8.325000000000000178e-01 1.695463486027402704e-03
8.335000000000000187e-01 1.130308990684935136e-03
8.345000000000000195e-01 1.318693822465757514e-03
8.355000000000000204e-01 1.318693822465757514e-03
8.365000000000000213e-01 1.224501406575346325e-03
8.375000000000000222e-01 1.318693822465757514e-03
8.385000000000000231e-01 8.477317430137013519e-04
8.395000000000000240e-01 1.601271070136991298e-03
8.405000000000000249e-01 1.507078654246580109e-03
8.415000000000000258e-01 1.507078654246580109e-03
8.425000000000000266e-01 8.477317430137013519e-04
8.435000000000000275e-01 1.130308990684935136e-03
8.445000000000000284e-01 1.224501406575346325e-03
8.455000000000000293e-01 1.412886238356168920e-03
8.465000000000000302e-01 6.593469112328787570e-04
8.475000000000000311e-01 7.535393271232900545e-04
8.485000000000000320e-01 9.419241589041125410e-04
8.495000000000000329e-01 1.036116574794523730e-03
8.505000000000000338e-01 7.535393271232900545e-04
8.515000000000000346e-01 8.477317430137013519e-04
8.525000000000000355e-01 1.883848317808225082e-03
8.535000000000000364e-01 7.535393271232900545e-04
8.545000000000000373e-01 7.535393271232900545e-04
8.555000000000000382e-01 6.593469112328787570e-04
8.565000000000000391e-01 9.419241589041125410e-04
8.575000000000000400e-01 5.651544953424675680e-04
8.585000000000000409e-01 1.036116574794523730e-03
8.595000000000000417e-01 9.419241589041125410e-04
8.605000000000000426e-01 1.412886238356168920e-03
8.615000000000000435e-01 8.477317430137013519e-04
8.625000000000000444e-01 1.036116574794523730e-03
8.635000000000000453e-01 2.825772476712337840e-04
8.645000000000000462e-01 1.130308990684935136e-03
8.655000000000000471e-01 8.477317430137013519e-04
8.665000000000000480e-01 6.593469112328787570e-04
8.675000000000000488e-01 7.535393271232900545e-04
8.685000000000000497e-01 1.036116574794523730e-03
8.695000000000000506e-01 5.651544953424675680e-04
8.705000000000000515e-01 7.535393271232900545e-04
8.715000000000000524e-01 1.036116574794523730e-03
8.725000000000000533e-01 6.593469112328787570e-04
8.735000000000000542e-01 9.419241589041125410e-04
8.745000000000000551e-01 4.709620794520562705e-04
8.754999999999999449e-01 5.651544953424675680e-04
8.764999999999999458e-01 9.419241589041125410e-04
8.774999999999999467e-01 4.709620794520562705e-04
8.784999999999999476e-01 7.535393271232900545e-04
8.794999999999999485e-01 6.593469112328787570e-04
8.804999999999999494e-01 2.825772476712337840e-04
8.814999999999999503e-01 4.709620794520562705e-04
8.824999999999999512e-01 4.709620794520562705e-04
8.834999999999999520e-01 3.767696635616450272e-04
8.844999999999999529e-01 2.825772476712337840e-04
8.854999999999999538e-01 6.593469112328787570e-04
8.864999999999999547e-01 3.767696635616450272e-04
8.874999999999999556e-01 1.883848317808225136e-04
8.884999999999999565e-01 4.709620794520562705e-04
8.894999999999999574e-01 9.419241589041125410e-04
8.904999999999999583e-01 7.535393271232900545e-04
8.914999999999999591e-01 3.767696635616450272e-04
8.924999999999999600e-01 8.477317430137013519e-04
8.934999999999999609e-01 3.767696635616450272e-04
8.944999999999999618e-01 7.535393271232900545e-04
8.954999999999999627e-01 1.883848317808225136e-04
8.964999999999999636e-01 4.709620794520562705e-04
8.974999999999999645e-01 8.477317430137013519e-04
8.984999999999999654e-01 6.593469112328787570e-04
8.994999999999999662e-01 3.767696635616450272e-04
9.004999999999999671e-01 5.651544953424675680e-04
9.014999999999999680e-01 3.767696635616450272e-04
9.024999999999999689e-01 3.767696635616450272e-04
9.034999999999999698e-01 4.709620794520562705e-04
9.044999999999999707e-01 3.767696635616450272e-04
9.054999999999999716e-01 7.535393271232900545e-04
9.064999999999999725e-01 4.709620794520562705e-04
9.074999999999999734e-01 5.651544953424675680e-04
9.084999999999999742e-01 9.419241589041125681e-05
9.094999999999999751e-01 2.825772476712337840e-04
9.104999999999999760e-01 3.767696635616450272e-04
9.114999999999999769e-01 5.651544953424675680e-04
9.124999999999999778e-01 2.825772476712337840e-04
9.134999999999999787e-01 2.825772476712337840e-04
9.144999999999999796e-01 2.825772476712337840e-04
9.154999999999999805e-01 2.825772476712337840e-04
9.164999999999999813e-01 1.883848317808225136e-04
9.174999999999999822e-01 5.651544953424675680e-04
9.184999999999999831e-01 1.883848317808225136e-04
9.194999999999999840e-01 4.709620794520562705e-04
9.204999999999999849e-01 5.651544953424675680e-04
9.214999999999999858e-01 9.419241589041125681e-05
9.224999999999999867e-01 1.883848317808225136e-04
9.234999999999999876e-01 2.825772476712337840e-04
9.244999999999999885e-01 2.825772476712337840e-04
9.254999999999999893e-01 2.825772476712337840e-04
9.264999999999999902e-01 4.709620794520562705e-04
9.274999999999999911e-01 2.825772476712337840e-04
9.284999999999999920e-01 4.709620794520562705e-04
9.294999999999999929e-01 3.767696635616450272e-04
9.304999999999999938e-01 1.883848317808225136e-04
9.314999999999999947e-01 3.767696635616450272e-04
9.324999999999999956e-01 1.883848317808225136e-04
9.334999999999999964e-01 0.000000000000000000e+00
9.344999999999999973e-01 4.709620794520562705e-04
9.354999999999999982e-01 1.883848317808225136e-04
9.364999999999999991e-01 4.709620794520562705e-04
9.375000000000000000e-01 4.709620794520562705e-04
9.385000000000000009e-01 9.419241589041125681e-05
9.395000000000000018e-01 1.883848317808225136e-04
9.405000000000000027e-01 9.419241589041125681e-05
9.415000000000000036e-01 1.883848317808225136e-04
9.425000000000000044e-01 9.419241589041125681e-05
9.435000000000000053e-01 1.883848317808225136e-04
9.445000000000000062e-01 2.825772476712337840e-04
9.455000000000000071e-01 1.883848317808225136e-04
9.465000000000000080e-01 9.419241589041125681e-05
9.475000000000000089e-01 9.419241589041125681e-05
9.485000000000000098e-01 9.419241589041125681e-05
9.495000000000000107e-01 1.883848317808225136e-04
9.505000000000000115e-01 2.825772476712337840e-04
9.515000000000000124e-01 5.651544953424675680e-04
9.525000000000000133e-01 9.419241589041125681e-05
9.535000000000000142e-01 1.883848317808225136e-04
9.545000000000000151e-01 0.000000000000000000e+00
9.555000000000000160e-01 1.883848317808225136e-04
9.565000000000000169e-01 4.709620794520562705e-04
9.575000000000000178e-01 9.419241589041125681e-05
9.585000000000000187e-01 0.000000000000000000e+00
9.595000000000000195e-01 9.419241589041125681e-05
9.605000000000000204e-01 1.883848317808225136e-04
9.615000000000000213e-01 1.883848317808225136e-04
9.625000000000000222e-01 9.419241589041125681e-05
9.635000000000000231e-01 1.883848317808225136e-04
9.645000000000000240e-01 3.767696635616450272e-04
9.655000000000000249e-01 0.000000000000000000e+00
9.665000000000000258e-01 2.825772476712337840e-04
9.675000000000000266e-01 1.883848317808225136e-04
9.685000000000000275e-01 9.419241589041125681e-05
9.695000000000000284e-01 1.883848317808225136e-04
9.705000000000000293e-01 0.000000000000000000e+00
9.715000000000000302e-01 3.767696635616450272e-04
9.725000000000000311e-01 0.000000000000000000e+00
9.735000000000000320e-01 0.000000000000000000e+00
9.745000000000000329e-01 9.419241589041125681e-05
9.755000000000000338e-01 9.419241589041125681e-05
9.765000000000000346e-01 9.419241589041125681e-05
9.775000000000000355e-01 0.000000000000000000e+00
9.785000000000000364e-01 9.419241589041125681e-05
9.795000000000000373e-01 1.883848317808225136e-04
9.805000000000000382e-01 9.419241589041125681e-05
9.815000000000000391e-01 1.883848317808225136e-04
9.825000000000000400e-01 9.419241589041125681e-05
9.835000000000000409e-01 0.000000000000000000e+00
9.845000000000000417e-01 2.825772476712337840e-04
9.855000000000000426e-01 9.419241589041125681e-05
9.865000000000000435e-01 2.825772476712337840e-04
9.875000000000000444e-01 2.825772476712337840e-04
9.885000000000000453e-01 1.883848317808225136e-04
9.895000000000000462e-01 1.883848317808225136e-04
9.905000000000000471e-01 0.000000000000000000e+00
9.915000000000000480e-01 9.419241589041125681e-05
9.925000000000000488e-01 9.419241589041125681e-05
9.935000000000000497e-01 0.000000000000000000e+00
9.945000000000000506e-01 2.825772476712337840e-04
9.955000000000000515e-01 0.000000000000000000e+00
9.965000000000000524e-01 2.825772476712337840e-04
9.975000000000000533e-01 1.883848317808225136e-04
9.985000000000000542e-01 0.000000000000000000e+00
9.995000000000000551e-01 9.419241589041125681e-05
1.000499999999999945e+00 9.419241589041125681e-05
