5.000000000000000104e-04 9.407939999999999359e-02
1.500000000000000031e-03 9.878530000000000644e-02
2.500000000000000052e-03 1.036969999999999975e-01
3.500000000000000073e-03 1.088216999999999934e-01
4.499999999999999660e-03 1.141670000000000046e-01
5.499999999999999681e-03 1.197406000000000026e-01
6.499999999999999702e-03 1.255505000000000093e-01
7.499999999999999722e-03 1.316045999999999883e-01
8.500000000000000611e-03 1.379112999999999867e-01
9.499999999999999764e-03 1.444788999999999934e-01
1.050000000000000065e-02 1.513161000000000089e-01
1.149999999999999981e-02 1.584315000000000029e-01
1.250000000000000069e-02 1.658341999999999872e-01
1.349999999999999985e-02 1.735333000000000014e-01
1.450000000000000074e-02 1.815380000000000049e-01
1.549999999999999989e-02 1.898577999999999932e-01
1.650000000000000078e-02 1.985021999999999898e-01
1.750000000000000167e-02 2.074811000000000016e-01
1.849999999999999908e-02 2.168043000000000053e-01
1.949999999999999997e-02 2.264819000000000138e-01
2.050000000000000086e-02 2.365240999999999871e-01
2.149999999999999828e-02 2.469411999999999996e-01
2.249999999999999917e-02 2.577436000000000171e-01
2.350000000000000006e-02 2.689421000000000173e-01
2.450000000000000094e-02 2.805471999999999966e-01
2.549999999999999836e-02 2.925698999999999939e-01
2.649999999999999925e-02 3.050209999999999866e-01
2.750000000000000014e-02 3.179115000000000135e-01
2.850000000000000103e-02 3.312526000000000082e-01
2.949999999999999845e-02 3.450555000000000150e-01
3.049999999999999933e-02 3.593313000000000201e-01
3.150000000000000022e-02 3.740915000000000212e-01
3.250000000000000111e-02 3.893474000000000101e-01
3.350000000000000200e-02 4.051102999999999787e-01
3.450000000000000289e-02 4.213917999999999831e-01
3.549999999999999684e-02 4.382032000000000149e-01
3.649999999999999772e-02 4.555560000000000165e-01
3.749999999999999861e-02 4.734615999999999825e-01
3.849999999999999950e-02 4.919315000000000215e-01
3.950000000000000039e-02 5.109770000000000145e-01
4.050000000000000128e-02 5.306094000000000088e-01
4.150000000000000216e-02 5.508399000000000489e-01
4.250000000000000305e-02 5.716797999999999602e-01
4.349999999999999700e-02 5.931400999999999479e-01
4.449999999999999789e-02 6.152317000000000480e-01
4.549999999999999878e-02 6.379656000000000216e-01
4.649999999999999967e-02 6.613521999999999457e-01
4.750000000000000056e-02 6.854021999999999615e-01
4.850000000000000144e-02 7.101258000000000292e-01
4.950000000000000233e-02 7.355332999999999455e-01
5.050000000000000322e-02 7.616344000000000447e-01
5.149999999999999717e-02 7.884387999999999952e-01
5.249999999999999806e-02 8.159560000000000146e-01
5.349999999999999895e-02 8.441950000000000287e-01
5.449999999999999983e-02 8.731647000000000158e-01
5.550000000000000072e-02 9.028736000000000539e-01
5.650000000000000161e-02 9.333297999999999872e-01
5.750000000000000250e-02 9.645411000000000401e-01
5.850000000000000339e-02 9.965150000000000396e-01
5.949999999999999734e-02 1.029258500000000076e+00
6.049999999999999822e-02 1.062778100000000059e+00
6.149999999999999911e-02 1.097080099999999891e+00
6.250000000000000000e-02 1.132170099999999957e+00
6.350000000000000089e-02 1.168053400000000019e+00
6.450000000000000178e-02 1.204734500000000041e+00
6.550000000000000266e-02 1.242217799999999928e+00
6.650000000000000355e-02 1.280506799999999945e+00
6.750000000000000444e-02 1.319604599999999905e+00
6.850000000000000533e-02 1.359513600000000100e+00
6.950000000000000622e-02 1.400235700000000083e+00
7.049999999999999323e-02 1.441772199999999948e+00
7.149999999999999412e-02 1.484123499999999929e+00
7.249999999999999500e-02 1.527289700000000083e+00
7.349999999999999589e-02 1.571269900000000108e+00
7.449999999999999678e-02 1.616062499999999957e+00
7.549999999999999767e-02 1.661665500000000018e+00
7.649999999999999856e-02 1.708075900000000091e+00
7.749999999999999944e-02 1.755289799999999900e+00
7.850000000000000033e-02 1.803302900000000042e+00
7.950000000000000122e-02 1.852109800000000028e+00
8.050000000000000211e-02 1.901704400000000073e+00
8.150000000000000300e-02 1.952079799999999921e+00
8.250000000000000389e-02 2.003228200000000125e+00
8.350000000000000477e-02 2.055141100000000165e+00
8.450000000000000566e-02 2.107808900000000207e+00
8.550000000000000655e-02 2.161221299999999790e+00
8.649999999999999356e-02 2.215367099999999922e+00
8.749999999999999445e-02 2.270234100000000144e+00
8.849999999999999534e-02 2.325809299999999968e+00
8.949999999999999623e-02 2.382078799999999941e+00
9.049999999999999711e-02 2.439027700000000021e+00
9.149999999999999800e-02 2.496640300000000146e+00
9.249999999999999889e-02 2.554899900000000112e+00
9.349999999999999978e-02 2.613788899999999860e+00
9.450000000000000067e-02 2.673288599999999793e+00
9.550000000000000155e-02 2.733379799999999804e+00
9.650000000000000244e-02 2.794041899999999856e+00
9.750000000000000333e-02 2.855253600000000169e+00
9.850000000000000422e-02 2.916992700000000216e+00
9.950000000000000511e-02 2.979236100000000054e+00
1.005000000000000060e-01 3.041959700000000044e+00
1.015000000000000069e-01 3.105138499999999802e+00
1.024999999999999939e-01 3.168746699999999805e+00
1.034999999999999948e-01 3.232757599999999787e+00
1.044999999999999957e-01 3.297143600000000063e+00
1.054999999999999966e-01 3.361876099999999923e+00
1.064999999999999974e-01 3.426925999999999917e+00
1.074999999999999983e-01 3.492263100000000176e+00
1.084999999999999992e-01 3.557856500000000199e+00
1.095000000000000001e-01 3.623674499999999910e+00
1.105000000000000010e-01 3.689684699999999928e+00
1.115000000000000019e-01 3.755853899999999967e+00
1.125000000000000028e-01 3.822148100000000159e+00
1.135000000000000037e-01 3.888532699999999842e+00
1.145000000000000046e-01 3.954972499999999780e+00
1.155000000000000054e-01 4.021431500000000270e+00
1.165000000000000063e-01 4.087873300000000043e+00
1.174999999999999933e-01 4.154260700000000028e+00
1.184999999999999942e-01 4.220556199999999869e+00
1.194999999999999951e-01 4.286721499999999629e+00
1.204999999999999960e-01 4.352718000000000309e+00
1.214999999999999969e-01 4.418506700000000009e+00
1.224999999999999978e-01 4.484047999999999590e+00
1.234999999999999987e-01 4.549302199999999630e+00
1.244999999999999996e-01 4.614229100000000194e+00
1.255000000000000004e-01 4.678788100000000227e+00
1.265000000000000013e-01 4.742938699999999841e+00
1.275000000000000022e-01 4.806639900000000409e+00
1.285000000000000031e-01 4.869850500000000082e+00
1.295000000000000040e-01 4.932529500000000233e+00
1.305000000000000049e-01 4.994635500000000228e+00
1.315000000000000058e-01 5.056127199999999711e+00
1.325000000000000067e-01 5.116963300000000103e+00
1.335000000000000075e-01 5.177102699999999835e+00
1.345000000000000084e-01 5.236504000000000048e+00
1.355000000000000093e-01 5.295126500000000291e+00
1.365000000000000102e-01 5.352929200000000165e+00
1.375000000000000111e-01 5.409871700000000061e+00
1.385000000000000120e-01 5.465913699999999764e+00
1.395000000000000129e-01 5.521015399999999573e+00
1.405000000000000138e-01 5.575136999999999787e+00
1.414999999999999869e-01 5.628239699999999957e+00
1.424999999999999878e-01 5.680284799999999912e+00
1.434999999999999887e-01 5.731234200000000278e+00
1.444999999999999896e-01 5.781050399999999811e+00
1.454999999999999905e-01 5.829696499999999837e+00
1.464999999999999913e-01 5.877136300000000091e+00
1.474999999999999922e-01 5.923334299999999608e+00
1.484999999999999931e-01 5.968255799999999667e+00
1.494999999999999940e-01 6.011866699999999675e+00
1.504999999999999949e-01 6.054134000000000349e+00
1.514999999999999958e-01 6.095025399999999927e+00
1.524999999999999967e-01 6.134509699999999732e+00
1.534999999999999976e-01 6.172556400000000387e+00
1.544999999999999984e-01 6.209136299999999942e+00
1.554999999999999993e-01 6.244220900000000185e+00
1.565000000000000002e-01 6.277783200000000008e+00
1.575000000000000011e-01 6.309796999999999656e+00
1.585000000000000020e-01 6.340237300000000076e+00
1.595000000000000029e-01 6.369080300000000250e+00
1.605000000000000038e-01 6.396303399999999861e+00
1.615000000000000047e-01 6.421885399999999855e+00
1.625000000000000056e-01 6.445806100000000427e+00
1.635000000000000064e-01 6.468046700000000371e+00
1.645000000000000073e-01 6.488589900000000021e+00
1.655000000000000082e-01 6.507419399999999854e+00
1.665000000000000091e-01 6.524520400000000109e+00
1.675000000000000100e-01 6.539879700000000184e+00
1.685000000000000109e-01 6.553485300000000180e+00
1.695000000000000118e-01 6.565326400000000007e+00
1.705000000000000127e-01 6.575394099999999575e+00
1.715000000000000135e-01 6.583680600000000105e+00
1.724999999999999867e-01 6.590179700000000196e+00
1.734999999999999876e-01 6.594886500000000318e+00
1.744999999999999885e-01 6.597797700000000098e+00
1.754999999999999893e-01 6.598911499999999819e+00
1.764999999999999902e-01 6.598227299999999573e+00
1.774999999999999911e-01 6.595746400000000342e+00
1.784999999999999920e-01 6.591471199999999975e+00
1.794999999999999929e-01 6.585405699999999918e+00
1.804999999999999938e-01 6.577555399999999608e+00
1.814999999999999947e-01 6.567927100000000351e+00
1.824999999999999956e-01 6.556529300000000227e+00
1.834999999999999964e-01 6.543371500000000118e+00
1.844999999999999973e-01 6.528464999999999741e+00
1.854999999999999982e-01 6.511822399999999789e+00
1.864999999999999991e-01 6.493457600000000163e+00
1.875000000000000000e-01 6.473385900000000248e+00
1.885000000000000009e-01 6.451623900000000411e+00
1.895000000000000018e-01 6.428189599999999615e+00
1.905000000000000027e-01 6.403102200000000188e+00
1.915000000000000036e-01 6.376382200000000111e+00
1.925000000000000044e-01 6.348051400000000122e+00
1.935000000000000053e-01 6.318132600000000210e+00
1.945000000000000062e-01 6.286650100000000130e+00
1.955000000000000071e-01 6.253629000000000104e+00
1.965000000000000080e-01 6.219095799999999841e+00
1.975000000000000089e-01 6.183077800000000401e+00
1.985000000000000098e-01 6.145603600000000277e+00
1.995000000000000107e-01 6.106702699999999595e+00
2.005000000000000115e-01 6.066405500000000117e+00
2.015000000000000124e-01 6.024743299999999913e+00
2.025000000000000133e-01 5.981748500000000135e+00
2.034999999999999865e-01 5.937453999999999787e+00
2.044999999999999873e-01 5.891893900000000350e+00
2.054999999999999882e-01 5.845102699999999984e+00
2.064999999999999891e-01 5.797115899999999655e+00
2.074999999999999900e-01 5.747969300000000281e+00
2.084999999999999909e-01 5.697699799999999648e+00
2.094999999999999918e-01 5.646344499999999655e+00
2.104999999999999927e-01 5.593941100000000333e+00
2.114999999999999936e-01 5.540528000000000119e+00
2.124999999999999944e-01 5.486143799999999793e+00
2.134999999999999953e-01 5.430827700000000036e+00
2.144999999999999962e-01 5.374619000000000035e+00
2.154999999999999971e-01 5.317557400000000101e+00
2.164999999999999980e-01 5.259683100000000167e+00
2.174999999999999989e-01 5.201036099999999607e+00
2.184999999999999998e-01 5.141656900000000086e+00
2.195000000000000007e-01 5.081585999999999714e+00
2.205000000000000016e-01 5.020863900000000157e+00
2.215000000000000024e-01 4.959531199999999806e+00
2.225000000000000033e-01 4.897628499999999718e+00
2.235000000000000042e-01 4.835196400000000061e+00
2.245000000000000051e-01 4.772275200000000162e+00
2.255000000000000060e-01 4.708905299999999627e+00
2.265000000000000069e-01 4.645126699999999609e+00
2.275000000000000078e-01 4.580979400000000368e+00
2.285000000000000087e-01 4.516502899999999876e+00
2.295000000000000095e-01 4.451736600000000266e+00
2.305000000000000104e-01 4.386719399999999602e+00
2.315000000000000113e-01 4.321489999999999831e+00
2.325000000000000122e-01 4.256086500000000328e+00
2.335000000000000131e-01 4.190546699999999625e+00
2.344999999999999862e-01 4.124907900000000183e+00
2.354999999999999871e-01 4.059206699999999834e+00
2.364999999999999880e-01 3.993479499999999849e+00
2.374999999999999889e-01 3.927761799999999859e+00
2.384999999999999898e-01 3.862088700000000152e+00
2.394999999999999907e-01 3.796494500000000105e+00
2.404999999999999916e-01 3.731013100000000193e+00
2.414999999999999925e-01 3.665677500000000144e+00
2.424999999999999933e-01 3.600520099999999779e+00
2.434999999999999942e-01 3.535572499999999785e+00
2.444999999999999951e-01 3.470865600000000217e+00
2.454999999999999960e-01 3.406429500000000221e+00
2.464999999999999969e-01 3.342293699999999923e+00
2.474999999999999978e-01 3.278486599999999918e+00
2.484999999999999987e-01 3.215036099999999841e+00
2.494999999999999996e-01 3.151968899999999962e+00
2.505000000000000004e-01 3.089311200000000035e+00
2.515000000000000013e-01 3.027088299999999954e+00
2.525000000000000022e-01 2.965324400000000082e+00
2.535000000000000031e-01 2.904043099999999988e+00
2.545000000000000040e-01 2.843266900000000152e+00
2.555000000000000049e-01 2.783017699999999817e+00
2.565000000000000058e-01 2.723316300000000023e+00
2.575000000000000067e-01 2.664182600000000178e+00
2.585000000000000075e-01 2.605635700000000110e+00
2.595000000000000084e-01 2.547693900000000067e+00
2.605000000000000093e-01 2.490374300000000041e+00
2.615000000000000102e-01 2.433693400000000118e+00
2.625000000000000111e-01 2.377666800000000080e+00
2.635000000000000120e-01 2.322309000000000179e+00
2.645000000000000129e-01 2.267633800000000033e+00
2.655000000000000138e-01 2.213654099999999847e+00
2.665000000000000147e-01 2.160381999999999802e+00
2.675000000000000155e-01 2.107828500000000105e+00
2.685000000000000164e-01 2.056004100000000001e+00
2.695000000000000173e-01 2.004918299999999931e+00
2.705000000000000182e-01 1.954579599999999973e+00
2.715000000000000191e-01 1.904995900000000075e+00
2.725000000000000200e-01 1.856174400000000002e+00
2.735000000000000209e-01 1.808121199999999984e+00
2.745000000000000218e-01 1.760841899999999960e+00
2.755000000000000226e-01 1.714341099999999951e+00
2.765000000000000235e-01 1.668622899999999909e+00
2.775000000000000244e-01 1.623690499999999926e+00
2.785000000000000253e-01 1.579546399999999906e+00
2.795000000000000262e-01 1.536192599999999908e+00
2.805000000000000271e-01 1.493630100000000072e+00
2.814999999999999725e-01 1.451859500000000081e+00
2.824999999999999734e-01 1.410880600000000040e+00
2.834999999999999742e-01 1.370692800000000044e+00
2.844999999999999751e-01 1.331294500000000047e+00
2.854999999999999760e-01 1.292683900000000108e+00
2.864999999999999769e-01 1.254858400000000040e+00
2.874999999999999778e-01 1.217815000000000092e+00
2.884999999999999787e-01 1.181550099999999937e+00
2.894999999999999796e-01 1.146059500000000009e+00
2.904999999999999805e-01 1.111338600000000065e+00
2.914999999999999813e-01 1.077382499999999910e+00
2.924999999999999822e-01 1.044185499999999989e+00
2.934999999999999831e-01 1.011741800000000024e+00
2.944999999999999840e-01 9.800448000000000492e-01
2.954999999999999849e-01 9.490880000000000427e-01
2.964999999999999858e-01 9.188642000000000198e-01
2.974999999999999867e-01 8.893659000000000425e-01
2.984999999999999876e-01 8.605852000000000501e-01
2.994999999999999885e-01 8.325141000000000346e-01
3.004999999999999893e-01 8.051441000000000292e-01
3.014999999999999902e-01 7.784666000000000086e-01
3.024999999999999911e-01 7.524724999999999886e-01
3.034999999999999920e-01 7.271526999999999852e-01
3.044999999999999929e-01 7.024977999999999501e-01
3.054999999999999938e-01 6.784982000000000513e-01
3.064999999999999947e-01 6.551439000000000012e-01
3.074999999999999956e-01 6.324250999999999623e-01
3.084999999999999964e-01 6.103315000000000268e-01
3.094999999999999973e-01 5.888529999999999598e-01
3.104999999999999982e-01 5.679790999999999590e-01
3.114999999999999991e-01 5.476993000000000000e-01
3.125000000000000000e-01 5.280030000000000001e-01
3.135000000000000009e-01 5.088795999999999875e-01
3.145000000000000018e-01 4.903181999999999818e-01
3.155000000000000027e-01 4.723080000000000056e-01
3.165000000000000036e-01 4.548383999999999761e-01
3.175000000000000044e-01 4.378983000000000181e-01
3.185000000000000053e-01 4.214768999999999877e-01
3.195000000000000062e-01 4.055633000000000155e-01
3.205000000000000071e-01 3.901468000000000158e-01
3.215000000000000080e-01 3.752163000000000026e-01
3.225000000000000089e-01 3.607612000000000041e-01
3.235000000000000098e-01 3.467706999999999873e-01
3.245000000000000107e-01 3.332339999999999747e-01
3.255000000000000115e-01 3.201404999999999945e-01
3.265000000000000124e-01 3.074797000000000224e-01
3.275000000000000133e-01 2.952408999999999728e-01
3.285000000000000142e-01 2.834138999999999964e-01
3.295000000000000151e-01 2.719882000000000133e-01
3.305000000000000160e-01 2.609537000000000107e-01
3.315000000000000169e-01 2.503001999999999727e-01
3.325000000000000178e-01 2.400178000000000034e-01
3.335000000000000187e-01 2.300965000000000094e-01
3.345000000000000195e-01 2.205265999999999893e-01
3.355000000000000204e-01 2.112985000000000002e-01
3.365000000000000213e-01 2.024026999999999910e-01
3.375000000000000222e-01 1.938297999999999965e-01
3.385000000000000231e-01 1.855706000000000022e-01
3.395000000000000240e-01 1.776159999999999961e-01
3.405000000000000249e-01 1.699572000000000027e-01
3.415000000000000258e-01 1.625853999999999910e-01
3.425000000000000266e-01 1.554918999999999885e-01
3.435000000000000275e-01 1.486683000000000032e-01
3.444999999999999729e-01 1.421062999999999910e-01
3.454999999999999738e-01 1.357977999999999963e-01
3.464999999999999747e-01 1.297348000000000112e-01
3.474999999999999756e-01 1.239095000000000057e-01
3.484999999999999765e-01 1.183141999999999944e-01
3.494999999999999774e-01 1.129416000000000031e-01
3.504999999999999782e-01 1.077841999999999967e-01
3.514999999999999791e-01 1.028349000000000069e-01
3.524999999999999800e-01 9.808680000000000176e-02
3.534999999999999809e-01 9.353300000000000503e-02
3.544999999999999818e-01 8.916689999999999339e-02
3.554999999999999827e-01 8.498200000000000198e-02
3.564999999999999836e-01 8.097189999999999943e-02
3.574999999999999845e-01 7.713040000000000174e-02
3.584999999999999853e-01 7.345169999999999477e-02
3.594999999999999862e-01 6.992980000000000029e-02
3.604999999999999871e-01 6.655899999999999317e-02
3.614999999999999880e-01 6.333379999999999566e-02
3.624999999999999889e-01 6.024890000000000106e-02
3.634999999999999898e-01 5.729900000000000271e-02
3.644999999999999907e-01 5.447889999999999677e-02
3.654999999999999916e-01 5.178390000000000076e-02
3.664999999999999925e-01 4.920909999999999868e-02
3.674999999999999933e-01 4.674980000000000108e-02
3.684999999999999942e-01 4.440159999999999940e-02
3.694999999999999951e-01 4.216020000000000184e-02
3.704999999999999960e-01 4.002119999999999983e-02
3.714999999999999969e-01 3.798060000000000325e-02
3.724999999999999978e-01 3.603440000000000115e-02
3.734999999999999987e-01 3.417889999999999817e-02
3.744999999999999996e-01 3.241030000000000300e-02
3.755000000000000004e-01 3.072499999999999884e-02
3.765000000000000013e-01 2.911949999999999955e-02
3.775000000000000022e-01 2.759059999999999985e-02
3.785000000000000031e-01 2.613499999999999851e-02
3.795000000000000040e-01 2.474960000000000007e-02
3.805000000000000049e-01 2.343140000000000153e-02
3.815000000000000058e-01 2.217749999999999930e-02
3.825000000000000067e-01 2.098500000000000018e-02
3.835000000000000075e-01 1.985140000000000168e-02
3.845000000000000084e-01 1.877409999999999843e-02
3.855000000000000093e-01 1.775039999999999951e-02
3.865000000000000102e-01 1.677810000000000065e-02
3.875000000000000111e-01 1.585479999999999876e-02
3.885000000000000120e-01 1.497839999999999935e-02
3.895000000000000129e-01 1.414660000000000049e-02
3.905000000000000138e-01 1.335740000000000018e-02
3.915000000000000147e-01 1.260889999999999928e-02
3.925000000000000155e-01 1.189920000000000040e-02
3.935000000000000164e-01 1.122639999999999923e-02
3.945000000000000173e-01 1.058880000000000064e-02
3.955000000000000182e-01 9.984800000000000272e-03
3.965000000000000191e-01 9.412699999999999539e-03
3.975000000000000200e-01 8.871000000000000413e-03
3.985000000000000209e-01 8.358300000000000798e-03
3.995000000000000218e-01 7.873099999999999196e-03
4.005000000000000226e-01 7.414099999999999857e-03
4.015000000000000235e-01 6.979899999999999820e-03
4.025000000000000244e-01 6.569499999999999819e-03
4.035000000000000253e-01 6.181500000000000362e-03
4.045000000000000262e-01 5.814899999999999583e-03
4.055000000000000271e-01 5.468500000000000270e-03
4.064999999999999725e-01 5.141500000000000237e-03
4.074999999999999734e-01 4.832699999999999670e-03
4.084999999999999742e-01 4.541199999999999577e-03
4.094999999999999751e-01 4.266100000000000100e-03
4.104999999999999760e-01 4.006700000000000192e-03
4.114999999999999769e-01 3.762000000000000153e-03
4.124999999999999778e-01 3.531299999999999804e-03
4.134999999999999787e-01 3.313899999999999832e-03
4.144999999999999796e-01 3.108999999999999785e-03
4.154999999999999805e-01 2.916100000000000029e-03
4.164999999999999813e-01 2.734299999999999838e-03
4.174999999999999822e-01 2.563199999999999854e-03
4.184999999999999831e-01 2.402200000000000168e-03
4.194999999999999840e-01 2.250700000000000010e-03
4.204999999999999849e-01 2.108200000000000178e-03
4.214999999999999858e-01 1.974099999999999900e-03
4.224999999999999867e-01 1.848100000000000090e-03
4.234999999999999876e-01 1.729700000000000031e-03
4.244999999999999885e-01 1.618400000000000090e-03
4.254999999999999893e-01 1.513900000000000098e-03
4.264999999999999902e-01 1.415800000000000045e-03
4.274999999999999911e-01 1.323600000000000080e-03
4.284999999999999920e-01 1.237199999999999932e-03
4.294999999999999929e-01 1.155999999999999910e-03
4.304999999999999938e-01 1.079899999999999957e-03
4.314999999999999947e-01 1.008599999999999905e-03
4.324999999999999956e-01 9.416999999999999590e-04
4.334999999999999964e-01 8.790000000000000070e-04
4.344999999999999973e-01 8.201999999999999872e-04
4.354999999999999982e-01 7.651999999999999514e-04
4.364999999999999991e-01 7.136999999999999464e-04
4.375000000000000000e-01 6.654999999999999674e-04
4.385000000000000009e-01 6.202999999999999530e-04
4.395000000000000018e-01 5.781000000000000114e-04
4.405000000000000027e-01 5.385999999999999729e-04
4.415000000000000036e-01 5.016000000000000493e-04
4.425000000000000044e-01 4.671000000000000239e-04
4.435000000000000053e-01 4.347999999999999977e-04
4.445000000000000062e-01 4.047000000000000250e-04
4.455000000000000071e-01 3.764999999999999901e-04
4.465000000000000080e-01 3.502000000000000013e-04
4.475000000000000089e-01 3.257000000000000021e-04
4.485000000000000098e-01 3.027999999999999876e-04
4.495000000000000107e-01 2.814000000000000095e-04
4.505000000000000115e-01 2.615000000000000137e-04
4.515000000000000124e-01 2.428999999999999953e-04
4.525000000000000133e-01 2.256000000000000084e-04
4.535000000000000142e-01 2.093999999999999941e-04
4.545000000000000151e-01 1.944000000000000090e-04
4.555000000000000160e-01 1.803999999999999940e-04
4.565000000000000169e-01 1.673000000000000008e-04
4.575000000000000178e-01 1.552000000000000048e-04
4.585000000000000187e-01 1.439000000000000012e-04
4.595000000000000195e-01 1.333999999999999899e-04
4.605000000000000204e-01 1.235999999999999957e-04
4.615000000000000213e-01 1.145000000000000049e-04
4.625000000000000222e-01 1.061000000000000040e-04
4.635000000000000231e-01 9.820000000000000170e-05
4.645000000000000240e-01 9.090000000000000044e-05
4.655000000000000249e-01 8.409999999999999778e-05
4.665000000000000258e-01 7.779999999999999373e-05
4.675000000000000266e-01 7.200000000000000182e-05
4.685000000000000275e-01 6.660000000000000609e-05
4.694999999999999729e-01 6.150000000000000410e-05
4.704999999999999738e-01 5.690000000000000071e-05
4.714999999999999747e-01 5.250000000000000218e-05
4.724999999999999756e-01 4.849999999999999982e-05
4.734999999999999765e-01 4.479999999999999797e-05
4.744999999999999774e-01 4.139999999999999664e-05
4.754999999999999782e-01 3.820000000000000018e-05
4.764999999999999791e-01 3.520000000000000180e-05
4.774999999999999800e-01 3.249999999999999715e-05
4.784999999999999809e-01 3.000000000000000076e-05
4.794999999999999818e-01 2.760000000000000002e-05
4.804999999999999827e-01 2.549999999999999980e-05
4.814999999999999836e-01 2.349999999999999862e-05
4.824999999999999845e-01 2.159999999999999987e-05
4.834999999999999853e-01 1.989999999999999921e-05
4.844999999999999862e-01 1.830000000000000097e-05
4.854999999999999871e-01 1.690000000000000082e-05
4.864999999999999880e-01 1.550000000000000068e-05
4.874999999999999889e-01 1.430000000000000031e-05
4.884999999999999898e-01 1.309999999999999994e-05
4.894999999999999907e-01 1.209999999999999935e-05
4.904999999999999916e-01 1.110000000000000045e-05
4.914999999999999925e-01 1.020000000000000060e-05
4.924999999999999933e-01 9.399999999999999786e-06
4.934999999999999942e-01 8.600000000000000670e-06
4.944999999999999951e-01 7.900000000000000595e-06
4.954999999999999960e-01 7.300000000000000411e-06
4.964999999999999969e-01 6.700000000000000226e-06
4.974999999999999978e-01 6.100000000000000042e-06
4.984999999999999987e-01 5.599999999999999747e-06
4.994999999999999996e-01 5.100000000000000299e-06
5.004999999999999449e-01 4.699999999999999893e-06
5.014999999999999458e-01 4.300000000000000335e-06
5.024999999999999467e-01 3.999999999999999819e-06
5.034999999999999476e-01 3.599999999999999837e-06
5.044999999999999485e-01 3.300000000000000168e-06
5.054999999999999494e-01 3.000000000000000076e-06
5.064999999999999503e-01 2.799999999999999873e-06
5.074999999999999512e-01 2.500000000000000205e-06
5.084999999999999520e-01 2.300000000000000002e-06
5.094999999999999529e-01 2.099999999999999799e-06
5.104999999999999538e-01 1.900000000000000020e-06
5.114999999999999547e-01 1.799999999999999919e-06
5.124999999999999556e-01 1.599999999999999928e-06
5.134999999999999565e-01 1.500000000000000038e-06
5.144999999999999574e-01 1.399999999999999937e-06
5.154999999999999583e-01 1.199999999999999946e-06
5.164999999999999591e-01 1.100000000000000056e-06
5.174999999999999600e-01 9.999999999999999547e-07
5.184999999999999609e-01 8.999999999999999593e-07
5.194999999999999618e-01 8.999999999999999593e-07
5.204999999999999627e-01 7.999999999999999638e-07
5.214999999999999636e-01 6.999999999999999683e-07
5.224999999999999645e-01 6.999999999999999683e-07
5.234999999999999654e-01 5.999999999999999728e-07
5.244999999999999662e-01 4.999999999999999774e-07
5.254999999999999671e-01 4.999999999999999774e-07
5.264999999999999680e-01 3.999999999999999819e-07
5.274999999999999689e-01 3.999999999999999819e-07
5.284999999999999698e-01 3.999999999999999819e-07
5.294999999999999707e-01 2.999999999999999864e-07
5.304999999999999716e-01 2.999999999999999864e-07
5.314999999999999725e-01 2.999999999999999864e-07
5.324999999999999734e-01 2.999999999999999864e-07
5.334999999999999742e-01 1.999999999999999909e-07
5.344999999999999751e-01 1.999999999999999909e-07
5.354999999999999760e-01 1.999999999999999909e-07
5.364999999999999769e-01 1.999999999999999909e-07
5.374999999999999778e-01 1.999999999999999909e-07
5.384999999999999787e-01 9.999999999999999547e-08
5.394999999999999796e-01 9.999999999999999547e-08
5.404999999999999805e-01 9.999999999999999547e-08
5.414999999999999813e-01 9.999999999999999547e-08
5.424999999999999822e-01 9.999999999999999547e-08
5.434999999999999831e-01 9.999999999999999547e-08
5.444999999999999840e-01 9.999999999999999547e-08
5.454999999999999849e-01 9.999999999999999547e-08
5.464999999999999858e-01 9.999999999999999547e-08
5.474999999999999867e-01 9.999999999999999547e-08
5.484999999999999876e-01 9.999999999999999547e-08
5.494999999999999885e-01 0.000000000000000000e+00
5.504999999999999893e-01 0.000000000000000000e+00
5.514999999999999902e-01 0.000000000000000000e+00
5.524999999999999911e-01 0.000000000000000000e+00
5.534999999999999920e-01 0.000000000000000000e+00
5.544999999999999929e-01 0.000000000000000000e+00
5.554999999999999938e-01 0.000000000000000000e+00
5.564999999999999947e-01 0.000000000000000000e+00
5.574999999999999956e-01 0.000000000000000000e+00
5.584999999999999964e-01 0.000000000000000000e+00
5.594999999999999973e-01 0.000000000000000000e+00
5.604999999999999982e-01 0.000000000000000000e+00
5.614999999999999991e-01 0.000000000000000000e+00
5.625000000000000000e-01 0.000000000000000000e+00
5.635000000000000009e-01 0.000000000000000000e+00
5.645000000000000018e-01 0.000000000000000000e+00
5.655000000000000027e-01 0.000000000000000000e+00
5.665000000000000036e-01 0.000000000000000000e+00
5.675000000000000044e-01 0.000000000000000000e+00
5.685000000000000053e-01 0.000000000000000000e+00
5.695000000000000062e-01 0.000000000000000000e+00
5.705000000000000071e-01 0.000000000000000000e+00
5.715000000000000080e-01 0.000000000000000000e+00
5.725000000000000089e-01 0.000000000000000000e+00
5.735000000000000098e-01 0.000000000000000000e+00
5.745000000000000107e-01 0.000000000000000000e+00
5.755000000000000115e-01 0.000000000000000000e+00
5.765000000000000124e-01 0.000000000000000000e+00
5.775000000000000133e-01 0.000000000000000000e+00
5.785000000000000142e-01 0.000000000000000000e+00
5.795000000000000151e-01 0.000000000000000000e+00
5.805000000000000160e-01 0.000000000000000000e+00
5.815000000000000169e-01 0.000000000000000000e+00
5.825000000000000178e-01 0.000000000000000000e+00
5.835000000000000187e-01 0.000000000000000000e+00
5.845000000000000195e-01 0.000000000000000000e+00
5.855000000000000204e-01 0.000000000000000000e+00
5.865000000000000213e-01 0.000000000000000000e+00
5.875000000000000222e-01 0.000000000000000000e+00
5.885000000000000231e-01 0.000000000000000000e+00
5.895000000000000240e-01 0.000000000000000000e+00
5.905000000000000249e-01 0.000000000000000000e+00
5.915000000000000258e-01 0.000000000000000000e+00
5.925000000000000266e-01 0.000000000000000000e+00
5.935000000000000275e-01 0.000000000000000000e+00
5.945000000000000284e-01 0.000000000000000000e+00
5.955000000000000293e-01 0.000000000000000000e+00
5.965000000000000302e-01 0.000000000000000000e+00
5.975000000000000311e-01 0.000000000000000000e+00
5.985000000000000320e-01 0.000000000000000000e+00
5.995000000000000329e-01 0.000000000000000000e+00
6.005000000000000338e-01 0.000000000000000000e+00
6.015000000000000346e-01 0.000000000000000000e+00
6.025000000000000355e-01 0.000000000000000000e+00
6.035000000000000364e-01 0.000000000000000000e+00
6.045000000000000373e-01 0.000000000000000000e+00
6.055000000000000382e-01 0.000000000000000000e+00
6.065000000000000391e-01 0.000000000000000000e+00
6.075000000000000400e-01 0.000000000000000000e+00
6.085000000000000409e-01 0.000000000000000000e+00
6.095000000000000417e-01 0.000000000000000000e+00
6.105000000000000426e-01 0.000000000000000000e+00
6.115000000000000435e-01 0.000000000000000000e+00
6.125000000000000444e-01 0.000000000000000000e+00
6.135000000000000453e-01 0.000000000000000000e+00
6.145000000000000462e-01 0.000000000000000000e+00
6.155000000000000471e-01 0.000000000000000000e+00
6.165000000000000480e-01 0.000000000000000000e+00
6.175000000000000488e-01 0.000000000000000000e+00
6.185000000000000497e-01 0.000000000000000000e+00
6.195000000000000506e-01 0.000000000000000000e+00
6.205000000000000515e-01 0.000000000000000000e+00
6.215000000000000524e-01 0.000000000000000000e+00
6.225000000000000533e-01 0.000000000000000000e+00
6.235000000000000542e-01 0.000000000000000000e+00
6.245000000000000551e-01 0.000000000000000000e+00
6.254999999999999449e-01 0.000000000000000000e+00
6.264999999999999458e-01 0.000000000000000000e+00
6.274999999999999467e-01 0.000000000000000000e+00
6.284999999999999476e-01 0.000000000000000000e+00
6.294999999999999485e-01 0.000000000000000000e+00
6.304999999999999494e-01 0.000000000000000000e+00
6.314999999999999503e-01 0.000000000000000000e+00
6.324999999999999512e-01 0.000000000000000000e+00
6.334999999999999520e-01 0.000000000000000000e+00
6.344999999999999529e-01 0.000000000000000000e+00
6.354999999999999538e-01 0.000000000000000000e+00
6.364999999999999547e-01 0.000000000000000000e+00
6.374999999999999556e-01 0.000000000000000000e+00
6.384999999999999565e-01 0.000000000000000000e+00
6.394999999999999574e-01 0.000000000000000000e+00
6.404999999999999583e-01 0.000000000000000000e+00
6.414999999999999591e-01 0.000000000000000000e+00
6.424999999999999600e-01 0.000000000000000000e+00
6.434999999999999609e-01 0.000000000000000000e+00
6.444999999999999618e-01 0.000000000000000000e+00
6.454999999999999627e-01 0.000000000000000000e+00
6.464999999999999636e-01 0.000000000000000000e+00
6.474999999999999645e-01 0.000000000000000000e+00
6.484999999999999654e-01 0.000000000000000000e+00
6.494999999999999662e-01 0.000000000000000000e+00
6.504999999999999671e-01 0.000000000000000000e+00
6.514999999999999680e-01 0.000000000000000000e+00
6.524999999999999689e-01 0.000000000000000000e+00
6.534999999999999698e-01 0.000000000000000000e+00
6.544999999999999707e-01 0.000000000000000000e+00
6.554999999999999716e-01 0.000000000000000000e+00
6.564999999999999725e-01 0.000000000000000000e+00
6.574999999999999734e-01 0.000000000000000000e+00
6.584999999999999742e-01 0.000000000000000000e+00
6.594999999999999751e-01 0.000000000000000000e+00
6.604999999999999760e-01 0.000000000000000000e+00
6.614999999999999769e-01 0.000000000000000000e+00
6.624999999999999778e-01 0.000000000000000000e+00
6.634999999999999787e-01 0.000000000000000000e+00
6.644999999999999796e-01 0.000000000000000000e+00
6.654999999999999805e-01 0.000000000000000000e+00
6.664999999999999813e-01 0.000000000000000000e+00
6.674999999999999822e-01 0.000000000000000000e+00
6.684999999999999831e-01 0.000000000000000000e+00
6.694999999999999840e-01 0.000000000000000000e+00
6.704999999999999849e-01 0.000000000000000000e+00
6.714999999999999858e-01 0.000000000000000000e+00
6.724999999999999867e-01 0.000000000000000000e+00
6.734999999999999876e-01 0.000000000000000000e+00
6.744999999999999885e-01 0.000000000000000000e+00
6.754999999999999893e-01 0.000000000000000000e+00
6.764999999999999902e-01 0.000000000000000000e+00
6.774999999999999911e-01 0.000000000000000000e+00
6.784999999999999920e-01 0.000000000000000000e+00
6.794999999999999929e-01 0.000000000000000000e+00
6.804999999999999938e-01 0.000000000000000000e+00
6.814999999999999947e-01 0.000000000000000000e+00
6.824999999999999956e-01 0.000000000000000000e+00
6.834999999999999964e-01 0.000000000000000000e+00
6.844999999999999973e-01 0.000000000000000000e+00
6.854999999999999982e-01 0.000000000000000000e+00
6.864999999999999991e-01 0.000000000000000000e+00
6.875000000000000000e-01 0.000000000000000000e+00
6.885000000000000009e-01 0.000000000000000000e+00
6.895000000000000018e-01 0.000000000000000000e+00
6.905000000000000027e-01 0.000000000000000000e+00
6.915000000000000036e-01 0.000000000000000000e+00
6.925000000000000044e-01 0.000000000000000000e+00
6.935000000000000053e-01 0.000000000000000000e+00
6.945000000000000062e-01 0.000000000000000000e+00
6.955000000000000071e-01 0.000000000000000000e+00
6.965000000000000080e-01 0.000000000000000000e+00
6.975000000000000089e-01 0.000000000000000000e+00
6.985000000000000098e-01 0.000000000000000000e+00
6.995000000000000107e-01 0.000000000000000000e+00
7.005000000000000115e-01 0.000000000000000000e+00
7.015000000000000124e-01 0.000000000000000000e+00
7.025000000000000133e-01 0.000000000000000000e+00
7.035000000000000142e-01 0.000000000000000000e+00
7.045000000000000151e-01 0.000000000000000000e+00
7.055000000000000160e-01 0.000000000000000000e+00
7.065000000000000169e-01 0.000000000000000000e+00
7.075000000000000178e-01 0.000000000000000000e+00
7.085000000000000187e-01 0.000000000000000000e+00
7.095000000000000195e-01 0.000000000000000000e+00
7.105000000000000204e-01 0.000000000000000000e+00
7.115000000000000213e-01 0.000000000000000000e+00
7.125000000000000222e-01 0.000000000000000000e+00
7.135000000000000231e-01 0.000000000000000000e+00
7.145000000000000240e-01 0.000000000000000000e+00
7.155000000000000249e-01 0.000000000000000000e+00
7.165000000000000258e-01 0.000000000000000000e+00
7.175000000000000266e-01 0.000000000000000000e+00
7.185000000000000275e-01 0.000000000000000000e+00
7.195000000000000284e-01 0.000000000000000000e+00
7.205000000000000293e-01 0.000000000000000000e+00
7.215000000000000302e-01 0.000000000000000000e+00
7.225000000000000311e-01 0.000000000000000000e+00
7.235000000000000320e-01 0.000000000000000000e+00
7.245000000000000329e-01 0.000000000000000000e+00
7.255000000000000338e-01 0.000000000000000000e+00
7.265000000000000346e-01 0.000000000000000000e+00
7.275000000000000355e-01 0.000000000000000000e+00
7.285000000000000364e-01 0.000000000000000000e+00
7.295000000000000373e-01 0.000000000000000000e+00
7.305000000000000382e-01 0.000000000000000000e+00
7.315000000000000391e-01 0.000000000000000000e+00
7.325000000000000400e-01 0.000000000000000000e+00
7.335000000000000409e-01 0.000000000000000000e+00
7.345000000000000417e-01 0.000000000000000000e+00
7.355000000000000426e-01 0.000000000000000000e+00
7.365000000000000435e-01 0.000000000000000000e+00
7.375000000000000444e-01 0.000000000000000000e+00
7.385000000000000453e-01 0.000000000000000000e+00
7.395000000000000462e-01 0.000000000000000000e+00
7.405000000000000471e-01 0.000000000000000000e+00
7.415000000000000480e-01 0.000000000000000000e+00
7.425000000000000488e-01 0.000000000000000000e+00
7.435000000000000497e-01 0.000000000000000000e+00
7.445000000000000506e-01 0.000000000000000000e+00
7.455000000000000515e-01 0.000000000000000000e+00
7.465000000000000524e-01 0.000000000000000000e+00
7.475000000000000533e-01 0.000000000000000000e+00
7.485000000000000542e-01 0.000000000000000000e+00
7.495000000000000551e-01 0.000000000000000000e+00
7.504999999999999449e-01 0.000000000000000000e+00
7.514999999999999458e-01 0.000000000000000000e+00
7.524999999999999467e-01 0.000000000000000000e+00
7.534999999999999476e-01 0.000000000000000000e+00
7.544999999999999485e-01 0.000000000000000000e+00
7.554999999999999494e-01 0.000000000000000000e+00
7.564999999999999503e-01 0.000000000000000000e+00
7.574999999999999512e-01 0.000000000000000000e+00
7.584999999999999520e-01 0.000000000000000000e+00
7.594999999999999529e-01 0.000000000000000000e+00
7.604999999999999538e-01 0.000000000000000000e+00
7.614999999999999547e-01 0.000000000000000000e+00
7.624999999999999556e-01 0.000000000000000000e+00
7.634999999999999565e-01 0.000000000000000000e+00
7.644999999999999574e-01 0.000000000000000000e+00
7.654999999999999583e-01 0.000000000000000000e+00
7.664999999999999591e-01 0.000000000000000000e+00
7.674999999999999600e-01 0.000000000000000000e+00
7.684999999999999609e-01 0.000000000000000000e+00
7.694999999999999618e-01 0.000000000000000000e+00
7.704999999999999627e-01 0.000000000000000000e+00
7.714999999999999636e-01 0.000000000000000000e+00
7.724999999999999645e-01 0.000000000000000000e+00
7.734999999999999654e-01 0.000000000000000000e+00
7.744999999999999662e-01 0.000000000000000000e+00
7.754999999999999671e-01 0.000000000000000000e+00
7.764999999999999680e-01 0.000000000000000000e+00
7.774999999999999689e-01 0.000000000000000000e+00
7.784999999999999698e-01 0.000000000000000000e+00
7.794999999999999707e-01 0.000000000000000000e+00
7.804999999999999716e-01 0.000000000000000000e+00
7.814999999999999725e-01 0.000000000000000000e+00
7.824999999999999734e-01 0.000000000000000000e+00
7.834999999999999742e-01 0.000000000000000000e+00
7.844999999999999751e-01 0.000000000000000000e+00
7.854999999999999760e-01 0.000000000000000000e+00
7.864999999999999769e-01 0.000000000000000000e+00
7.874999999999999778e-01 0.000000000000000000e+00
7.884999999999999787e-01 0.000000000000000000e+00
7.894999999999999796e-01 0.000000000000000000e+00
7.904999999999999805e-01 0.000000000000000000e+00
7.914999999999999813e-01 0.000000000000000000e+00
7.924999999999999822e-01 0.000000000000000000e+00
7.934999999999999831e-01 0.000000000000000000e+00
7.944999999999999840e-01 0.000000000000000000e+00
7.954999999999999849e-01 0.000000000000000000e+00
7.964999999999999858e-01 0.000000000000000000e+00
7.974999999999999867e-01 0.000000000000000000e+00
7.984999999999999876e-01 0.000000000000000000e+00
7.994999999999999885e-01 0.000000000000000000e+00
8.004999999999999893e-01 0.000000000000000000e+00
8.014999999999999902e-01 0.000000000000000000e+00
8.024999999999999911e-01 0.000000000000000000e+00
8.034999999999999920e-01 0.000000000000000000e+00
8.044999999999999929e-01 0.000000000000000000e+00
8.054999999999999938e-01 0.000000000000000000e+00
8.064999999999999947e-01 0.000000000000000000e+00
8.074999999999999956e-01 0.000000000000000000e+00
8.084999999999999964e-01 0.000000000000000000e+00
8.094999999999999973e-01 0.000000000000000000e+00
8.104999999999999982e-01 0.000000000000000000e+00
8.114999999999999991e-01 0.000000000000000000e+00
8.125000000000000000e-01 0.000000000000000000e+00
8.135000000000000009e-01 0.000000000000000000e+00
8.145000000000000018e-01 0.000000000000000000e+00
8.155000000000000027e-01 0.000000000000000000e+00
8.165000000000000036e-01 0.000000000000000000e+00
8.175000000000000044e-01 0.000000000000000000e+00
8.185000000000000053e-01 0.000000000000000000e+00
8.195000000000000062e-01 0.000000000000000000e+00
8.205000000000000071e-01 0.000000000000000000e+00
8.215000000000000080e-01 0.000000000000000000e+00
8.225000000000000089e-01 0.000000000000000000e+00
8.235000000000000098e-01 0.000000000000000000e+00
8.245000000000000107e-01 0.000000000000000000e+00
8.255000000000000115e-01 0.000000000000000000e+00
8.265000000000000124e-01 0.000000000000000000e+00
8.275000000000000133e-01 0.000000000000000000e+00
8.285000000000000142e-01 0.000000000000000000e+00
8.295000000000000151e-01 0.000000000000000000e+00
8.305000000000000160e-01 0.000000000000000000e+00
8.315000000000000169e-01 0.000000000000000000e+00
8.325000000000000178e-01 0.000000000000000000e+00
8.335000000000000187e-01 0.000000000000000000e+00
8.345000000000000195e-01 0.000000000000000000e+00
8.355000000000000204e-01 0.000000000000000000e+00
8.365000000000000213e-01 0.000000000000000000e+00
8.375000000000000222e-01 0.000000000000000000e+00
8.385000000000000231e-01 0.000000000000000000e+00
8.395000000000000240e-01 0.000000000000000000e+00
8.405000000000000249e-01 0.000000000000000000e+00
8.415000000000000258e-01 0.000000000000000000e+00
8.425000000000000266e-01 0.000000000000000000e+00
8.435000000000000275e-01 0.000000000000000000e+00
8.445000000000000284e-01 0.000000000000000000e+00
8.455000000000000293e-01 0.000000000000000000e+00
8.465000000000000302e-01 0.000000000000000000e+00
8.475000000000000311e-01 0.000000000000000000e+00
8.485000000000000320e-01 0.000000000000000000e+00
8.495000000000000329e-01 0.000000000000000000e+00
8.505000000000000338e-01 0.000000000000000000e+00
8.515000000000000346e-01 0.000000000000000000e+00
8.525000000000000355e-01 0.000000000000000000e+00
8.535000000000000364e-01 0.000000000000000000e+00
8.545000000000000373e-01 0.000000000000000000e+00
8.555000000000000382e-01 0.000000000000000000e+00
8.565000000000000391e-01 0.000000000000000000e+00
8.575000000000000400e-01 0.000000000000000000e+00
8.585000000000000409e-01 0.000000000000000000e+00
8.595000000000000417e-01 0.000000000000000000e+00
8.605000000000000426e-01 0.000000000000000000e+00
8.615000000000000435e-01 0.000000000000000000e+00
8.625000000000000444e-01 0.000000000000000000e+00
8.635000000000000453e-01 0.000000000000000000e+00
8.645000000000000462e-01 0.000000000000000000e+00
8.655000000000000471e-01 0.000000000000000000e+00
8.665000000000000480e-01 0.000000000000000000e+00
8.675000000000000488e-01 0.000000000000000000e+00
8.685000000000000497e-01 0.000000000000000000e+00
8.695000000000000506e-01 0.000000000000000000e+00
8.705000000000000515e-01 0.000000000000000000e+00
8.715000000000000524e-01 0.000000000000000000e+00
8.725000000000000533e-01 0.000000000000000000e+00
8.735000000000000542e-01 0.000000000000000000e+00
8.745000000000000551e-01 0.000000000000000000e+00
8.754999999999999449e-01 0.000000000000000000e+00
8.764999999999999458e-01 0.000000000000000000e+00
8.774999999999999467e-01 0.000000000000000000e+00
8.784999999999999476e-01 0.000000000000000000e+00
8.794999999999999485e-01 0.000000000000000000e+00
8.804999999999999494e-01 0.000000000000000000e+00
8.814999999999999503e-01 0.000000000000000000e+00
8.824999999999999512e-01 0.000000000000000000e+00
8.834999999999999520e-01 0.000000000000000000e+00
8.844999999999999529e-01 0.000000000000000000e+00
8.854999999999999538e-01 0.000000000000000000e+00
8.864999999999999547e-01 0.000000000000000000e+00
8.874999999999999556e-01 0.000000000000000000e+00
8.884999999999999565e-01 0.000000000000000000e+00
8.894999999999999574e-01 0.000000000000000000e+00
8.904999999999999583e-01 0.000000000000000000e+00
8.914999999999999591e-01 0.000000000000000000e+00
8.924999999999999600e-01 0.000000000000000000e+00
8.934999999999999609e-01 0.000000000000000000e+00
8.944999999999999618e-01 0.000000000000000000e+00
8.954999999999999627e-01 0.000000000000000000e+00
8.964999999999999636e-01 0.000000000000000000e+00
8.974999999999999645e-01 0.000000000000000000e+00
8.984999999999999654e-01 0.000000000000000000e+00
8.994999999999999662e-01 0.000000000000000000e+00
9.004999999999999671e-01 0.000000000000000000e+00
9.014999999999999680e-01 0.000000000000000000e+00
9.024999999999999689e-01 0.000000000000000000e+00
9.034999999999999698e-01 0.000000000000000000e+00
9.044999999999999707e-01 0.000000000000000000e+00
9.054999999999999716e-01 0.000000000000000000e+00
9.064999999999999725e-01 0.000000000000000000e+00
9.074999999999999734e-01 0.000000000000000000e+00
9.084999999999999742e-01 0.000000000000000000e+00
9.094999999999999751e-01 0.000000000000000000e+00
9.104999999999999760e-01 0.000000000000000000e+00
9.114999999999999769e-01 0.000000000000000000e+00
9.124999999999999778e-01 0.000000000000000000e+00
9.134999999999999787e-01 0.000000000000000000e+00
9.144999999999999796e-01 0.000000000000000000e+00
9.154999999999999805e-01 0.000000000000000000e+00
9.164999999999999813e-01 0.000000000000000000e+00
9.174999999999999822e-01 0.000000000000000000e+00
9.184999999999999831e-01 0.000000000000000000e+00
9.194999999999999840e-01 0.000000000000000000e+00
9.204999999999999849e-01 0.000000000000000000e+00
9.214999999999999858e-01 0.000000000000000000e+00
9.224999999999999867e-01 0.000000000000000000e+00
9.234999999999999876e-01 0.000000000000000000e+00
9.244999999999999885e-01 0.000000000000000000e+00
9.254999999999999893e-01 0.000000000000000000e+00
9.264999999999999902e-01 0.000000000000000000e+00
9.274999999999999911e-01 0.000000000000000000e+00
9.284999999999999920e-01 0.000000000000000000e+00
9.294999999999999929e-01 0.000000000000000000e+00
9.304999999999999938e-01 0.000000000000000000e+00
9.314999999999999947e-01 0.000000000000000000e+00
9.324999999999999956e-01 0.000000000000000000e+00
9.334999999999999964e-01 0.000000000000000000e+00
9.344999999999999973e-01 0.000000000000000000e+00
9.354999999999999982e-01 0.000000000000000000e+00
9.364999999999999991e-01 0.000000000000000000e+00
9.375000000000000000e-01 0.000000000000000000e+00
9.385000000000000009e-01 0.000000000000000000e+00
9.395000000000000018e-01 0.000000000000000000e+00
9.405000000000000027e-01 0.000000000000000000e+00
9.415000000000000036e-01 0.000000000000000000e+00
9.425000000000000044e-01 0.000000000000000000e+00
9.435000000000000053e-01 0.000000000000000000e+00
9.445000000000000062e-01 0.000000000000000000e+00
9.455000000000000071e-01 0.000000000000000000e+00
9.465000000000000080e-01 0.000000000000000000e+00
9.475000000000000089e-01 0.000000000000000000e+00
9.485000000000000098e-01 0.000000000000000000e+00
9.495000000000000107e-01 0.000000000000000000e+00
9.505000000000000115e-01 0.000000000000000000e+00
9.515000000000000124e-01 0.000000000000000000e+00
9.525000000000000133e-01 0.000000000000000000e+00
9.535000000000000142e-01 0.000000000000000000e+00
9.545000000000000151e-01 0.000000000000000000e+00
9.555000000000000160e-01 0.000000000000000000e+00
9.565000000000000169e-01 0.000000000000000000e+00
9.575000000000000178e-01 0.000000000000000000e+00
9.585000000000000187e-01 0.000000000000000000e+00
9.595000000000000195e-01 0.000000000000000000e+00
9.605000000000000204e-01 0.000000000000000000e+00
9.615000000000000213e-01 0.000000000000000000e+00
9.625000000000000222e-01 0.000000000000000000e+00
9.635000000000000231e-01 0.000000000000000000e+00
9.645000000000000240e-01 0.000000000000000000e+00
9.655000000000000249e-01 0.000000000000000000e+00
9.665000000000000258e-01 0.000000000000000000e+00
9.675000000000000266e-01 0.000000000000000000e+00
9.685000000000000275e-01 0.000000000000000000e+00
9.695000000000000284e-01 0.000000000000000000e+00
9.705000000000000293e-01 0.000000000000000000e+00
9.715000000000000302e-01 0.000000000000000000e+00
9.725000000000000311e-01 0.000000000000000000e+00
9.735000000000000320e-01 0.000000000000000000e+00
9.745000000000000329e-01 0.000000000000000000e+00
9.755000000000000338e-01 0.000000000000000000e+00
9.765000000000000346e-01 0.000000000000000000e+00
9.775000000000000355e-01 0.000000000000000000e+00
9.785000000000000364e-01 0.000000000000000000e+00
9.795000000000000373e-01 0.000000000000000000e+00
9.805000000000000382e-01 0.000000000000000000e+00
9.815000000000000391e-01 0.000000000000000000e+00
9.825000000000000400e-01 0.000000000000000000e+00
9.835000000000000409e-01 0.000000000000000000e+00
9.845000000000000417e-01 0.000000000000000000e+00
9.855000000000000426e-01 0.000000000000000000e+00
9.865000000000000435e-01 0.000000000000000000e+00
9.875000000000000444e-01 0.000000000000000000e+00
9.885000000000000453e-01 0.000000000000000000e+00
9.895000000000000462e-01 0.000000000000000000e+00
9.905000000000000471e-01 0.000000000000000000e+00
9.915000000000000480e-01 0.000000000000000000e+00
9.925000000000000488e-01 0.000000000000000000e+00
9.935000000000000497e-01 0.000000000000000000e+00
9.945000000000000506e-01 0.000000000000000000e+00
9.955000000000000515e-01 0.000000000000000000e+00
9.965000000000000524e-01 0.000000000000000000e+00
9.975000000000000533e-01 0.000000000000000000e+00
9.985000000000000542e-01 0.000000000000000000e+00
9.995000000000000551e-01 0.000000000000000000e+00
