5.000000000000000104e-04 9.999999999999999547e-08
1.500000000000000031e-03 9.999999999999999547e-08
2.500000000000000052e-03 9.999999999999999547e-08
3.500000000000000073e-03 9.999999999999999547e-08
4.499999999999999660e-03 9.999999999999999547e-08
5.499999999999999681e-03 9.999999999999999547e-08
6.499999999999999702e-03 1.999999999999999909e-07
7.499999999999999722e-03 1.999999999999999909e-07
8.500000000000000611e-03 1.999999999999999909e-07
9.499999999999999764e-03 1.999999999999999909e-07
1.050000000000000065e-02 1.999999999999999909e-07
1.149999999999999981e-02 1.999999999999999909e-07
1.250000000000000069e-02 1.999999999999999909e-07
1.349999999999999985e-02 2.999999999999999864e-07
1.450000000000000074e-02 2.999999999999999864e-07
1.549999999999999989e-02 2.999999999999999864e-07
1.650000000000000078e-02 2.999999999999999864e-07
1.750000000000000167e-02 3.999999999999999819e-07
1.849999999999999908e-02 3.999999999999999819e-07
1.949999999999999997e-02 3.999999999999999819e-07
2.050000000000000086e-02 4.999999999999999774e-07
2.149999999999999828e-02 4.999999999999999774e-07
2.249999999999999917e-02 4.999999999999999774e-07
2.350000000000000006e-02 5.999999999999999728e-07
2.450000000000000094e-02 5.999999999999999728e-07
2.549999999999999836e-02 6.999999999999999683e-07
2.649999999999999925e-02 6.999999999999999683e-07
2.750000000000000014e-02 7.999999999999999638e-07
2.850000000000000103e-02 8.999999999999999593e-07
2.949999999999999845e-02 8.999999999999999593e-07
3.049999999999999933e-02 9.999999999999999547e-07
3.150000000000000022e-02 1.100000000000000056e-06
3.250000000000000111e-02 1.199999999999999946e-06
3.350000000000000200e-02 1.300000000000000047e-06
3.450000000000000289e-02 1.399999999999999937e-06
3.549999999999999684e-02 1.500000000000000038e-06
3.649999999999999772e-02 1.599999999999999928e-06
3.749999999999999861e-02 1.700000000000000029e-06
3.849999999999999950e-02 1.900000000000000020e-06
3.950000000000000039e-02 1.999999999999999909e-06
4.050000000000000128e-02 2.200000000000000112e-06
4.150000000000000216e-02 2.300000000000000002e-06
4.250000000000000305e-02 2.500000000000000205e-06
4.349999999999999700e-02 2.699999999999999984e-06
4.449999999999999789e-02 2.900000000000000186e-06
4.549999999999999878e-02 3.199999999999999855e-06
4.649999999999999967e-02 3.400000000000000058e-06
4.750000000000000056e-02 3.700000000000000150e-06
4.850000000000000144e-02 3.899999999999999929e-06
4.950000000000000233e-02 4.199999999999999598e-06
5.050000000000000322e-02 4.600000000000000004e-06
5.149999999999999717e-02 4.899999999999999672e-06
5.249999999999999806e-02 5.300000000000000078e-06
5.349999999999999895e-02 5.699999999999999636e-06
5.449999999999999983e-02 6.100000000000000042e-06
5.550000000000000072e-02 6.600000000000000337e-06
5.650000000000000161e-02 6.999999999999999895e-06
5.750000000000000250e-02 7.600000000000000080e-06
5.850000000000000339e-02 8.100000000000000375e-06
5.949999999999999734e-02 8.699999999999999712e-06
6.049999999999999822e-02 9.399999999999999786e-06
6.149999999999999911e-02 1.009999999999999986e-05
6.250000000000000000e-02 1.079999999999999993e-05
6.350000000000000089e-02 1.160000000000000075e-05
6.450000000000000178e-02 1.239999999999999986e-05
6.550000000000000266e-02 1.329999999999999972e-05
6.650000000000000355e-02 1.430000000000000031e-05
6.750000000000000444e-02 1.529999999999999920e-05
6.850000000000000533e-02 1.639999999999999883e-05
6.950000000000000622e-02 1.760000000000000090e-05
7.049999999999999323e-02 1.889999999999999862e-05
7.149999999999999412e-02 2.019999999999999972e-05
7.249999999999999500e-02 2.169999999999999891e-05
7.349999999999999589e-02 2.320000000000000149e-05
7.449999999999999678e-02 2.479999999999999972e-05
7.549999999999999767e-02 2.659999999999999943e-05
7.649999999999999856e-02 2.850000000000000157e-05
7.749999999999999944e-02 3.049999999999999936e-05
7.850000000000000033e-02 3.259999999999999958e-05
7.950000000000000122e-02 3.490000000000000128e-05
8.050000000000000211e-02 3.729999999999999863e-05
8.150000000000000300e-02 3.990000000000000084e-05
8.250000000000000389e-02 4.259999999999999871e-05
8.350000000000000477e-02 4.550000000000000144e-05
8.450000000000000566e-02 4.869999999999999790e-05
8.550000000000000655e-02 5.199999999999999680e-05
8.649999999999999356e-02 5.550000000000000056e-05
8.749999999999999445e-02 5.929999999999999806e-05
8.849999999999999534e-02 6.329999999999999364e-05
8.949999999999999623e-02 6.760000000000000329e-05
9.049999999999999711e-02 7.220000000000000669e-05
9.149999999999999800e-02 7.700000000000000139e-05
9.249999999999999889e-02 8.210000000000000338e-05
9.349999999999999978e-02 8.760000000000000154e-05
9.450000000000000067e-02 9.349999999999999587e-05
9.550000000000000155e-02 9.969999999999999750e-05
9.650000000000000244e-02 1.062000000000000064e-04
9.750000000000000333e-02 1.132000000000000004e-04
9.850000000000000422e-02 1.207000000000000065e-04
9.950000000000000511e-02 1.286000000000000088e-04
1.005000000000000060e-01 1.369999999999999961e-04
1.015000000000000069e-01 1.458999999999999956e-04
1.024999999999999939e-01 1.553000000000000073e-04
1.034999999999999948e-01 1.654000000000000088e-04
1.044999999999999957e-01 1.759999999999999954e-04
1.054999999999999966e-01 1.872999999999999990e-04
1.064999999999999974e-01 1.992999999999999926e-04
1.074999999999999983e-01 2.120000000000000031e-04
1.084999999999999992e-01 2.255000000000000060e-04
1.095000000000000001e-01 2.398000000000000012e-04
1.105000000000000010e-01 2.549000000000000159e-04
1.115000000000000019e-01 2.709999999999999735e-04
1.125000000000000028e-01 2.880000000000000073e-04
1.135000000000000037e-01 3.060000000000000111e-04
1.145000000000000046e-01 3.250999999999999875e-04
1.155000000000000054e-01 3.452999999999999906e-04
1.165000000000000063e-01 3.666000000000000205e-04
1.174999999999999933e-01 3.892999999999999759e-04
1.184999999999999942e-01 4.132000000000000148e-04
1.194999999999999951e-01 4.384999999999999792e-04
1.204999999999999960e-01 4.652999999999999801e-04
1.214999999999999969e-01 4.937000000000000199e-04
1.224999999999999978e-01 5.236000000000000420e-04
1.234999999999999987e-01 5.552999999999999993e-04
1.244999999999999996e-01 5.887000000000000522e-04
1.255000000000000004e-01 6.241000000000000453e-04
1.265000000000000013e-01 6.614999999999999786e-04
1.275000000000000022e-01 7.008999999999999606e-04
1.285000000000000031e-01 7.426000000000000526e-04
1.295000000000000040e-01 7.864999999999999812e-04
1.305000000000000049e-01 8.329999999999999731e-04
1.315000000000000058e-01 8.819999999999999715e-04
1.325000000000000067e-01 9.336999999999999814e-04
1.335000000000000075e-01 9.882000000000000593e-04
1.345000000000000084e-01 1.045700000000000102e-03
1.355000000000000093e-01 1.106400000000000005e-03
1.365000000000000102e-01 1.170299999999999986e-03
1.375000000000000111e-01 1.237699999999999998e-03
1.385000000000000120e-01 1.308700000000000098e-03
1.395000000000000129e-01 1.383499999999999964e-03
1.405000000000000138e-01 1.462299999999999928e-03
1.414999999999999869e-01 1.545300000000000102e-03
1.424999999999999878e-01 1.632699999999999950e-03
1.434999999999999887e-01 1.724700000000000018e-03
1.444999999999999896e-01 1.821600000000000042e-03
1.454999999999999905e-01 1.923500000000000080e-03
1.464999999999999913e-01 2.030699999999999866e-03
1.474999999999999922e-01 2.143400000000000166e-03
1.484999999999999931e-01 2.262000000000000122e-03
1.494999999999999940e-01 2.386699999999999846e-03
1.504999999999999949e-01 2.517800000000000159e-03
1.514999999999999958e-01 2.655499999999999874e-03
1.524999999999999967e-01 2.800299999999999925e-03
1.534999999999999976e-01 2.952300000000000150e-03
1.544999999999999984e-01 3.112000000000000183e-03
1.554999999999999993e-01 3.279699999999999976e-03
1.565000000000000002e-01 3.455800000000000191e-03
1.575000000000000011e-01 3.640700000000000186e-03
1.585000000000000020e-01 3.834699999999999914e-03
1.595000000000000029e-01 4.038199999999999602e-03
1.605000000000000038e-01 4.251699999999999750e-03
1.615000000000000047e-01 4.475699999999999991e-03
1.625000000000000056e-01 4.710500000000000277e-03
1.635000000000000064e-01 4.956699999999999648e-03
1.645000000000000073e-01 5.214700000000000064e-03
1.655000000000000082e-01 5.485099999999999698e-03
1.665000000000000091e-01 5.768500000000000190e-03
1.675000000000000100e-01 6.065300000000000032e-03
1.685000000000000109e-01 6.376099999999999997e-03
1.695000000000000118e-01 6.701600000000000265e-03
1.705000000000000127e-01 7.042299999999999602e-03
1.715000000000000135e-01 7.398899999999999921e-03
1.724999999999999867e-01 7.772099999999999669e-03
1.734999999999999876e-01 8.162499999999999617e-03
1.744999999999999885e-01 8.570899999999999352e-03
1.754999999999999893e-01 8.998000000000000789e-03
1.764999999999999902e-01 9.444499999999999770e-03
1.774999999999999911e-01 9.911299999999999624e-03
1.784999999999999920e-01 1.039909999999999966e-02
1.794999999999999929e-01 1.090889999999999915e-02
1.804999999999999938e-01 1.144150000000000028e-02
1.814999999999999947e-01 1.199770000000000003e-02
1.824999999999999956e-01 1.257860000000000054e-02
1.834999999999999964e-01 1.318509999999999995e-02
1.844999999999999973e-01 1.381809999999999983e-02
1.854999999999999982e-01 1.447880000000000000e-02
1.864999999999999991e-01 1.516810000000000033e-02
1.875000000000000000e-01 1.588720000000000063e-02
1.885000000000000009e-01 1.663720000000000129e-02
1.895000000000000018e-01 1.741919999999999927e-02
1.905000000000000027e-01 1.823450000000000071e-02
1.915000000000000036e-01 1.908429999999999849e-02
1.925000000000000044e-01 1.996989999999999876e-02
1.935000000000000053e-01 2.089260000000000075e-02
1.945000000000000062e-01 2.185370000000000021e-02
1.955000000000000071e-01 2.285459999999999922e-02
1.965000000000000080e-01 2.389679999999999929e-02
1.975000000000000089e-01 2.498179999999999845e-02
1.985000000000000098e-01 2.611099999999999879e-02
1.995000000000000107e-01 2.728600000000000123e-02
2.005000000000000115e-01 2.850849999999999912e-02
2.015000000000000124e-01 2.978000000000000091e-02
2.025000000000000133e-01 3.110229999999999939e-02
2.034999999999999865e-01 3.247710000000000180e-02
2.044999999999999873e-01 3.390619999999999745e-02
2.054999999999999882e-01 3.539140000000000341e-02
2.064999999999999891e-01 3.693459999999999799e-02
2.074999999999999900e-01 3.853770000000000112e-02
2.084999999999999909e-01 4.020279999999999687e-02
2.094999999999999918e-01 4.193170000000000230e-02
2.104999999999999927e-01 4.372680000000000317e-02
2.114999999999999936e-01 4.558990000000000264e-02
2.124999999999999944e-01 4.752340000000000036e-02
2.134999999999999953e-01 4.952940000000000120e-02
2.144999999999999962e-01 5.161029999999999784e-02
2.154999999999999971e-01 5.376840000000000092e-02
2.164999999999999980e-01 5.600610000000000310e-02
2.174999999999999989e-01 5.832579999999999709e-02
2.184999999999999998e-01 6.072999999999999926e-02
2.195000000000000007e-01 6.322129999999999417e-02
2.205000000000000016e-01 6.580229999999999413e-02
2.215000000000000024e-01 6.847559999999999758e-02
2.225000000000000033e-01 7.124410000000000465e-02
2.235000000000000042e-01 7.411040000000000683e-02
2.245000000000000051e-01 7.707740000000000424e-02
2.255000000000000060e-01 8.014789999999999415e-02
2.265000000000000069e-01 8.332499999999999629e-02
2.275000000000000078e-01 8.661159999999999692e-02
2.285000000000000087e-01 9.001080000000000192e-02
2.295000000000000095e-01 9.352570000000000328e-02
2.305000000000000104e-01 9.715940000000000687e-02
2.315000000000000113e-01 1.009151999999999966e-01
2.325000000000000122e-01 1.047963999999999979e-01
2.335000000000000131e-01 1.088062000000000057e-01
2.344999999999999862e-01 1.129481999999999986e-01
2.354999999999999871e-01 1.172255999999999992e-01
2.364999999999999880e-01 1.216421000000000030e-01
2.374999999999999889e-01 1.262011000000000105e-01
2.384999999999999898e-01 1.309063000000000032e-01
2.394999999999999907e-01 1.357613000000000014e-01
2.404999999999999916e-01 1.407698000000000005e-01
2.414999999999999925e-01 1.459355999999999987e-01
2.424999999999999933e-01 1.512623999999999913e-01
2.434999999999999942e-01 1.567542000000000102e-01
2.444999999999999951e-01 1.624147999999999981e-01
2.454999999999999960e-01 1.682481000000000115e-01
2.464999999999999969e-01 1.742580999999999991e-01
2.474999999999999978e-01 1.804488999999999954e-01
2.484999999999999987e-01 1.868245000000000045e-01
2.494999999999999996e-01 1.933890000000000053e-01
2.505000000000000004e-01 2.001466000000000078e-01
2.515000000000000013e-01 2.071014999999999939e-01
2.525000000000000022e-01 2.142579000000000011e-01
2.535000000000000031e-01 2.216199000000000086e-01
2.545000000000000040e-01 2.291920000000000068e-01
2.555000000000000049e-01 2.369784000000000057e-01
2.565000000000000058e-01 2.449833999999999901e-01
2.575000000000000067e-01 2.532114999999999783e-01
2.585000000000000075e-01 2.616668999999999801e-01
2.595000000000000084e-01 2.703540999999999861e-01
2.605000000000000093e-01 2.792775000000000118e-01
2.615000000000000102e-01 2.884415000000000173e-01
2.625000000000000111e-01 2.978507000000000238e-01
2.635000000000000120e-01 3.075092999999999854e-01
2.645000000000000129e-01 3.174218999999999791e-01
2.655000000000000138e-01 3.275930000000000231e-01
2.665000000000000147e-01 3.380269000000000190e-01
2.675000000000000155e-01 3.487281999999999882e-01
2.685000000000000164e-01 3.597013000000000016e-01
2.695000000000000173e-01 3.709507000000000221e-01
2.705000000000000182e-01 3.824806000000000039e-01
2.715000000000000191e-01 3.942957000000000267e-01
2.725000000000000200e-01 4.064000999999999864e-01
2.735000000000000209e-01 4.187984000000000151e-01
2.745000000000000218e-01 4.314948000000000117e-01
2.755000000000000226e-01 4.444935999999999887e-01
2.765000000000000235e-01 4.577991000000000144e-01
2.775000000000000244e-01 4.714153999999999844e-01
2.785000000000000253e-01 4.853469000000000255e-01
2.795000000000000262e-01 4.995975000000000277e-01
2.805000000000000271e-01 5.141712999999999978e-01
2.814999999999999725e-01 5.290723999999999982e-01
2.824999999999999734e-01 5.443046999999999747e-01
2.834999999999999742e-01 5.598720999999999837e-01
2.844999999999999751e-01 5.757784000000000235e-01
2.854999999999999760e-01 5.920271999999999757e-01
2.864999999999999769e-01 6.086224000000000078e-01
2.874999999999999778e-01 6.255673000000000483e-01
2.884999999999999787e-01 6.428654999999999786e-01
2.894999999999999796e-01 6.605204000000000075e-01
2.904999999999999805e-01 6.785352000000000050e-01
2.914999999999999813e-01 6.969130999999999521e-01
2.924999999999999822e-01 7.156571999999999933e-01
2.934999999999999831e-01 7.347702999999999873e-01
2.944999999999999840e-01 7.542552999999999619e-01
2.954999999999999849e-01 7.741149999999999975e-01
2.964999999999999858e-01 7.943516999999999939e-01
2.974999999999999867e-01 8.149680999999999731e-01
2.984999999999999876e-01 8.359663000000000510e-01
2.994999999999999885e-01 8.573484999999999578e-01
3.004999999999999893e-01 8.791166999999999732e-01
3.014999999999999902e-01 9.012725999999999793e-01
3.024999999999999911e-01 9.238180999999999754e-01
3.034999999999999920e-01 9.467545000000000543e-01
3.044999999999999929e-01 9.700832000000000344e-01
3.054999999999999938e-01 9.938053000000000026e-01
3.064999999999999947e-01 1.017921899999999935e+00
3.074999999999999956e-01 1.042433699999999908e+00
3.084999999999999964e-01 1.067341199999999990e+00
3.094999999999999973e-01 1.092644900000000030e+00
3.104999999999999982e-01 1.118345099999999981e+00
3.114999999999999991e-01 1.144441499999999889e+00
3.125000000000000000e-01 1.170934200000000036e+00
3.135000000000000009e-01 1.197822500000000012e+00
3.145000000000000018e-01 1.225105899999999970e+00
3.155000000000000027e-01 1.252783500000000050e+00
3.165000000000000036e-01 1.280854200000000054e+00
3.175000000000000044e-01 1.309316700000000111e+00
3.185000000000000053e-01 1.338169299999999895e+00
3.195000000000000062e-01 1.367410400000000026e+00
3.205000000000000071e-01 1.397037800000000107e+00
3.215000000000000080e-01 1.427049199999999907e+00
3.225000000000000089e-01 1.457442200000000021e+00
3.235000000000000098e-01 1.488213900000000089e+00
3.245000000000000107e-01 1.519361299999999915e+00
3.255000000000000115e-01 1.550881100000000012e+00
3.265000000000000124e-01 1.582769700000000057e+00
3.275000000000000133e-01 1.615023199999999992e+00
3.285000000000000142e-01 1.647637699999999983e+00
3.295000000000000151e-01 1.680608700000000066e+00
3.305000000000000160e-01 1.713931700000000058e+00
3.315000000000000169e-01 1.747601699999999925e+00
3.325000000000000178e-01 1.781613499999999961e+00
3.335000000000000187e-01 1.815961699999999901e+00
3.345000000000000195e-01 1.850640599999999969e+00
3.355000000000000204e-01 1.885644300000000051e+00
3.365000000000000213e-01 1.920966299999999904e+00
3.375000000000000222e-01 1.956600300000000070e+00
3.385000000000000231e-01 1.992539300000000013e+00
3.395000000000000240e-01 2.028776300000000088e+00
3.405000000000000249e-01 2.065303899999999970e+00
3.415000000000000258e-01 2.102114400000000050e+00
3.425000000000000266e-01 2.139200000000000212e+00
3.435000000000000275e-01 2.176552399999999832e+00
3.444999999999999729e-01 2.214163200000000220e+00
3.454999999999999738e-01 2.252023599999999792e+00
3.464999999999999747e-01 2.290124599999999955e+00
3.474999999999999756e-01 2.328456899999999941e+00
3.484999999999999765e-01 2.367011000000000198e+00
3.494999999999999774e-01 2.405777200000000171e+00
3.504999999999999782e-01 2.444745199999999841e+00
3.514999999999999791e-01 2.483904900000000193e+00
3.524999999999999800e-01 2.523245600000000088e+00
3.534999999999999809e-01 2.562756600000000162e+00
3.544999999999999818e-01 2.602426700000000093e+00
3.554999999999999827e-01 2.642244700000000002e+00
3.564999999999999836e-01 2.682199000000000222e+00
3.574999999999999845e-01 2.722277800000000081e+00
3.584999999999999853e-01 2.762469299999999794e+00
3.594999999999999862e-01 2.802760999999999836e+00
3.604999999999999871e-01 2.843140700000000187e+00
3.614999999999999880e-01 2.883595699999999873e+00
3.624999999999999889e-01 2.924113000000000184e+00
3.634999999999999898e-01 2.964679799999999865e+00
3.644999999999999907e-01 3.005282699999999974e+00
3.654999999999999916e-01 3.045908299999999791e+00
3.664999999999999925e-01 3.086543100000000095e+00
3.674999999999999933e-01 3.127173200000000097e+00
3.684999999999999942e-01 3.167784800000000178e+00
3.694999999999999951e-01 3.208363700000000041e+00
3.704999999999999960e-01 3.248895800000000111e+00
3.714999999999999969e-01 3.289366600000000140e+00
3.724999999999999978e-01 3.329761700000000157e+00
3.734999999999999987e-01 3.370066500000000076e+00
3.744999999999999996e-01 3.410266099999999856e+00
3.755000000000000004e-01 3.450345899999999855e+00
3.765000000000000013e-01 3.490290799999999916e+00
3.775000000000000022e-01 3.530085800000000162e+00
3.785000000000000031e-01 3.569715899999999831e+00
3.795000000000000040e-01 3.609165799999999980e+00
3.805000000000000049e-01 3.648420400000000008e+00
3.815000000000000058e-01 3.687464400000000087e+00
3.825000000000000067e-01 3.726282400000000106e+00
3.835000000000000075e-01 3.764859200000000072e+00
3.845000000000000084e-01 3.803179399999999877e+00
3.855000000000000093e-01 3.841227599999999853e+00
3.865000000000000102e-01 3.878988500000000172e+00
3.875000000000000111e-01 3.916446800000000117e+00
3.885000000000000120e-01 3.953587100000000021e+00
3.895000000000000129e-01 3.990394100000000055e+00
3.905000000000000138e-01 4.026852700000000063e+00
3.915000000000000147e-01 4.062947499999999934e+00
3.925000000000000155e-01 4.098663600000000073e+00
3.935000000000000164e-01 4.133985799999999600e+00
3.945000000000000173e-01 4.168899299999999641e+00
3.955000000000000182e-01 4.203389099999999878e+00
3.965000000000000191e-01 4.237440499999999943e+00
3.975000000000000200e-01 4.271039000000000030e+00
3.985000000000000209e-01 4.304169899999999771e+00
3.995000000000000218e-01 4.336819000000000202e+00
4.005000000000000226e-01 4.368972000000000300e+00
4.015000000000000235e-01 4.400614899999999885e+00
4.025000000000000244e-01 4.431733900000000226e+00
4.035000000000000253e-01 4.462315199999999926e+00
4.045000000000000262e-01 4.492345300000000208e+00
4.055000000000000271e-01 4.521810999999999581e+00
4.064999999999999725e-01 4.550699200000000388e+00
4.074999999999999734e-01 4.578997000000000206e+00
4.084999999999999742e-01 4.606691800000000114e+00
4.094999999999999751e-01 4.633771099999999699e+00
4.104999999999999760e-01 4.660223000000000226e+00
4.114999999999999769e-01 4.686035399999999740e+00
4.124999999999999778e-01 4.711196799999999740e+00
4.134999999999999787e-01 4.735695899999999625e+00
4.144999999999999796e-01 4.759521499999999961e+00
4.154999999999999805e-01 4.782663000000000331e+00
4.164999999999999813e-01 4.805109800000000320e+00
4.174999999999999822e-01 4.826851900000000306e+00
4.184999999999999831e-01 4.847879400000000061e+00
4.194999999999999840e-01 4.868182799999999588e+00
4.204999999999999849e-01 4.887753000000000014e+00
4.214999999999999858e-01 4.906581100000000362e+00
4.224999999999999867e-01 4.924658599999999886e+00
4.234999999999999876e-01 4.941977399999999854e+00
4.244999999999999885e-01 4.958529699999999707e+00
4.254999999999999893e-01 4.974308100000000010e+00
4.264999999999999902e-01 4.989305599999999785e+00
4.274999999999999911e-01 5.003515400000000390e+00
4.284999999999999920e-01 5.016931300000000427e+00
4.294999999999999929e-01 5.029547499999999616e+00
4.304999999999999938e-01 5.041358200000000345e+00
4.314999999999999947e-01 5.052358500000000419e+00
4.324999999999999956e-01 5.062543599999999699e+00
4.334999999999999964e-01 5.071909100000000059e+00
4.344999999999999973e-01 5.080451199999999723e+00
4.354999999999999982e-01 5.088166199999999861e+00
4.364999999999999991e-01 5.095051100000000055e+00
4.375000000000000000e-01 5.101103099999999557e+00
4.385000000000000009e-01 5.106319899999999912e+00
4.395000000000000018e-01 5.110699600000000231e+00
4.405000000000000027e-01 5.114240800000000142e+00
4.415000000000000036e-01 5.116942299999999832e+00
4.425000000000000044e-01 5.118803599999999676e+00
4.435000000000000053e-01 5.119824200000000047e+00
4.445000000000000062e-01 5.120004500000000291e+00
4.455000000000000071e-01 5.119345000000000034e+00
4.465000000000000080e-01 5.117846600000000024e+00
4.475000000000000089e-01 5.115510800000000025e+00
4.485000000000000098e-01 5.112339300000000364e+00
4.495000000000000107e-01 5.108334400000000386e+00
4.505000000000000115e-01 5.103498599999999996e+00
4.515000000000000124e-01 5.097834999999999894e+00
4.525000000000000133e-01 5.091346999999999845e+00
4.535000000000000142e-01 5.084038399999999847e+00
4.545000000000000151e-01 5.075913299999999850e+00
4.555000000000000160e-01 5.066976399999999714e+00
4.565000000000000169e-01 5.057232499999999575e+00
4.575000000000000178e-01 5.046687000000000367e+00
4.585000000000000187e-01 5.035345699999999702e+00
4.595000000000000195e-01 5.023214600000000196e+00
4.605000000000000204e-01 5.010300100000000256e+00
4.615000000000000213e-01 4.996609000000000300e+00
4.625000000000000222e-01 4.982148399999999810e+00
4.635000000000000231e-01 4.966925999999999952e+00
4.645000000000000240e-01 4.950949300000000441e+00
4.655000000000000249e-01 4.934226699999999965e+00
4.665000000000000258e-01 4.916766599999999876e+00
4.675000000000000266e-01 4.898577699999999702e+00
4.685000000000000275e-01 4.879669299999999765e+00
4.694999999999999729e-01 4.860050700000000390e+00
4.704999999999999738e-01 4.839731500000000075e+00
4.714999999999999747e-01 4.818721899999999891e+00
4.724999999999999756e-01 4.797031999999999741e+00
4.734999999999999765e-01 4.774672500000000319e+00
4.744999999999999774e-01 4.751654000000000266e+00
4.754999999999999782e-01 4.727987699999999904e+00
4.764999999999999791e-01 4.703684899999999836e+00
4.774999999999999800e-01 4.678757000000000055e+00
4.784999999999999809e-01 4.653215999999999575e+00
4.794999999999999818e-01 4.627073600000000120e+00
4.804999999999999827e-01 4.600342200000000048e+00
4.814999999999999836e-01 4.573034100000000102e+00
4.824999999999999845e-01 4.545162000000000369e+00
4.834999999999999853e-01 4.516738499999999767e+00
4.844999999999999862e-01 4.487776600000000116e+00
4.854999999999999871e-01 4.458289299999999677e+00
4.864999999999999880e-01 4.428290099999999896e+00
4.874999999999999889e-01 4.397792199999999596e+00
4.884999999999999898e-01 4.366809100000000221e+00
4.894999999999999907e-01 4.335354500000000222e+00
4.904999999999999916e-01 4.303442200000000106e+00
4.914999999999999925e-01 4.271086099999999774e+00
4.924999999999999933e-01 4.238299999999999734e+00
4.934999999999999942e-01 4.205098099999999839e+00
4.944999999999999951e-01 4.171494400000000269e+00
4.954999999999999960e-01 4.137503099999999989e+00
4.964999999999999969e-01 4.103138600000000302e+00
4.974999999999999978e-01 4.068414999999999893e+00
4.984999999999999987e-01 4.033346599999999782e+00
4.994999999999999996e-01 3.997947900000000221e+00
5.004999999999999449e-01 3.962233299999999847e+00
5.014999999999999458e-01 3.926216999999999846e+00
5.024999999999999467e-01 3.889913400000000188e+00
5.034999999999999476e-01 3.853336999999999790e+00
5.044999999999999485e-01 3.816501999999999839e+00
5.054999999999999494e-01 3.779422900000000141e+00
5.064999999999999503e-01 3.742113799999999824e+00
5.074999999999999512e-01 3.704589100000000190e+00
5.084999999999999520e-01 3.666862899999999925e+00
5.094999999999999529e-01 3.628949299999999933e+00
5.104999999999999538e-01 3.590862399999999788e+00
5.114999999999999547e-01 3.552616299999999949e+00
5.124999999999999556e-01 3.514224700000000201e+00
5.134999999999999565e-01 3.475701499999999999e+00
5.144999999999999574e-01 3.437060300000000179e+00
5.154999999999999583e-01 3.398314899999999916e+00
5.164999999999999591e-01 3.359478699999999929e+00
5.174999999999999600e-01 3.320564899999999930e+00
5.184999999999999609e-01 3.281587000000000032e+00
5.194999999999999618e-01 3.242557899999999993e+00
5.204999999999999627e-01 3.203490599999999855e+00
5.214999999999999636e-01 3.164397999999999822e+00
5.224999999999999645e-01 3.125292599999999865e+00
5.234999999999999654e-01 3.086186999999999792e+00
5.244999999999999662e-01 3.047093499999999899e+00
5.254999999999999671e-01 3.008024300000000206e+00
5.264999999999999680e-01 2.968991299999999889e+00
5.274999999999999689e-01 2.930006300000000063e+00
5.284999999999999698e-01 2.891080999999999790e+00
5.294999999999999707e-01 2.852226899999999787e+00
5.304999999999999716e-01 2.813454999999999817e+00
5.314999999999999725e-01 2.774776500000000201e+00
5.324999999999999734e-01 2.736202099999999859e+00
5.334999999999999742e-01 2.697742600000000213e+00
5.344999999999999751e-01 2.659408299999999947e+00
5.354999999999999760e-01 2.621209499999999970e+00
5.364999999999999769e-01 2.583155999999999786e+00
5.374999999999999778e-01 2.545257700000000067e+00
5.384999999999999787e-01 2.507524200000000203e+00
5.394999999999999796e-01 2.469964699999999791e+00
5.404999999999999805e-01 2.432588299999999926e+00
5.414999999999999813e-01 2.395403899999999808e+00
5.424999999999999822e-01 2.358420199999999856e+00
5.434999999999999831e-01 2.321645499999999807e+00
5.444999999999999840e-01 2.285088099999999844e+00
5.454999999999999849e-01 2.248755800000000082e+00
5.464999999999999858e-01 2.212656299999999909e+00
5.474999999999999867e-01 2.176797200000000210e+00
5.484999999999999876e-01 2.141185600000000022e+00
5.494999999999999885e-01 2.105828499999999881e+00
5.504999999999999893e-01 2.070732800000000040e+00
5.514999999999999902e-01 2.035904799999999959e+00
5.524999999999999911e-01 2.001351000000000102e+00
5.534999999999999920e-01 1.967077299999999918e+00
5.544999999999999929e-01 1.933089499999999905e+00
5.554999999999999938e-01 1.899393200000000004e+00
5.564999999999999947e-01 1.865993800000000036e+00
5.574999999999999956e-01 1.832896300000000034e+00
5.584999999999999964e-01 1.800105599999999972e+00
5.594999999999999973e-01 1.767626399999999931e+00
5.604999999999999982e-01 1.735463100000000036e+00
5.614999999999999991e-01 1.703619800000000017e+00
5.625000000000000000e-01 1.672100499999999990e+00
5.635000000000000009e-01 1.640908899999999893e+00
5.645000000000000018e-01 1.610048499999999994e+00
5.655000000000000027e-01 1.579522599999999999e+00
5.665000000000000036e-01 1.549334299999999942e+00
5.675000000000000044e-01 1.519486399999999904e+00
5.685000000000000053e-01 1.489981599999999906e+00
5.695000000000000062e-01 1.460822300000000018e+00
5.705000000000000071e-01 1.432010599999999911e+00
5.715000000000000080e-01 1.403548699999999982e+00
5.725000000000000089e-01 1.375438299999999892e+00
5.735000000000000098e-01 1.347680999999999907e+00
5.745000000000000107e-01 1.320278199999999957e+00
5.755000000000000115e-01 1.293231299999999973e+00
5.765000000000000124e-01 1.266541099999999975e+00
5.775000000000000133e-01 1.240208600000000105e+00
5.785000000000000142e-01 1.214234299999999989e+00
5.795000000000000151e-01 1.188618900000000034e+00
5.805000000000000160e-01 1.163362500000000077e+00
5.815000000000000169e-01 1.138465400000000072e+00
5.825000000000000178e-01 1.113927499999999959e+00
5.835000000000000187e-01 1.089748500000000009e+00
5.845000000000000195e-01 1.065928200000000103e+00
5.855000000000000204e-01 1.042465999999999893e+00
5.865000000000000213e-01 1.019361299999999915e+00
5.875000000000000222e-01 9.966131999999999769e-01
5.885000000000000231e-01 9.742207000000000505e-01
5.895000000000000240e-01 9.521827000000000485e-01
5.905000000000000249e-01 9.304980999999999947e-01
5.915000000000000258e-01 9.091654000000000124e-01
5.925000000000000266e-01 8.881829999999999448e-01
5.935000000000000275e-01 8.675494999999999735e-01
5.945000000000000284e-01 8.472629000000000410e-01
5.955000000000000293e-01 8.273215000000000430e-01
5.965000000000000302e-01 8.077231000000000272e-01
5.975000000000000311e-01 7.884657999999999944e-01
5.985000000000000320e-01 7.695473999999999926e-01
5.995000000000000329e-01 7.509654000000000051e-01
6.005000000000000338e-01 7.327175000000000216e-01
6.015000000000000346e-01 7.148012000000000254e-01
6.025000000000000355e-01 6.972139000000000530e-01
6.035000000000000364e-01 6.799528000000000239e-01
6.045000000000000373e-01 6.630152999999999741e-01
6.055000000000000382e-01 6.463984999999999870e-01
6.065000000000000391e-01 6.300993999999999762e-01
6.075000000000000400e-01 6.141151000000000248e-01
6.085000000000000409e-01 5.984424000000000410e-01
6.095000000000000417e-01 5.830783999999999967e-01
6.105000000000000426e-01 5.680197000000000163e-01
6.115000000000000435e-01 5.532631000000000077e-01
6.125000000000000444e-01 5.388053000000000425e-01
6.135000000000000453e-01 5.246429999999999705e-01
6.145000000000000462e-01 5.107726999999999684e-01
6.155000000000000471e-01 4.971909999999999941e-01
6.165000000000000480e-01 4.838945000000000052e-01
6.175000000000000488e-01 4.708795000000000064e-01
6.185000000000000497e-01 4.581425000000000081e-01
6.195000000000000506e-01 4.456800000000000206e-01
6.205000000000000515e-01 4.334882999999999931e-01
6.215000000000000524e-01 4.215637999999999885e-01
6.225000000000000533e-01 4.099028000000000116e-01
6.235000000000000542e-01 3.985015000000000085e-01
6.245000000000000551e-01 3.873563999999999896e-01
6.254999999999999449e-01 3.764636000000000093e-01
6.264999999999999458e-01 3.658195000000000197e-01
6.274999999999999467e-01 3.554203000000000223e-01
6.284999999999999476e-01 3.452622000000000191e-01
6.294999999999999485e-01 3.353416000000000174e-01
6.304999999999999494e-01 3.256545000000000134e-01
6.314999999999999503e-01 3.161974000000000173e-01
6.324999999999999512e-01 3.069663999999999726e-01
6.334999999999999520e-01 2.979577999999999949e-01
6.344999999999999529e-01 2.891678999999999777e-01
6.354999999999999538e-01 2.805928999999999784e-01
6.364999999999999547e-01 2.722291000000000016e-01
6.374999999999999556e-01 2.640727999999999964e-01
6.384999999999999565e-01 2.561204000000000258e-01
6.394999999999999574e-01 2.483680000000000054e-01
6.404999999999999583e-01 2.408122000000000040e-01
6.414999999999999591e-01 2.334491999999999956e-01
6.424999999999999600e-01 2.262754999999999905e-01
6.434999999999999609e-01 2.192873999999999934e-01
6.444999999999999618e-01 2.124813999999999869e-01
6.454999999999999627e-01 2.058539000000000063e-01
6.464999999999999636e-01 1.994015000000000093e-01
6.474999999999999645e-01 1.931206000000000034e-01
6.484999999999999654e-01 1.870079000000000047e-01
6.494999999999999662e-01 1.810597999999999930e-01
6.504999999999999671e-01 1.752730999999999872e-01
6.514999999999999680e-01 1.696442999999999979e-01
6.524999999999999689e-01 1.641701000000000132e-01
6.534999999999999698e-01 1.588471999999999940e-01
6.544999999999999707e-01 1.536724999999999897e-01
6.554999999999999716e-01 1.486426000000000136e-01
6.564999999999999725e-01 1.437544000000000044e-01
6.574999999999999734e-01 1.390048000000000117e-01
6.584999999999999742e-01 1.343907000000000018e-01
6.594999999999999751e-01 1.299088999999999938e-01
6.604999999999999760e-01 1.255565999999999904e-01
6.614999999999999769e-01 1.213306999999999997e-01
6.624999999999999778e-01 1.172282999999999936e-01
6.634999999999999787e-01 1.132464999999999999e-01
6.644999999999999796e-01 1.093824000000000046e-01
6.654999999999999805e-01 1.056332999999999994e-01
6.664999999999999813e-01 1.019962999999999981e-01
6.674999999999999822e-01 9.846879999999999522e-02
6.684999999999999831e-01 9.504799999999999360e-02
6.694999999999999840e-01 9.173130000000000173e-02
6.704999999999999849e-01 8.851620000000000321e-02
6.714999999999999858e-01 8.540010000000000656e-02
6.724999999999999867e-01 8.238040000000000640e-02
6.734999999999999876e-01 7.945480000000000598e-02
6.744999999999999885e-01 7.662069999999999992e-02
6.754999999999999893e-01 7.387580000000000535e-02
6.764999999999999902e-01 7.121779999999999777e-02
6.774999999999999911e-01 6.864439999999999431e-02
6.784999999999999920e-01 6.615340000000000109e-02
6.794999999999999929e-01 6.374240000000000461e-02
6.804999999999999938e-01 6.140949999999999881e-02
6.814999999999999947e-01 5.915240000000000081e-02
6.824999999999999956e-01 5.696899999999999881e-02
6.834999999999999964e-01 5.485740000000000061e-02
6.844999999999999973e-01 5.281559999999999727e-02
6.854999999999999982e-01 5.084149999999999781e-02
6.864999999999999991e-01 4.893329999999999902e-02
6.875000000000000000e-01 4.708910000000000179e-02
6.885000000000000009e-01 4.530710000000000293e-02
6.895000000000000018e-01 4.358549999999999924e-02
6.905000000000000027e-01 4.192250000000000143e-02
6.915000000000000036e-01 4.031640000000000224e-02
6.925000000000000044e-01 3.876559999999999728e-02
6.935000000000000053e-01 3.726840000000000014e-02
6.945000000000000062e-01 3.582330000000000236e-02
6.955000000000000071e-01 3.442850000000000077e-02
6.965000000000000080e-01 3.308269999999999961e-02
6.975000000000000089e-01 3.178439999999999738e-02
6.985000000000000098e-01 3.053209999999999952e-02
6.995000000000000107e-01 2.932430000000000106e-02
7.005000000000000115e-01 2.815969999999999931e-02
7.015000000000000124e-01 2.703699999999999853e-02
7.025000000000000133e-01 2.595480000000000009e-02
7.035000000000000142e-01 2.491190000000000071e-02
7.045000000000000151e-01 2.390700000000000117e-02
7.055000000000000160e-01 2.293890000000000165e-02
7.065000000000000169e-01 2.200649999999999828e-02
7.075000000000000178e-01 2.110839999999999939e-02
7.085000000000000187e-01 2.024379999999999930e-02
7.095000000000000195e-01 1.941129999999999939e-02
7.105000000000000204e-01 1.861010000000000095e-02
7.115000000000000213e-01 1.783910000000000010e-02
7.125000000000000222e-01 1.709710000000000049e-02
7.135000000000000231e-01 1.638339999999999935e-02
7.145000000000000240e-01 1.569689999999999974e-02
7.155000000000000249e-01 1.503670000000000007e-02
7.165000000000000258e-01 1.440190000000000047e-02
7.175000000000000266e-01 1.379170000000000049e-02
7.185000000000000275e-01 1.320510000000000086e-02
7.195000000000000284e-01 1.264149999999999996e-02
7.205000000000000293e-01 1.209990000000000024e-02
7.215000000000000302e-01 1.157960000000000066e-02
7.225000000000000311e-01 1.107980000000000076e-02
7.235000000000000320e-01 1.059990000000000064e-02
7.245000000000000329e-01 1.013909999999999985e-02
7.255000000000000338e-01 9.696800000000000211e-03
7.265000000000000346e-01 9.272199999999999540e-03
7.275000000000000355e-01 8.864800000000000804e-03
7.285000000000000364e-01 8.473899999999999488e-03
7.295000000000000373e-01 8.098799999999999749e-03
7.305000000000000382e-01 7.739199999999999899e-03
7.315000000000000391e-01 7.394200000000000078e-03
7.325000000000000400e-01 7.063500000000000334e-03
7.335000000000000409e-01 6.746399999999999619e-03
7.345000000000000417e-01 6.442599999999999716e-03
7.355000000000000426e-01 6.151399999999999577e-03
7.365000000000000435e-01 5.872399999999999842e-03
7.375000000000000444e-01 5.605100000000000013e-03
7.385000000000000453e-01 5.349099999999999862e-03
7.395000000000000462e-01 5.103899999999999756e-03
7.405000000000000471e-01 4.869199999999999744e-03
7.415000000000000480e-01 4.644500000000000191e-03
7.425000000000000488e-01 4.429500000000000277e-03
7.435000000000000497e-01 4.223700000000000371e-03
7.445000000000000506e-01 4.026799999999999650e-03
7.455000000000000515e-01 3.838499999999999898e-03
7.465000000000000524e-01 3.658300000000000180e-03
7.475000000000000533e-01 3.485999999999999949e-03
7.485000000000000542e-01 3.321300000000000120e-03
7.495000000000000551e-01 3.163899999999999872e-03
7.504999999999999449e-01 3.013399999999999846e-03
7.514999999999999458e-01 2.869599999999999929e-03
7.524999999999999467e-01 2.732200000000000167e-03
7.534999999999999476e-01 2.600900000000000174e-03
7.544999999999999485e-01 2.475600000000000109e-03
7.554999999999999494e-01 2.355900000000000181e-03
7.564999999999999503e-01 2.241599999999999843e-03
7.574999999999999512e-01 2.132499999999999847e-03
7.584999999999999520e-01 2.028400000000000081e-03
7.594999999999999529e-01 1.928999999999999942e-03
7.604999999999999538e-01 1.834200000000000023e-03
7.614999999999999547e-01 1.743799999999999994e-03
7.624999999999999556e-01 1.657499999999999902e-03
7.634999999999999565e-01 1.575299999999999964e-03
7.644999999999999574e-01 1.496900000000000010e-03
7.654999999999999583e-01 1.422099999999999927e-03
7.664999999999999591e-01 1.350899999999999931e-03
7.674999999999999600e-01 1.283000000000000069e-03
7.684999999999999609e-01 1.218300000000000069e-03
7.694999999999999618e-01 1.156700000000000089e-03
7.704999999999999627e-01 1.098100000000000074e-03
7.714999999999999636e-01 1.042200000000000071e-03
7.724999999999999645e-01 9.890000000000000787e-04
7.734999999999999654e-01 9.382999999999999848e-04
7.744999999999999662e-01 8.901999999999999540e-04
7.754999999999999671e-01 8.442999999999999767e-04
7.764999999999999680e-01 8.007000000000000011e-04
7.774999999999999689e-01 7.592000000000000224e-04
7.784999999999999698e-01 7.196999999999999838e-04
7.794999999999999707e-01 6.821999999999999939e-04
7.804999999999999716e-01 6.465000000000000477e-04
7.814999999999999725e-01 6.126000000000000369e-04
7.824999999999999734e-01 5.802999999999999565e-04
7.834999999999999742e-01 5.496999999999999716e-04
7.844999999999999751e-01 5.205999999999999690e-04
7.854999999999999760e-01 4.929000000000000005e-04
7.864999999999999769e-01 4.667000000000000141e-04
7.874999999999999778e-01 4.417000000000000028e-04
7.884999999999999787e-01 4.181000000000000254e-04
7.894999999999999796e-01 3.956000000000000206e-04
7.904999999999999805e-01 3.742999999999999908e-04
7.914999999999999813e-01 3.540999999999999877e-04
7.924999999999999822e-01 3.349000000000000089e-04
7.934999999999999831e-01 3.167000000000000002e-04
7.944999999999999840e-01 2.994000000000000133e-04
7.954999999999999849e-01 2.829999999999999942e-04
7.964999999999999858e-01 2.674999999999999969e-04
7.974999999999999867e-01 2.528000000000000191e-04
7.984999999999999876e-01 2.388000000000000040e-04
7.994999999999999885e-01 2.256000000000000084e-04
8.004999999999999893e-01 2.131000000000000027e-04
8.014999999999999902e-01 2.012000000000000116e-04
8.024999999999999911e-01 1.900000000000000105e-04
8.034999999999999920e-01 1.793999999999999968e-04
8.044999999999999929e-01 1.692999999999999952e-04
8.054999999999999938e-01 1.598000000000000082e-04
8.064999999999999947e-01 1.508000000000000063e-04
8.074999999999999956e-01 1.421999999999999870e-04
8.084999999999999964e-01 1.342000000000000094e-04
8.094999999999999973e-01 1.265000000000000120e-04
8.104999999999999982e-01 1.192999999999999996e-04
8.114999999999999991e-01 1.124999999999999969e-04
8.125000000000000000e-01 1.060000000000000016e-04
8.135000000000000009e-01 9.990000000000000236e-05
8.145000000000000018e-01 9.409999999999999691e-05
8.155000000000000027e-01 8.870000000000000117e-05
8.165000000000000036e-01 8.359999999999999918e-05
8.175000000000000044e-01 7.870000000000000205e-05
8.185000000000000053e-01 7.409999999999999866e-05
8.195000000000000062e-01 6.980000000000000256e-05
8.205000000000000071e-01 6.569999999999999777e-05
8.215000000000000080e-01 6.179999999999999784e-05
8.225000000000000089e-01 5.819999999999999843e-05
8.235000000000000098e-01 5.470000000000000144e-05
8.245000000000000107e-01 5.149999999999999820e-05
8.255000000000000115e-01 4.839999999999999739e-05
8.265000000000000124e-01 4.550000000000000144e-05
8.275000000000000133e-01 4.279999999999999679e-05
8.285000000000000142e-01 4.020000000000000136e-05
8.295000000000000151e-01 3.779999999999999723e-05
8.305000000000000160e-01 3.550000000000000231e-05
8.315000000000000169e-01 3.339999999999999870e-05
8.325000000000000178e-01 3.139999999999999752e-05
8.335000000000000187e-01 2.949999999999999877e-05
8.345000000000000195e-01 2.769999999999999906e-05
8.355000000000000204e-01 2.599999999999999840e-05
8.365000000000000213e-01 2.440000000000000017e-05
8.375000000000000222e-01 2.290000000000000098e-05
8.385000000000000231e-01 2.150000000000000083e-05
8.395000000000000240e-01 2.019999999999999972e-05
8.405000000000000249e-01 1.889999999999999862e-05
8.415000000000000258e-01 1.769999999999999994e-05
8.425000000000000266e-01 1.660000000000000031e-05
8.435000000000000275e-01 1.559999999999999972e-05
8.445000000000000284e-01 1.460000000000000082e-05
8.455000000000000293e-01 1.369999999999999927e-05
8.465000000000000302e-01 1.279999999999999942e-05
8.475000000000000311e-01 1.200000000000000030e-05
8.485000000000000320e-01 1.130000000000000023e-05
8.495000000000000329e-01 1.060000000000000016e-05
8.505000000000000338e-01 9.900000000000000081e-06
8.515000000000000346e-01 9.300000000000000744e-06
8.525000000000000355e-01 8.699999999999999712e-06
8.535000000000000364e-01 8.100000000000000375e-06
8.545000000000000373e-01 7.600000000000000080e-06
8.555000000000000382e-01 7.099999999999999785e-06
8.565000000000000391e-01 6.700000000000000226e-06
8.575000000000000400e-01 6.199999999999999931e-06
8.585000000000000409e-01 5.800000000000000373e-06
8.595000000000000417e-01 5.399999999999999967e-06
8.605000000000000426e-01 5.100000000000000299e-06
8.615000000000000435e-01 4.799999999999999783e-06
8.625000000000000444e-01 4.400000000000000224e-06
8.635000000000000453e-01 4.199999999999999598e-06
8.645000000000000462e-01 3.899999999999999929e-06
8.655000000000000471e-01 3.599999999999999837e-06
8.665000000000000480e-01 3.400000000000000058e-06
8.675000000000000488e-01 3.199999999999999855e-06
8.685000000000000497e-01 3.000000000000000076e-06
8.695000000000000506e-01 2.799999999999999873e-06
8.705000000000000515e-01 2.600000000000000094e-06
8.715000000000000524e-01 2.399999999999999891e-06
8.725000000000000533e-01 2.200000000000000112e-06
8.735000000000000542e-01 2.099999999999999799e-06
8.745000000000000551e-01 1.900000000000000020e-06
8.754999999999999449e-01 1.799999999999999919e-06
8.764999999999999458e-01 1.700000000000000029e-06
8.774999999999999467e-01 1.599999999999999928e-06
8.784999999999999476e-01 1.500000000000000038e-06
8.794999999999999485e-01 1.399999999999999937e-06
8.804999999999999494e-01 1.300000000000000047e-06
8.814999999999999503e-01 1.199999999999999946e-06
8.824999999999999512e-01 1.100000000000000056e-06
8.834999999999999520e-01 9.999999999999999547e-07
8.844999999999999529e-01 9.999999999999999547e-07
8.854999999999999538e-01 8.999999999999999593e-07
8.864999999999999547e-01 7.999999999999999638e-07
8.874999999999999556e-01 7.999999999999999638e-07
8.884999999999999565e-01 6.999999999999999683e-07
8.894999999999999574e-01 6.999999999999999683e-07
8.904999999999999583e-01 5.999999999999999728e-07
8.914999999999999591e-01 5.999999999999999728e-07
8.924999999999999600e-01 4.999999999999999774e-07
8.934999999999999609e-01 4.999999999999999774e-07
8.944999999999999618e-01 4.999999999999999774e-07
8.954999999999999627e-01 3.999999999999999819e-07
8.964999999999999636e-01 3.999999999999999819e-07
8.974999999999999645e-01 3.999999999999999819e-07
8.984999999999999654e-01 2.999999999999999864e-07
8.994999999999999662e-01 2.999999999999999864e-07
9.004999999999999671e-01 2.999999999999999864e-07
9.014999999999999680e-01 2.999999999999999864e-07
9.024999999999999689e-01 2.999999999999999864e-07
9.034999999999999698e-01 1.999999999999999909e-07
9.044999999999999707e-01 1.999999999999999909e-07
9.054999999999999716e-01 1.999999999999999909e-07
9.064999999999999725e-01 1.999999999999999909e-07
9.074999999999999734e-01 1.999999999999999909e-07
9.084999999999999742e-01 1.999999999999999909e-07
9.094999999999999751e-01 1.999999999999999909e-07
9.104999999999999760e-01 9.999999999999999547e-08
9.114999999999999769e-01 9.999999999999999547e-08
9.124999999999999778e-01 9.999999999999999547e-08
9.134999999999999787e-01 9.999999999999999547e-08
9.144999999999999796e-01 9.999999999999999547e-08
9.154999999999999805e-01 9.999999999999999547e-08
9.164999999999999813e-01 9.999999999999999547e-08
9.174999999999999822e-01 9.999999999999999547e-08
9.184999999999999831e-01 9.999999999999999547e-08
9.194999999999999840e-01 9.999999999999999547e-08
9.204999999999999849e-01 9.999999999999999547e-08
9.214999999999999858e-01 9.999999999999999547e-08
9.224999999999999867e-01 9.999999999999999547e-08
9.234999999999999876e-01 9.999999999999999547e-08
9.244999999999999885e-01 0.000000000000000000e+00
9.254999999999999893e-01 0.000000000000000000e+00
9.264999999999999902e-01 0.000000000000000000e+00
9.274999999999999911e-01 0.000000000000000000e+00
9.284999999999999920e-01 0.000000000000000000e+00
9.294999999999999929e-01 0.000000000000000000e+00
9.304999999999999938e-01 0.000000000000000000e+00
9.314999999999999947e-01 0.000000000000000000e+00
9.324999999999999956e-01 0.000000000000000000e+00
9.334999999999999964e-01 0.000000000000000000e+00
9.344999999999999973e-01 0.000000000000000000e+00
9.354999999999999982e-01 0.000000000000000000e+00
9.364999999999999991e-01 0.000000000000000000e+00
9.375000000000000000e-01 0.000000000000000000e+00
9.385000000000000009e-01 0.000000000000000000e+00
9.395000000000000018e-01 0.000000000000000000e+00
9.405000000000000027e-01 0.000000000000000000e+00
9.415000000000000036e-01 0.000000000000000000e+00
9.425000000000000044e-01 0.000000000000000000e+00
9.435000000000000053e-01 0.000000000000000000e+00
9.445000000000000062e-01 0.000000000000000000e+00
9.455000000000000071e-01 0.000000000000000000e+00
9.465000000000000080e-01 0.000000000000000000e+00
9.475000000000000089e-01 0.000000000000000000e+00
9.485000000000000098e-01 0.000000000000000000e+00
9.495000000000000107e-01 0.000000000000000000e+00
9.505000000000000115e-01 0.000000000000000000e+00
9.515000000000000124e-01 0.000000000000000000e+00
9.525000000000000133e-01 0.000000000000000000e+00
9.535000000000000142e-01 0.000000000000000000e+00
9.545000000000000151e-01 0.000000000000000000e+00
9.555000000000000160e-01 0.000000000000000000e+00
9.565000000000000169e-01 0.000000000000000000e+00
9.575000000000000178e-01 0.000000000000000000e+00
9.585000000000000187e-01 0.000000000000000000e+00
9.595000000000000195e-01 0.000000000000000000e+00
9.605000000000000204e-01 0.000000000000000000e+00
9.615000000000000213e-01 0.000000000000000000e+00
9.625000000000000222e-01 0.000000000000000000e+00
9.635000000000000231e-01 0.000000000000000000e+00
9.645000000000000240e-01 0.000000000000000000e+00
9.655000000000000249e-01 0.000000000000000000e+00
9.665000000000000258e-01 0.000000000000000000e+00
9.675000000000000266e-01 0.000000000000000000e+00
9.685000000000000275e-01 0.000000000000000000e+00
9.695000000000000284e-01 0.000000000000000000e+00
9.705000000000000293e-01 0.000000000000000000e+00
9.715000000000000302e-01 0.000000000000000000e+00
9.725000000000000311e-01 0.000000000000000000e+00
9.735000000000000320e-01 0.000000000000000000e+00
9.745000000000000329e-01 0.000000000000000000e+00
9.755000000000000338e-01 0.000000000000000000e+00
9.765000000000000346e-01 0.000000000000000000e+00
9.775000000000000355e-01 0.000000000000000000e+00
9.785000000000000364e-01 0.000000000000000000e+00
9.795000000000000373e-01 0.000000000000000000e+00
9.805000000000000382e-01 0.000000000000000000e+00
9.815000000000000391e-01 0.000000000000000000e+00
9.825000000000000400e-01 0.000000000000000000e+00
9.835000000000000409e-01 0.000000000000000000e+00
9.845000000000000417e-01 0.000000000000000000e+00
9.855000000000000426e-01 0.000000000000000000e+00
9.865000000000000435e-01 0.000000000000000000e+00
9.875000000000000444e-01 0.000000000000000000e+00
9.885000000000000453e-01 0.000000000000000000e+00
9.895000000000000462e-01 0.000000000000000000e+00
9.905000000000000471e-01 0.000000000000000000e+00
9.915000000000000480e-01 0.000000000000000000e+00
9.925000000000000488e-01 0.000000000000000000e+00
9.935000000000000497e-01 0.000000000000000000e+00
9.945000000000000506e-01 0.000000000000000000e+00
9.955000000000000515e-01 0.000000000000000000e+00
9.965000000000000524e-01 0.000000000000000000e+00
9.975000000000000533e-01 0.000000000000000000e+00
9.985000000000000542e-01 0.000000000000000000e+00
9.995000000000000551e-01 0.000000000000000000e+00
