5.000000000000000104e-04 1.195242231970412503e-02
1.500000000000000031e-03 1.092583389960683805e-02
2.500000000000000052e-03 1.117025971391571657e-02
3.500000000000000073e-03 1.239238878546010565e-02
4.499999999999999660e-03 1.229461845973655459e-02
5.499999999999999681e-03 1.161022617967169546e-02
6.499999999999999702e-03 1.178132424968791024e-02
7.499999999999999722e-03 1.148801327251725707e-02
8.500000000000000611e-03 1.366340301986626940e-02
9.499999999999999764e-03 1.222129071544389087e-02
1.050000000000000065e-02 1.312566622838673772e-02
1.149999999999999981e-02 1.378561592702070952e-02
1.250000000000000069e-02 1.339453462412650356e-02
1.349999999999999985e-02 1.444556562565467960e-02
1.450000000000000074e-02 1.356563269414271834e-02
1.549999999999999989e-02 1.405448432276047363e-02
1.650000000000000078e-02 1.371228818272804580e-02
1.750000000000000167e-02 1.515440048715042433e-02
1.849999999999999908e-02 1.635208697726392435e-02
1.949999999999999997e-02 1.505663016142687327e-02
2.050000000000000086e-02 1.561880953433729229e-02
2.149999999999999828e-02 1.581435018578439614e-02
2.249999999999999917e-02 1.561880953433729229e-02
2.350000000000000006e-02 1.615654632581682223e-02
2.450000000000000094e-02 1.666984053586546832e-02
2.549999999999999836e-02 1.578990760435350707e-02
2.649999999999999925e-02 1.708536442019055815e-02
2.750000000000000014e-02 1.720757732734499654e-02
2.850000000000000103e-02 1.762310121167008983e-02
2.949999999999999845e-02 1.715869216448322188e-02
3.049999999999999933e-02 1.948073740041756166e-02
3.150000000000000022e-02 1.818528058458051058e-02
3.250000000000000111e-02 1.808751025885695779e-02
3.350000000000000200e-02 1.889411544607625532e-02
3.450000000000000289e-02 2.028734258763685919e-02
3.549999999999999684e-02 1.906521351609246837e-02
3.649999999999999772e-02 1.977404837758821657e-02
3.749999999999999861e-02 2.016512968048242080e-02
3.849999999999999950e-02 2.092284970483994019e-02
3.950000000000000039e-02 2.114283293771793137e-02
4.050000000000000128e-02 2.084952196054727647e-02
4.150000000000000216e-02 2.146058649631947188e-02
4.250000000000000305e-02 2.155835682204302467e-02
4.349999999999999700e-02 2.312268203361984159e-02
4.449999999999999789e-02 2.322045235934339091e-02
4.549999999999999878e-02 2.326933752220516904e-02
4.649999999999999967e-02 2.243828975355498245e-02
4.750000000000000056e-02 2.356264849937582048e-02
4.850000000000000144e-02 2.495587564093642435e-02
4.950000000000000233e-02 2.326933752220516904e-02
5.050000000000000322e-02 2.441813884945689267e-02
5.149999999999999717e-02 2.520030145524530113e-02
5.249999999999999806e-02 2.615356213104992611e-02
5.349999999999999895e-02 2.586025115387927120e-02
5.449999999999999983e-02 2.722903571400898948e-02
5.550000000000000072e-02 2.683795441111478525e-02
5.650000000000000161e-02 2.735124862116342787e-02
5.750000000000000250e-02 3.021103064857729933e-02
5.850000000000000339e-02 2.803564090122828353e-02
5.949999999999999734e-02 2.884224608844758106e-02
6.049999999999999822e-02 2.991771967140664443e-02
6.149999999999999911e-02 2.935554029849622368e-02
6.250000000000000000e-02 3.055322678860972543e-02
6.350000000000000089e-02 3.067543969576416729e-02
6.450000000000000178e-02 3.121317648724369551e-02
6.550000000000000266e-02 3.111540616152014618e-02
6.650000000000000355e-02 3.321746816457649826e-02
6.750000000000000444e-02 3.289971460597495428e-02
6.850000000000000533e-02 3.128650423153635923e-02
6.950000000000000622e-02 3.487956370187686450e-02
7.049999999999999323e-02 3.397518818893401765e-02
7.149999999999999412e-02 3.566172630766527296e-02
7.249999999999999500e-02 3.563728372623438390e-02
7.349999999999999589e-02 3.683497021634788565e-02
7.449999999999999678e-02 3.720160893781120082e-02
7.549999999999999767e-02 3.566172630766527296e-02
7.649999999999999856e-02 3.578393921481971135e-02
7.749999999999999944e-02 3.764157540356718318e-02
7.850000000000000033e-02 3.945032642945287688e-02
7.950000000000000122e-02 3.788600121787605995e-02
8.050000000000000211e-02 3.979252256948530991e-02
8.150000000000000300e-02 3.967030966233087153e-02
8.250000000000000389e-02 4.035470194239572372e-02
8.350000000000000477e-02 4.037914452382661279e-02
8.450000000000000566e-02 4.353223752841113570e-02
8.550000000000000655e-02 4.253009168974473952e-02
8.649999999999999356e-02 4.604982341579257760e-02
8.749999999999999445e-02 4.416774464561422364e-02
8.849999999999999534e-02 4.607426599722346666e-02
8.949999999999999623e-02 4.526766081000416914e-02
9.049999999999999711e-02 4.702752667302809164e-02
9.149999999999999800e-02 4.678310085871921487e-02
9.249999999999999889e-02 4.802967251169448781e-02
9.349999999999999978e-02 4.861629446603579763e-02
9.450000000000000067e-02 5.066947130623036810e-02
9.550000000000000155e-02 5.098722486483191207e-02
9.650000000000000244e-02 5.079168421338480649e-02
9.750000000000000333e-02 5.308928686788826068e-02
9.850000000000000422e-02 5.323594235647358813e-02
9.950000000000000511e-02 5.431141593943265150e-02
1.005000000000000060e-01 5.629126503533456172e-02
1.015000000000000069e-01 5.499580821949751064e-02
1.024999999999999939e-01 5.800224573549670609e-02
1.034999999999999948e-01 5.748895152544806347e-02
1.044999999999999957e-01 6.022652064570749308e-02
1.054999999999999966e-01 6.054427420430903706e-02
1.064999999999999974e-01 6.069092969289435757e-02
1.074999999999999983e-01 6.115533874008122900e-02
1.084999999999999992e-01 6.460174272183639987e-02
1.095000000000000001e-01 6.526169242047037689e-02
1.105000000000000010e-01 6.176640327585342094e-02
1.115000000000000019e-01 6.538390532762480833e-02
1.125000000000000028e-01 6.719265635351051591e-02
1.135000000000000037e-01 6.550611823477925366e-02
1.145000000000000046e-01 6.609274018912056348e-02
1.155000000000000054e-01 6.909917770511975199e-02
1.165000000000000063e-01 7.088348614957457050e-02
1.174999999999999933e-01 7.147010810391586644e-02
1.184999999999999942e-01 7.288777782690736284e-02
1.194999999999999951e-01 7.469652885279305654e-02
1.204999999999999960e-01 7.643195213438609692e-02
1.214999999999999969e-01 7.613864115721544201e-02
1.224999999999999978e-01 7.811849025311734529e-02
1.234999999999999987e-01 7.608975599435366388e-02
1.244999999999999996e-01 7.985391353471038567e-02
1.255000000000000004e-01 8.293367879500224138e-02
1.265000000000000013e-01 8.298256395786401951e-02
1.275000000000000022e-01 8.427802077370107059e-02
1.285000000000000031e-01 8.518239628664392438e-02
1.295000000000000040e-01 9.053532162000833827e-02
1.305000000000000049e-01 9.029089580569946150e-02
1.315000000000000058e-01 9.112194357434964809e-02
1.325000000000000067e-01 9.185522101727627842e-02
1.335000000000000075e-01 9.087751776004077131e-02
1.345000000000000084e-01 9.427503657893417099e-02
1.355000000000000093e-01 9.329733332169866389e-02
1.365000000000000102e-01 9.835694767789243675e-02
1.375000000000000111e-01 9.764811281639668161e-02
1.385000000000000120e-01 1.013633851938916253e-01
1.395000000000000129e-01 1.007034354952576621e-01
1.405000000000000138e-01 1.029277104054684422e-01
1.414999999999999869e-01 1.050053298270939017e-01
1.424999999999999878e-01 1.073273750630282519e-01
1.434999999999999887e-01 1.067163105272560530e-01
1.444999999999999896e-01 1.101138293461494527e-01
1.454999999999999905e-01 1.090872409260521675e-01
1.464999999999999913e-01 1.145134940037092625e-01
1.474999999999999922e-01 1.143668385151239281e-01
1.484999999999999931e-01 1.147579198180181392e-01
1.494999999999999940e-01 1.204285987099840971e-01
1.504999999999999949e-01 1.205996967800003067e-01
1.514999999999999958e-01 1.209174503386018507e-01
1.524999999999999967e-01 1.251704595075763260e-01
1.534999999999999976e-01 1.286901912336241571e-01
1.544999999999999984e-01 1.275902750692342047e-01
1.554999999999999993e-01 1.329920855654604106e-01
1.565000000000000002e-01 1.299612054680303330e-01
1.575000000000000011e-01 1.313055474467291484e-01
1.585000000000000020e-01 1.350697049870858701e-01
1.595000000000000029e-01 1.382716831545321712e-01
1.605000000000000038e-01 1.401293193432796569e-01
1.615000000000000047e-01 1.443090007679614650e-01
1.625000000000000056e-01 1.435512807436039318e-01
1.635000000000000064e-01 1.473643234468224317e-01
1.645000000000000073e-01 1.496130409384641147e-01
1.655000000000000082e-01 1.523261674772926622e-01
1.665000000000000091e-01 1.560414398547876058e-01
1.675000000000000100e-01 1.603922193494856097e-01
1.685000000000000109e-01 1.613943651881520336e-01
1.695000000000000118e-01 1.619321019796315375e-01
1.705000000000000127e-01 1.641808194712732205e-01
1.715000000000000135e-01 1.684827138031094740e-01
1.724999999999999867e-01 1.701936945032716253e-01
1.734999999999999876e-01 1.690693357574507838e-01
1.744999999999999885e-01 1.750577682080182995e-01
1.754999999999999893e-01 1.783086315383263509e-01
1.764999999999999902e-01 1.795307606098707487e-01
1.774999999999999911e-01 1.826594110330243825e-01
1.784999999999999920e-01 1.849081285246660655e-01
1.794999999999999929e-01 1.897966448108436288e-01
1.804999999999999938e-01 1.937807855840783244e-01
1.814999999999999947e-01 1.919964771396235337e-01
1.824999999999999956e-01 1.966161250300613172e-01
1.834999999999999964e-01 1.993781367317516429e-01
1.844999999999999973e-01 2.073953034410828122e-01
1.854999999999999982e-01 2.057087653223515777e-01
1.864999999999999991e-01 2.056354375780589105e-01
1.875000000000000000e-01 2.101328725613422488e-01
1.885000000000000009e-01 2.173923192463159404e-01
1.895000000000000018e-01 2.229652278125583420e-01
1.905000000000000027e-01 2.236985052554849862e-01
1.915000000000000036e-01 2.257027969328177786e-01
1.925000000000000044e-01 2.349176501322624566e-01
1.935000000000000053e-01 2.336710784792871975e-01
1.945000000000000062e-01 2.398306089998709090e-01
1.955000000000000071e-01 2.440102904245527171e-01
1.965000000000000080e-01 2.483610699192507487e-01
1.975000000000000089e-01 2.492654454321935886e-01
1.985000000000000098e-01 2.543495023698182367e-01
1.995000000000000107e-01 2.611689825890359251e-01
2.005000000000000115e-01 2.595802147960282191e-01
2.015000000000000124e-01 2.631977168477996343e-01
2.025000000000000133e-01 2.676462666682212221e-01
2.034999999999999865e-01 2.781321341020720483e-01
2.044999999999999873e-01 2.777899379620396569e-01
2.054999999999999882e-01 2.825073561782009968e-01
2.064999999999999891e-01 2.872736595572241147e-01
2.074999999999999900e-01 2.905489654689630830e-01
2.084999999999999909e-01 2.958041204766039267e-01
2.094999999999999918e-01 2.997882612498386501e-01
2.104999999999999927e-01 3.082453944249258226e-01
2.114999999999999936e-01 3.083676073320802402e-01
2.124999999999999944e-01 3.124984035939002980e-01
2.134999999999999953e-01 3.182912953930207012e-01
2.144999999999999962e-01 3.285327370125626922e-01
2.154999999999999971e-01 3.333234829730166715e-01
2.164999999999999980e-01 3.349611359288861556e-01
2.174999999999999989e-01 3.380164586077471500e-01
2.184999999999999998e-01 3.478912615058257773e-01
2.195000000000000007e-01 3.496755699502805959e-01
2.205000000000000016e-01 3.562261817737585323e-01
2.215000000000000024e-01 3.584260141025384372e-01
2.225000000000000033e-01 3.688385537920966240e-01
2.235000000000000042e-01 3.706473048179823038e-01
2.245000000000000051e-01 3.788600121787605857e-01
2.255000000000000060e-01 3.839440691163852892e-01
2.265000000000000069e-01 3.941366255730654466e-01
2.275000000000000078e-01 3.994895509064299022e-01
2.285000000000000087e-01 4.010538761180066913e-01
2.295000000000000095e-01 4.050380168912414147e-01
2.305000000000000104e-01 4.088755021758908037e-01
2.315000000000000113e-01 4.185058792596605959e-01
2.325000000000000122e-01 4.295783686478527597e-01
2.335000000000000131e-01 4.286495505534790307e-01
2.344999999999999862e-01 4.436572955520441397e-01
2.354999999999999871e-01 4.468103885566286348e-01
2.364999999999999880e-01 4.519433306571150610e-01
2.374999999999999889e-01 4.630402626267381416e-01
2.384999999999999898e-01 4.687842692629967667e-01
2.394999999999999907e-01 4.699330705902484695e-01
2.404999999999999916e-01 4.817143948399363884e-01
2.414999999999999925e-01 4.895604634792513621e-01
2.424999999999999933e-01 4.930313100424374428e-01
2.434999999999999942e-01 5.024905890561910393e-01
2.444999999999999951e-01 5.086501195767747507e-01
2.454999999999999960e-01 5.242689291111120031e-01
2.464999999999999969e-01 5.208469677107877560e-01
2.474999999999999978e-01 5.357080572207675306e-01
2.484999999999999987e-01 5.421608987185219108e-01
2.494999999999999996e-01 5.534289287581611871e-01
2.505000000000000004e-01 5.565331365998839042e-01
2.515000000000000013e-01 5.706365060855060900e-01
2.525000000000000022e-01 5.787270005391299543e-01
2.535000000000000031e-01 5.821978471023160351e-01
2.545000000000000040e-01 5.944680229806217353e-01
2.555000000000000049e-01 6.018741251541807058e-01
2.565000000000000058e-01 6.159041668955103077e-01
2.575000000000000067e-01 6.198394225058831974e-01
2.585000000000000075e-01 6.331850719671480165e-01
2.595000000000000084e-01 6.470440156384613672e-01
2.605000000000000093e-01 6.460907549626567770e-01
2.615000000000000102e-01 6.539612661834025564e-01
2.625000000000000111e-01 6.751774268654131550e-01
2.635000000000000120e-01 6.824613161318177079e-01
2.645000000000000129e-01 6.954403268716191633e-01
2.655000000000000138e-01 7.008910225307071196e-01
2.665000000000000147e-01 7.086882060071603151e-01
2.675000000000000155e-01 7.217405444912543544e-01
2.685000000000000164e-01 7.304909886435122512e-01
2.695000000000000173e-01 7.368216172341122139e-01
2.705000000000000182e-01 7.526115248384657175e-01
2.715000000000000191e-01 7.642461935995682465e-01
2.725000000000000200e-01 7.782273501780360148e-01
2.735000000000000209e-01 7.891287414962120383e-01
2.745000000000000218e-01 7.848268471643757849e-01
2.755000000000000226e-01 8.148178945800750306e-01
2.765000000000000235e-01 8.174576933746109386e-01
2.775000000000000244e-01 8.283101995299251286e-01
2.785000000000000253e-01 8.458844155787333952e-01
2.795000000000000262e-01 8.605010792744043346e-01
2.805000000000000271e-01 8.744822358528721029e-01
2.814999999999999725e-01 8.842837110066581463e-01
2.824999999999999734e-01 9.008802237982309613e-01
2.834999999999999742e-01 9.132481700022602178e-01
2.844999999999999751e-01 9.197498966628763206e-01
2.854999999999999760e-01 9.350020674757503203e-01
2.864999999999999769e-01 9.461723271896660403e-01
2.874999999999999778e-01 9.569759481821183966e-01
2.884999999999999787e-01 9.763589152568123986e-01
2.894999999999999796e-01 9.876269452964516748e-01
2.904999999999999805e-01 1.004810080042365827e+00
2.914999999999999813e-01 1.011605117680152599e+00
2.924999999999999822e-01 1.025586274258620367e+00
2.934999999999999831e-01 1.049320020828012456e+00
2.944999999999999840e-01 1.071122803464364281e+00
2.954999999999999849e-01 1.076304630727712652e+00
2.964999999999999858e-01 1.087621545930213651e+00
2.974999999999999867e-01 1.107566692377818018e+00
2.984999999999999876e-01 1.126020841358138291e+00
2.994999999999999885e-01 1.136995560420607010e+00
3.004999999999999893e-01 1.166644411696273753e+00
3.014999999999999902e-01 1.179941175994676739e+00
3.024999999999999911e-01 1.182409876719196395e+00
3.034999999999999920e-01 1.215529574558049442e+00
3.044999999999999929e-01 1.216287294582406808e+00
3.054999999999999938e-01 1.242049775410562606e+00
3.064999999999999947e-01 1.254662147428900809e+00
3.074999999999999956e-01 1.268032239471596379e+00
3.084999999999999964e-01 1.282037838631495008e+00
3.094999999999999973e-01 1.306235994248073906e+00
3.104999999999999982e-01 1.316526321030477620e+00
3.114999999999999991e-01 1.343168734790145313e+00
3.125000000000000000e-01 1.365191500659375334e+00
3.135000000000000009e-01 1.376948382327632281e+00
3.145000000000000018e-01 1.392273880884798976e+00
3.155000000000000027e-01 1.414052220939719939e+00
3.165000000000000036e-01 1.436734936507583882e+00
3.175000000000000044e-01 1.462375204428585151e+00
3.185000000000000053e-01 1.473667677049655289e+00
3.195000000000000062e-01 1.495788213244608755e+00
3.205000000000000071e-01 1.508840551728702684e+00
3.215000000000000080e-01 1.540151498541669994e+00
3.225000000000000089e-01 1.564300768995387170e+00
3.235000000000000098e-01 1.580848396624098040e+00
3.245000000000000107e-01 1.593827407363899606e+00
3.255000000000000115e-01 1.625016141269712389e+00
3.265000000000000124e-01 1.642590357318520766e+00
3.275000000000000133e-01 1.678227641044754970e+00
3.285000000000000142e-01 1.682040683747973553e+00
3.295000000000000151e-01 1.716651379054110693e+00
3.305000000000000160e-01 1.711567322116485990e+00
3.315000000000000169e-01 1.750651009824475635e+00
3.325000000000000178e-01 1.776584588722647462e+00
3.335000000000000187e-01 1.788830322019522301e+00
3.345000000000000195e-01 1.835197898993916388e+00
3.355000000000000204e-01 1.828402861356129616e+00
3.365000000000000213e-01 1.869124202019988745e+00
3.375000000000000222e-01 1.897966448108436177e+00
3.385000000000000231e-01 1.913145291177017482e+00
3.395000000000000240e-01 1.948367051018926821e+00
3.405000000000000249e-01 1.966894527743539678e+00
3.415000000000000258e-01 1.992681451153126337e+00
3.425000000000000266e-01 2.008789112316081482e+00
3.435000000000000275e-01 2.034722691214253310e+00
3.444999999999999729e-01 2.068820092310341696e+00
3.454999999999999738e-01 2.083387870843151024e+00
3.464999999999999747e-01 2.104995112828055515e+00
3.474999999999999756e-01 2.133812916335072529e+00
3.484999999999999765e-01 2.170501231062834879e+00
3.494999999999999774e-01 2.186731105132944553e+00
3.504999999999999782e-01 2.226425857376706396e+00
3.514999999999999791e-01 2.249524096828895203e+00
3.524999999999999800e-01 2.277339754497245572e+00
3.534999999999999809e-01 2.305033199258441190e+00
3.544999999999999818e-01 2.338397322911603293e+00
3.554999999999999827e-01 2.347734389018202084e+00
3.564999999999999836e-01 2.384984883118875132e+00
3.574999999999999845e-01 2.404587833426447219e+00
3.584999999999999853e-01 2.463787765652057260e+00
3.594999999999999862e-01 2.483488486285353236e+00
3.604999999999999871e-01 2.505975661201769622e+00
3.614999999999999880e-01 2.518808016452986021e+00
3.624999999999999889e-01 2.551903271710407761e+00
3.634999999999999898e-01 2.595117755680217630e+00
3.644999999999999907e-01 2.614402952429188076e+00
3.654999999999999916e-01 2.652753362694250772e+00
3.664999999999999925e-01 2.684626488880128559e+00
3.674999999999999933e-01 2.710755608429747721e+00
3.684999999999999942e-01 2.739671182262487736e+00
3.694999999999999951e-01 2.771886504588398026e+00
3.704999999999999960e-01 2.792907124618961401e+00
3.714999999999999969e-01 2.830499814859666952e+00
3.724999999999999978e-01 2.869143536101900427e+00
3.734999999999999987e-01 2.894808246604332780e+00
3.744999999999999996e-01 2.932132068449298412e+00
3.755000000000000004e-01 2.938291598969882124e+00
3.765000000000000013e-01 2.991478656163493621e+00
3.775000000000000022e-01 3.025282746282411672e+00
3.785000000000000031e-01 3.049212033503250652e+00
3.795000000000000040e-01 3.083529417832217234e+00
3.805000000000000049e-01 3.107067623750161989e+00
3.815000000000000058e-01 3.139502929308950030e+00
3.825000000000000067e-01 3.166047572742894278e+00
3.835000000000000075e-01 3.202980313284965685e+00
3.845000000000000084e-01 3.230795970953316054e+00
3.855000000000000093e-01 3.269464134776980391e+00
3.865000000000000102e-01 3.281416557096684450e+00
3.875000000000000111e-01 3.350197981243202783e+00
3.885000000000000120e-01 3.366207872080434260e+00
3.895000000000000129e-01 3.389623865091224708e+00
3.905000000000000138e-01 3.427021014680483368e+00
3.915000000000000147e-01 3.470308826394585378e+00
3.925000000000000155e-01 3.477690485986713487e+00
3.935000000000000164e-01 3.518876235697759647e+00
3.945000000000000173e-01 3.533272916160552501e+00
3.955000000000000182e-01 3.585066746212603572e+00
3.965000000000000191e-01 3.595723711716470650e+00
3.975000000000000200e-01 3.630652160581209209e+00
3.985000000000000209e-01 3.647933065652846807e+00
3.995000000000000218e-01 3.701315663497905639e+00
4.005000000000000226e-01 3.717227784009413671e+00
4.015000000000000235e-01 3.739470533111521444e+00
4.025000000000000244e-01 3.785544799108745195e+00
4.035000000000000253e-01 3.797032812381262445e+00
4.045000000000000262e-01 3.825581747492539098e+00
4.055000000000000271e-01 3.861414571870220858e+00
4.064999999999999725e-01 3.875811252333013712e+00
4.074999999999999734e-01 3.925160824241975988e+00
4.084999999999999742e-01 3.936551067188769792e+00
4.094999999999999751e-01 3.956471771054943520e+00
4.104999999999999760e-01 3.986951670099260436e+00
4.114999999999999769e-01 4.014840655511903833e+00
4.124999999999999778e-01 4.038818827895604535e+00
4.134999999999999787e-01 4.057810713667404201e+00
4.144999999999999796e-01 4.068149925612670081e+00
4.154999999999999805e-01 4.115959614891486318e+00
4.164999999999999813e-01 4.130576278587157368e+00
4.174999999999999822e-01 4.154163369667963401e+00
4.184999999999999831e-01 4.185669857132378269e+00
4.194999999999999840e-01 4.202437467993966891e+00
4.204999999999999849e-01 4.216663050386744160e+00
4.214999999999999858e-01 4.225120183561831055e+00
4.224999999999999867e-01 4.269116830137429375e+00
4.234999999999999876e-01 4.272074382490566258e+00
4.244999999999999885e-01 4.279847123385589036e+00
4.254999999999999893e-01 4.291701775379569206e+00
4.264999999999999902e-01 4.318124205906358704e+00
4.274999999999999911e-01 4.339487022076954581e+00
4.284999999999999920e-01 4.337776041376792513e+00
4.294999999999999929e-01 4.361754213760494103e+00
4.304999999999999938e-01 4.373755521243059441e+00
4.314999999999999947e-01 4.391060868896127900e+00
4.324999999999999956e-01 4.406019728731831897e+00
4.334999999999999964e-01 4.402744422820092929e+00
4.344999999999999973e-01 4.421369669870428787e+00
4.354999999999999982e-01 4.438406149127757772e+00
4.364999999999999991e-01 4.454049401243525885e+00
4.375000000000000000e-01 4.437355118126229847e+00
4.385000000000000009e-01 4.452705059264826737e+00
4.395000000000000018e-01 4.465708512586059165e+00
4.405000000000000027e-01 4.447425461675755365e+00
4.415000000000000036e-01 4.458204640086776749e+00
4.425000000000000044e-01 4.482598336354802981e+00
4.435000000000000053e-01 4.461528831161377440e+00
4.445000000000000062e-01 4.491031026948459015e+00
4.455000000000000071e-01 4.475436659995552624e+00
4.465000000000000080e-01 4.492595352160035915e+00
4.475000000000000089e-01 4.490248864342670565e+00
4.485000000000000098e-01 4.493964136720165925e+00
4.495000000000000107e-01 4.499757028519286273e+00
4.505000000000000115e-01 4.486411379058021787e+00
4.515000000000000124e-01 4.485238135149338667e+00
4.525000000000000133e-01 4.466172921633246418e+00
4.535000000000000142e-01 4.493597497998702117e+00
4.545000000000000151e-01 4.448989786887332265e+00
4.555000000000000160e-01 4.456249233572306068e+00
4.565000000000000169e-01 4.433102108957255538e+00
4.575000000000000178e-01 4.449038672050193988e+00
4.585000000000000187e-01 4.429826803045516570e+00
4.595000000000000195e-01 4.419927557566006193e+00
4.605000000000000204e-01 4.418265462028705848e+00
4.615000000000000213e-01 4.407657381687701381e+00
4.625000000000000222e-01 4.392454096037688771e+00
4.635000000000000231e-01 4.384461371909788241e+00
4.645000000000000240e-01 4.377421908457693078e+00
4.655000000000000249e-01 4.351439444396659084e+00
4.665000000000000258e-01 4.347406418460562527e+00
4.675000000000000266e-01 4.333009737997769228e+00
4.685000000000000275e-01 4.301356595044770081e+00
4.694999999999999729e-01 4.305951800353776449e+00
4.704999999999999738e-01 4.286299964883343527e+00
4.714999999999999747e-01 4.268163569461624007e+00
4.724999999999999756e-01 4.228908783683618999e+00
4.734999999999999765e-01 4.236412656182901415e+00
4.744999999999999774e-01 4.211261239890517594e+00
4.754999999999999782e-01 4.180463587287598592e+00
4.764999999999999791e-01 4.166262447476253072e+00
4.774999999999999800e-01 4.142724241558307874e+00
4.784999999999999809e-01 4.103273915128855087e+00
4.794999999999999818e-01 4.086970713314452830e+00
4.804999999999999827e-01 4.051920051542560408e+00
4.814999999999999836e-01 4.058715089180346958e+00
4.824999999999999845e-01 4.007898962385531227e+00
4.834999999999999853e-01 3.973923774196597147e+00
4.844999999999999862e-01 3.970159616656240509e+00
4.854999999999999871e-01 3.927287328826463586e+00
4.864999999999999880e-01 3.923205417727505306e+00
4.874999999999999889e-01 3.898102886597983208e+00
4.884999999999999898e-01 3.865423155224886553e+00
4.894999999999999907e-01 3.816464664618818059e+00
4.904999999999999916e-01 3.784909291991541913e+00
4.914999999999999925e-01 3.759073483419093531e+00
4.924999999999999933e-01 3.735461949756856193e+00
4.934999999999999942e-01 3.712877004514715917e+00
4.944999999999999951e-01 3.673622218736710021e+00
4.954999999999999960e-01 3.642702353226637157e+00
4.964999999999999969e-01 3.605647399777411000e+00
4.974999999999999978e-01 3.567590300489518640e+00
4.984999999999999987e-01 3.543025506151476378e+00
4.994999999999999996e-01 3.524375816519709215e+00
5.004999999999999449e-01 3.486465372720402023e+00
5.014999999999999458e-01 3.439560058954528543e+00
5.024999999999999467e-01 3.414653068476453779e+00
5.034999999999999476e-01 3.392092565815744365e+00
5.044999999999999485e-01 3.360879389328500721e+00
5.054999999999999494e-01 3.316296120798561287e+00
5.064999999999999503e-01 3.284349666868391360e+00
5.074999999999999512e-01 3.234902324633705195e+00
5.084999999999999520e-01 3.230307119324698384e+00
5.094999999999999529e-01 3.187117077936319376e+00
5.104999999999999538e-01 3.146713490831062110e+00
5.114999999999999547e-01 3.129652568992302264e+00
5.124999999999999556e-01 3.079251966081811620e+00
5.134999999999999565e-01 3.060968915171507820e+00
5.144999999999999574e-01 3.014919091755715375e+00
5.154999999999999583e-01 2.972340114903108788e+00
5.164999999999999591e-01 2.961438723584932653e+00
5.174999999999999600e-01 2.924481540461430384e+00
5.184999999999999609e-01 2.890164156132463802e+00
5.194999999999999618e-01 2.841547861666428254e+00
5.204999999999999627e-01 2.824609152734822715e+00
5.214999999999999636e-01 2.795302497599188474e+00
5.224999999999999645e-01 2.758369757057117067e+00
5.234999999999999654e-01 2.722365834609419277e+00
5.244999999999999662e-01 2.690346052934956322e+00
5.254999999999999671e-01 2.654562113720136729e+00
5.264999999999999680e-01 2.633272625293833435e+00
5.274999999999999689e-01 2.611836481378944974e+00
5.284999999999999698e-01 2.562975761098599925e+00
5.294999999999999707e-01 2.526874068325178690e+00
5.304999999999999716e-01 2.514555007284011268e+00
5.314999999999999725e-01 2.482657438516702619e+00
5.324999999999999734e-01 2.450857640075117860e+00
5.334999999999999742e-01 2.414658176975973181e+00
5.344999999999999751e-01 2.403316819192041098e+00
5.354999999999999760e-01 2.371125939447561670e+00
5.364999999999999769e-01 2.324807247636029750e+00
5.374999999999999778e-01 2.310117256196066116e+00
5.384999999999999787e-01 2.266218379946191686e+00
5.394999999999999796e-01 2.233685304061679755e+00
5.404999999999999805e-01 2.216942135781521550e+00
5.414999999999999813e-01 2.183651339872652475e+00
5.424999999999999822e-01 2.162948473400690741e+00
5.434999999999999831e-01 2.136061633826713990e+00
5.444999999999999840e-01 2.098957795214626554e+00
5.454999999999999849e-01 2.080748072048614894e+00
5.464999999999999858e-01 2.040784451409113576e+00
5.474999999999999867e-01 2.023014694708858308e+00
5.484999999999999876e-01 2.004878299287139232e+00
5.494999999999999885e-01 1.977013756455927362e+00
5.504999999999999893e-01 1.960417243664354547e+00
5.514999999999999902e-01 1.925073270915290680e+00
5.524999999999999911e-01 1.913218618921310288e+00
5.534999999999999920e-01 1.877825761009384697e+00
5.544999999999999929e-01 1.860251544960576320e+00
5.554999999999999938e-01 1.826423012260227630e+00
5.564999999999999947e-01 1.812612953751776113e+00
5.574999999999999956e-01 1.782181939870320697e+00
5.584999999999999964e-01 1.761772384375529521e+00
5.594999999999999973e-01 1.733834513800024846e+00
5.604999999999999982e-01 1.719682259151540826e+00
5.614999999999999991e-01 1.688615738152882351e+00
5.625000000000000000e-01 1.668890574938155957e+00
5.635000000000000009e-01 1.644667976740146198e+00
5.645000000000000018e-01 1.623916225105322519e+00
5.655000000000000027e-01 1.611719376971309403e+00
5.665000000000000036e-01 1.566989452952784800e+00
5.675000000000000044e-01 1.557774599753340095e+00
5.685000000000000053e-01 1.552886083467162504e+00
5.695000000000000062e-01 1.523872739308698820e+00
5.705000000000000071e-01 1.503438741232476561e+00
5.715000000000000080e-01 1.479802764988808139e+00
5.725000000000000089e-01 1.454382480300684843e+00
5.735000000000000098e-01 1.443603301889663237e+00
5.745000000000000107e-01 1.413612254473963992e+00
5.755000000000000115e-01 1.417547510084336881e+00
5.765000000000000124e-01 1.376215104884705553e+00
5.775000000000000133e-01 1.373844174485909564e+00
5.785000000000000142e-01 1.344244208373104321e+00
5.795000000000000151e-01 1.340700034065625657e+00
5.805000000000000160e-01 1.312639950582966453e+00
5.815000000000000169e-01 1.302276296056270155e+00
5.825000000000000178e-01 1.279006958534064875e+00
5.835000000000000187e-01 1.256788652013387964e+00
5.845000000000000195e-01 1.244982885182269072e+00
5.855000000000000204e-01 1.227824193017786003e+00
5.865000000000000213e-01 1.220418090844227033e+00
5.875000000000000222e-01 1.202868317376849516e+00
5.885000000000000231e-01 1.177741343665896778e+00
5.895000000000000240e-01 1.165226741973282243e+00
5.905000000000000249e-01 1.144841629059921928e+00
5.915000000000000258e-01 1.123747681285065747e+00
5.925000000000000266e-01 1.107688905284972547e+00
5.935000000000000275e-01 1.112919617711182418e+00
5.945000000000000284e-01 1.082195292852556445e+00
5.955000000000000293e-01 1.082439718666865502e+00
5.965000000000000302e-01 1.052228688018288061e+00
5.975000000000000311e-01 1.041645050258713789e+00
5.985000000000000320e-01 1.023679752907011187e+00
5.995000000000000329e-01 1.018717908876541012e+00
6.005000000000000338e-01 1.000801496687700132e+00
6.015000000000000346e-01 9.834228212903389776e-01
6.025000000000000355e-01 9.761633746053652860e-01
6.035000000000000364e-01 9.586624863008497144e-01
6.045000000000000373e-01 9.373974404559772822e-01
6.055000000000000382e-01 9.428481361150652384e-01
6.065000000000000391e-01 9.259338697648908934e-01
6.075000000000000400e-01 8.983870804922804432e-01
6.085000000000000409e-01 8.960405926749152039e-01
6.095000000000000417e-01 8.829393690279593310e-01
6.105000000000000426e-01 8.692515234266621205e-01
6.115000000000000435e-01 8.668805930278660199e-01
6.125000000000000444e-01 8.451511381358067787e-01
6.135000000000000453e-01 8.357651868663459327e-01
6.145000000000000462e-01 8.254748600839421080e-01
6.155000000000000471e-01 8.112492776911655046e-01
6.165000000000000480e-01 8.028654722603709715e-01
6.175000000000000488e-01 7.919396383607640866e-01
6.185000000000000497e-01 7.774696301536785370e-01
6.195000000000000506e-01 7.616797225493250334e-01
6.205000000000000515e-01 7.503383647653930622e-01
6.215000000000000524e-01 7.414412651245499974e-01
6.225000000000000533e-01 7.342307036024380285e-01
6.235000000000000542e-01 7.275578788718056744e-01
6.245000000000000551e-01 7.142122294105409663e-01
6.254999999999999449e-01 7.115724306160050583e-01
6.264999999999999458e-01 6.912606454469373274e-01
6.274999999999999467e-01 6.828523974347119330e-01
6.284999999999999476e-01 6.747130178182263460e-01
6.294999999999999485e-01 6.611962702869453867e-01
6.304999999999999494e-01 6.574809979094504708e-01
6.314999999999999503e-01 6.502704363873385018e-01
6.324999999999999512e-01 6.276121634009055317e-01
6.334999999999999520e-01 6.282721130995395642e-01
6.344999999999999529e-01 6.184461953643226595e-01
6.354999999999999538e-01 6.097690789563574576e-01
6.364999999999999547e-01 6.045872516930093088e-01
6.374999999999999556e-01 5.951768578421174904e-01
6.384999999999999565e-01 5.839577129653399368e-01
6.394999999999999574e-01 5.776515269561709465e-01
6.404999999999999583e-01 5.680455924538320156e-01
6.414999999999999591e-01 5.590018373244035610e-01
6.424999999999999600e-01 5.553354501097703677e-01
6.434999999999999609e-01 5.434319129529280312e-01
6.444999999999999618e-01 5.438963220001149512e-01
6.454999999999999627e-01 5.269576130685096338e-01
6.464999999999999636e-01 5.185004798934225168e-01
6.474999999999999645e-01 5.160806643317645825e-01
6.484999999999999654e-01 5.093589544382705059e-01
6.494999999999999662e-01 4.988975295858504855e-01
6.504999999999999671e-01 4.955000107669570997e-01
6.514999999999999680e-01 4.831076219814969819e-01
6.524999999999999689e-01 4.794901199297256222e-01
6.534999999999999698e-01 4.793923496040020660e-01
6.544999999999999707e-01 4.684665157043952366e-01
6.554999999999999716e-01 4.576873372933736861e-01
6.564999999999999725e-01 4.505012183526926894e-01
6.574999999999999734e-01 4.500612518869367418e-01
6.584999999999999742e-01 4.365933895185175606e-01
6.594999999999999751e-01 4.362267507970542524e-01
6.604999999999999760e-01 4.329025597224535060e-01
6.614999999999999769e-01 4.223433645443099849e-01
6.624999999999999778e-01 4.125663319719548583e-01
6.634999999999999787e-01 4.053557704498429448e-01
6.644999999999999796e-01 4.073600621271757372e-01
6.654999999999999805e-01 3.969475224376175504e-01
6.664999999999999813e-01 3.902991402884161132e-01
6.674999999999999822e-01 3.906413364284485046e-01
6.684999999999999831e-01 3.786400289458826118e-01
6.694999999999999840e-01 3.725782687510224567e-01
6.704999999999999849e-01 3.692296350949908490e-01
6.714999999999999858e-01 3.705495344922587475e-01
6.724999999999999867e-01 3.612124683856596241e-01
6.734999999999999876e-01 3.557617727265716678e-01
6.744999999999999885e-01 3.472801969700535785e-01
6.754999999999999893e-01 3.376253773048529250e-01
6.764999999999999902e-01 3.332990403915858102e-01
6.774999999999999911e-01 3.306592415970499022e-01
6.784999999999999920e-01 3.284838518497009141e-01
6.794999999999999929e-01 3.228865007020275679e-01
6.804999999999999938e-01 3.183157379744515625e-01
6.814999999999999947e-01 3.184135083001751187e-01
6.824999999999999956e-01 3.157248243427774881e-01
6.834999999999999964e-01 3.107874228937381189e-01
6.844999999999999973e-01 3.025747155329598370e-01
6.854999999999999982e-01 2.974906585953351890e-01
6.864999999999999991e-01 2.948753023822301977e-01
6.875000000000000000e-01 2.855137936942001575e-01
6.885000000000000009e-01 2.842427794597939816e-01
6.895000000000000018e-01 2.771788734262674581e-01
6.905000000000000027e-01 2.775210695662998495e-01
6.915000000000000036e-01 2.721925868143663108e-01
6.925000000000000044e-01 2.650309104551162309e-01
6.935000000000000053e-01 2.611200974261741470e-01
6.945000000000000062e-01 2.627088652191818530e-01
6.955000000000000071e-01 2.565004495357363634e-01
6.965000000000000080e-01 2.524429810182090006e-01
6.975000000000000089e-01 2.451346491703735586e-01
6.985000000000000098e-01 2.487521512221449460e-01
6.995000000000000107e-01 2.454524027289750887e-01
7.005000000000000115e-01 2.379974153925543401e-01
7.015000000000000124e-01 2.337199636421489757e-01
7.025000000000000133e-01 2.274871053772725693e-01
7.035000000000000142e-01 2.277070886101505709e-01
7.045000000000000151e-01 2.273404498886872627e-01
7.055000000000000160e-01 2.191766276907707311e-01
7.065000000000000169e-01 2.135792765430974405e-01
7.075000000000000178e-01 2.120638364943824017e-01
7.085000000000000187e-01 2.108417074228380039e-01
7.095000000000000195e-01 2.072730905339283947e-01
7.105000000000000204e-01 2.045110788322380690e-01
7.115000000000000213e-01 2.041444401107747608e-01
7.125000000000000222e-01 1.989870554288574178e-01
7.135000000000000231e-01 1.965916824486304282e-01
7.145000000000000240e-01 1.934874746069076834e-01
7.155000000000000249e-01 1.903343816023231605e-01
7.165000000000000258e-01 1.871812885977386376e-01
7.175000000000000266e-01 1.831482626616421361e-01
7.185000000000000275e-01 1.818283632643742098e-01
7.195000000000000284e-01 1.804595787042444777e-01
7.205000000000000293e-01 1.780886483054483771e-01
7.215000000000000302e-01 1.746178017422622963e-01
7.225000000000000311e-01 1.739089668807665690e-01
7.235000000000000320e-01 1.662828814743295691e-01
7.245000000000000329e-01 1.672116995687033258e-01
7.255000000000000338e-01 1.681894028259388330e-01
7.265000000000000346e-01 1.634230994469157150e-01
7.275000000000000355e-01 1.590723199522176834e-01
7.285000000000000364e-01 1.572635689263319758e-01
7.295000000000000373e-01 1.540615907588856748e-01
7.305000000000000382e-01 1.479509454011637415e-01
7.315000000000000391e-01 1.509329403357320409e-01
7.325000000000000400e-01 1.481220434711799649e-01
7.335000000000000409e-01 1.465577182596031480e-01
7.345000000000000417e-01 1.458733259795382819e-01
7.355000000000000426e-01 1.365362598729391586e-01
7.365000000000000435e-01 1.406426135533282995e-01
7.375000000000000444e-01 1.362185063143376007e-01
7.385000000000000453e-01 1.351430327313785373e-01
7.395000000000000462e-01 1.317210713310542625e-01
7.405000000000000471e-01 1.325521190997044352e-01
7.415000000000000480e-01 1.249260336932674492e-01
7.425000000000000488e-01 1.280302415349902079e-01
7.435000000000000497e-01 1.226039884573331129e-01
7.445000000000000506e-01 1.196219935227647996e-01
7.455000000000000515e-01 1.190353715684234898e-01
7.465000000000000524e-01 1.190353715684234898e-01
7.475000000000000533e-01 1.182532089626350813e-01
7.485000000000000542e-01 1.164933430996111657e-01
7.495000000000000551e-01 1.113359584176938505e-01
7.504999999999999449e-01 1.140246423750914950e-01
7.514999999999999458e-01 1.113604009991247257e-01
7.524999999999999467e-01 1.119225803720351464e-01
7.534999999999999476e-01 1.066674253643942749e-01
7.544999999999999485e-01 1.066429827829633858e-01
7.554999999999999494e-01 1.052986408042645566e-01
7.564999999999999503e-01 1.023166458696962572e-01
7.574999999999999512e-01 1.021944329625418119e-01
7.584999999999999520e-01 1.000190432151927961e-01
7.594999999999999529e-01 9.865025865506309166e-02
7.604999999999999538e-01 9.777032572355112694e-02
7.614999999999999547e-01 9.222185973873960052e-02
7.624999999999999556e-01 9.214853199444693332e-02
7.634999999999999565e-01 9.319956299597510763e-02
7.644999999999999574e-01 9.009535515425236285e-02
7.654999999999999583e-01 8.826216154693578009e-02
7.664999999999999591e-01 8.831104670979755822e-02
7.674999999999999600e-01 8.818883380264311289e-02
7.684999999999999609e-01 8.471798723945704601e-02
7.694999999999999618e-01 8.510906854235125718e-02
7.704999999999999627e-01 8.383805430794509517e-02
7.714999999999999636e-01 8.127158325770186820e-02
7.724999999999999645e-01 8.210263102635205479e-02
7.734999999999999654e-01 8.119825551340921488e-02
7.744999999999999662e-01 7.662749278583319557e-02
7.754999999999999671e-01 7.626085406436987346e-02
7.764999999999999680e-01 7.682303343728029421e-02
7.774999999999999689e-01 7.442766045705329070e-02
7.784999999999999698e-01 7.318108880407801775e-02
7.794999999999999707e-01 7.090792873100545957e-02
7.804999999999999716e-01 7.281445008261469565e-02
7.814999999999999725e-01 7.198340231396452293e-02
7.824999999999999734e-01 6.961247191516839461e-02
7.834999999999999742e-01 6.843922800648578886e-02
7.844999999999999751e-01 6.836590026219312166e-02
7.854999999999999760e-01 6.775483572642093666e-02
7.864999999999999769e-01 6.462618530326728894e-02
7.874999999999999778e-01 6.159530520583721136e-02
7.884999999999999787e-01 6.237746781162561982e-02
7.894999999999999796e-01 6.325740074313758454e-02
7.904999999999999805e-01 6.113089615865033993e-02
7.914999999999999813e-01 5.924881738847197904e-02
7.924999999999999822e-01 6.051983162287814799e-02
7.934999999999999831e-01 5.800224573549670609e-02
7.944999999999999840e-01 5.836888445696002126e-02
7.954999999999999849e-01 5.607128180245656707e-02
7.964999999999999858e-01 5.484915273091218318e-02
7.974999999999999867e-01 5.396921979940021846e-02
7.984999999999999876e-01 5.465361207946507760e-02
7.994999999999999885e-01 5.396921979940021846e-02
8.004999999999999893e-01 5.150051907488055469e-02
8.014999999999999902e-01 5.333371268219713746e-02
8.024999999999999911e-01 5.223379651780719196e-02
8.034999999999999920e-01 5.022950484047439268e-02
8.044999999999999929e-01 4.988730870044195964e-02
8.054999999999999938e-01 4.991175128187284871e-02
8.064999999999999947e-01 4.783413186024738917e-02
8.074999999999999956e-01 4.722306732447519029e-02
8.084999999999999964e-01 4.783413186024738917e-02
8.094999999999999973e-01 4.556097178717482404e-02
8.104999999999999982e-01 4.663644537013388741e-02
8.114999999999999991e-01 4.636757697439412157e-02
8.125000000000000000e-01 4.248120652688296139e-02
8.135000000000000009e-01 4.406997431989066738e-02
8.145000000000000018e-01 4.353223752841113570e-02
8.155000000000000027e-01 4.282340266691539443e-02
8.165000000000000036e-01 4.013471870951773601e-02
8.175000000000000044e-01 3.869260640509535748e-02
8.185000000000000053e-01 4.028137419810306347e-02
8.195000000000000062e-01 3.996362063950151949e-02
8.205000000000000071e-01 3.903480254512778358e-02
8.215000000000000080e-01 3.793488638073783809e-02
8.225000000000000089e-01 3.803265670646138741e-02
8.235000000000000098e-01 3.835041026506293138e-02
8.245000000000000107e-01 3.575949663338882228e-02
8.255000000000000115e-01 3.473290821329153705e-02
8.265000000000000124e-01 3.297304235026761454e-02
8.275000000000000133e-01 3.385297528177957926e-02
8.285000000000000142e-01 3.500177660903130289e-02
8.295000000000000151e-01 3.519731726047840847e-02
8.305000000000000160e-01 3.309525525742205293e-02
8.315000000000000169e-01 3.175091327872323066e-02
8.325000000000000178e-01 3.255751846594252819e-02
8.335000000000000187e-01 3.219087974447920608e-02
8.345000000000000195e-01 3.018658806714641027e-02
8.355000000000000204e-01 3.072432485862594195e-02
8.365000000000000213e-01 2.979550676425220604e-02
8.375000000000000222e-01 3.035768613716262332e-02
8.385000000000000231e-01 2.908667190275646131e-02
8.395000000000000240e-01 2.925776997277267436e-02
8.405000000000000249e-01 2.879336092558580640e-02
8.415000000000000258e-01 2.823118155267538912e-02
8.425000000000000266e-01 2.810896864552094726e-02
8.435000000000000275e-01 2.774232992405763210e-02
8.445000000000000284e-01 2.696016731826922364e-02
8.455000000000000293e-01 2.632466020106613916e-02
8.465000000000000302e-01 2.573803824672483281e-02
8.475000000000000311e-01 2.471144982662754758e-02
8.485000000000000320e-01 2.388040205797736099e-02
8.495000000000000329e-01 2.608023438675726238e-02
8.505000000000000338e-01 2.449146659374955640e-02
8.515000000000000346e-01 2.480922015235109690e-02
8.525000000000000355e-01 2.390484463940825005e-02
8.535000000000000364e-01 2.346487817365227116e-02
8.545000000000000373e-01 2.260938782357119897e-02
8.555000000000000382e-01 2.163168456633568493e-02
8.565000000000000391e-01 2.236496200926231873e-02
8.575000000000000400e-01 2.221830652067699474e-02
8.585000000000000409e-01 2.087396454197816553e-02
8.595000000000000417e-01 2.265827298643297363e-02
8.605000000000000426e-01 2.158279940347391027e-02
8.615000000000000435e-01 2.114283293771793137e-02
8.625000000000000444e-01 2.072730905339283808e-02
8.635000000000000453e-01 2.170501231062834865e-02
8.645000000000000462e-01 1.987181870331176589e-02
8.655000000000000471e-01 1.869857479462915320e-02
8.665000000000000480e-01 1.987181870331176589e-02
8.675000000000000488e-01 1.886967286464536625e-02
8.685000000000000497e-01 1.984737612188087683e-02
8.695000000000000506e-01 1.742756056022298772e-02
8.705000000000000515e-01 1.691426635017434510e-02
8.715000000000000524e-01 1.818528058458051058e-02
8.725000000000000533e-01 1.801418251456429406e-02
8.735000000000000542e-01 1.671872569872724298e-02
8.745000000000000551e-01 1.747644572308476238e-02
8.754999999999999449e-01 1.564325211576817962e-02
8.764999999999999458e-01 1.737867539736121306e-02
8.774999999999999467e-01 1.532549855716663911e-02
8.784999999999999476e-01 1.569213727862995428e-02
8.794999999999999485e-01 1.429891013706935214e-02
8.804999999999999494e-01 1.544771146432107750e-02
8.814999999999999503e-01 1.451889336994734159e-02
8.824999999999999512e-01 1.571657986006084334e-02
8.834999999999999520e-01 1.483664692854888383e-02
8.844999999999999529e-01 1.344341978698827995e-02
8.854999999999999538e-01 1.393227141560603524e-02
8.864999999999999547e-01 1.388338625274426058e-02
8.874999999999999556e-01 1.351674753128094368e-02
8.884999999999999565e-01 1.351674753128094368e-02
8.894999999999999574e-01 1.307678106552496305e-02
8.904999999999999583e-01 1.251460169261454404e-02
8.914999999999999591e-01 1.302789590266318666e-02
8.924999999999999600e-01 1.258792943690720777e-02
8.934999999999999609e-01 1.354119011271183101e-02
8.944999999999999618e-01 1.312566622838673772e-02
8.954999999999999627e-01 1.241683136689099298e-02
8.964999999999999636e-01 1.229461845973655459e-02
8.974999999999999645e-01 1.151245585394814440e-02
8.984999999999999654e-01 1.185465199398057397e-02
8.994999999999999662e-01 1.117025971391571657e-02
9.004999999999999671e-01 1.158578359824080813e-02
9.014999999999999680e-01 1.114581713248482750e-02
9.024999999999999689e-01 1.185465199398057397e-02
9.034999999999999698e-01 1.102360422533038911e-02
9.044999999999999707e-01 1.065696550386707221e-02
9.054999999999999716e-01 1.097471906246861445e-02
9.064999999999999725e-01 1.026588420097286798e-02
9.074999999999999734e-01 1.009478613095665320e-02
9.084999999999999742e-01 9.483721595184459521e-03
9.094999999999999751e-01 9.801475153786000025e-03
9.104999999999999760e-01 8.897099640843153176e-03
9.114999999999999769e-01 8.432690593656285219e-03
9.124999999999999778e-01 8.994869966566704234e-03
9.134999999999999787e-01 9.410393850891795794e-03
9.144999999999999796e-01 9.434836432322683125e-03
9.154999999999999805e-01 8.848214477981376780e-03
9.164999999999999813e-01 8.823771896550489449e-03
9.174999999999999822e-01 8.603788663672498269e-03
9.184999999999999831e-01 8.212707360778294038e-03
9.194999999999999840e-01 8.017166709331191923e-03
9.204999999999999849e-01 9.043755129428478895e-03
9.214999999999999858e-01 8.579346082241610938e-03
9.224999999999999867e-01 7.894953802176753535e-03
9.234999999999999876e-01 7.919396383607640866e-03
9.244999999999999885e-01 7.699413150729651420e-03
9.254999999999999893e-01 7.528315080713436636e-03
9.264999999999999902e-01 7.332774429266334520e-03
9.274999999999999911e-01 7.797183476453202478e-03
9.284999999999999920e-01 7.235004103542783463e-03
9.294999999999999929e-01 7.699413150729651420e-03
9.304999999999999938e-01 7.577200243575212164e-03
9.314999999999999947e-01 7.015020870664793150e-03
9.324999999999999956e-01 6.599496986339700721e-03
9.334999999999999964e-01 6.795037637786802837e-03
9.344999999999999973e-01 6.403956334892598606e-03
9.354999999999999982e-01 6.843922800648578365e-03
9.364999999999999991e-01 7.308331847835446322e-03
9.375000000000000000e-01 5.841776961982179592e-03
9.385000000000000009e-01 6.232858264876383822e-03
9.395000000000000018e-01 6.917250544941242092e-03
9.405000000000000027e-01 5.524023403380638221e-03
9.415000000000000036e-01 7.161676359250119736e-03
9.425000000000000044e-01 6.135087939152832764e-03
9.435000000000000053e-01 5.426253077657087164e-03
9.445000000000000062e-01 5.963989869136618847e-03
9.455000000000000071e-01 5.695121473396853005e-03
9.465000000000000080e-01 5.670678891965965675e-03
9.475000000000000089e-01 5.597351147673301948e-03
9.485000000000000098e-01 5.572908566242413750e-03
9.495000000000000107e-01 4.570762727576014976e-03
9.505000000000000115e-01 5.670678891965965675e-03
9.515000000000000124e-01 4.888516286177556347e-03
9.525000000000000133e-01 5.230712426209985048e-03
9.535000000000000142e-01 4.839631123315780818e-03
9.545000000000000151e-01 5.157384681917322189e-03
9.555000000000000160e-01 4.644090471868678703e-03
9.565000000000000169e-01 4.961844030470219206e-03
9.575000000000000178e-01 4.741860797592229761e-03
9.585000000000000187e-01 4.570762727576014976e-03
9.595000000000000195e-01 5.255155007640873246e-03
9.605000000000000204e-01 4.692975634730454232e-03
9.615000000000000213e-01 5.035171774762882933e-03
9.625000000000000222e-01 4.057468517527371490e-03
9.635000000000000231e-01 4.570762727576014976e-03
9.645000000000000240e-01 3.861927866080269375e-03
9.655000000000000249e-01 4.741860797592229761e-03
9.665000000000000258e-01 4.375222076128912861e-03
9.675000000000000266e-01 4.033025936096484160e-03
9.685000000000000275e-01 4.277451750405361804e-03
9.695000000000000284e-01 4.057468517527371490e-03
9.705000000000000293e-01 3.886370447511157140e-03
9.715000000000000302e-01 3.373076237462513654e-03
9.725000000000000311e-01 4.619647890437790505e-03
9.735000000000000320e-01 3.715272377494942789e-03
9.745000000000000329e-01 2.933109771706533895e-03
9.755000000000000338e-01 4.033025936096484160e-03
9.765000000000000346e-01 3.837485284649381611e-03
9.775000000000000355e-01 3.470846563186065145e-03
9.785000000000000364e-01 3.641944633202279496e-03
9.795000000000000373e-01 3.593059470340503967e-03
9.805000000000000382e-01 3.226420748877187068e-03
9.815000000000000391e-01 3.690829796064055025e-03
9.825000000000000400e-01 3.030880097430084952e-03
9.835000000000000409e-01 3.764157540356718318e-03
9.845000000000000417e-01 2.786454283121206875e-03
9.855000000000000426e-01 2.908667190275646131e-03
9.865000000000000435e-01 2.395372980227002645e-03
9.875000000000000444e-01 2.933109771706533895e-03
9.885000000000000453e-01 3.373076237462513654e-03
9.895000000000000462e-01 3.153093004584523774e-03
9.905000000000000471e-01 2.762011701690319111e-03
9.915000000000000480e-01 2.835339445982982837e-03
9.925000000000000488e-01 2.322045235934339352e-03
9.935000000000000497e-01 2.542028468812329231e-03
9.945000000000000506e-01 2.786454283121206875e-03
9.955000000000000515e-01 2.542028468812329231e-03
9.965000000000000524e-01 2.077619421625461274e-03
9.975000000000000533e-01 2.639798794535880289e-03
9.985000000000000542e-01 2.419815561657890409e-03
9.995000000000000551e-01 2.395372980227002645e-03
1.000499999999999945e+00 2.419815561657890409e-03
