5.000000000000000104e-04 2.648241009287759587e-02
1.500000000000000031e-03 2.555860508963767735e-02
2.500000000000000052e-03 2.410691151311781036e-02
3.500000000000000073e-03 2.577855866183765762e-02
4.499999999999999660e-03 2.608649366291762930e-02
5.499999999999999681e-03 2.890189938707737535e-02
6.499999999999999702e-03 2.894589010151737279e-02
7.499999999999999722e-03 2.938579724591732986e-02
8.500000000000000611e-03 2.978171367587729643e-02
9.499999999999999764e-03 2.964974153255730757e-02
1.050000000000000065e-02 3.048556510691723120e-02
1.149999999999999981e-02 3.004565796251727067e-02
1.250000000000000069e-02 3.088148153687719430e-02
1.349999999999999985e-02 3.083749082243720033e-02
1.450000000000000074e-02 3.211322154119708450e-02
1.549999999999999989e-02 3.365289654659694291e-02
1.650000000000000078e-02 3.215721225563707847e-02
1.750000000000000167e-02 3.338895225995696520e-02
1.849999999999999908e-02 3.492862726535683054e-02
1.949999999999999997e-02 3.418078511987689833e-02
2.050000000000000086e-02 3.545651583863677903e-02
2.149999999999999828e-02 3.462069226427685886e-02
2.249999999999999917e-02 3.567646941083676276e-02
2.350000000000000006e-02 3.862384727831649073e-02
2.450000000000000094e-02 3.827192156279652507e-02
2.549999999999999836e-02 3.796398656171655339e-02
2.649999999999999925e-02 4.016352228371634914e-02
2.750000000000000014e-02 3.893178227939646241e-02
2.850000000000000103e-02 4.284695586455610633e-02
2.949999999999999845e-02 3.919572656603644012e-02
3.049999999999999933e-02 4.060342942811630967e-02
3.150000000000000022e-02 4.086737371475628738e-02
3.250000000000000111e-02 4.293493729343610121e-02
3.350000000000000200e-02 4.517846372987589787e-02
3.450000000000000289e-02 4.311090015119608404e-02
3.549999999999999684e-02 4.390273301111601023e-02
3.649999999999999772e-02 4.478254729991593130e-02
3.749999999999999861e-02 4.588231516091583612e-02
3.849999999999999950e-02 4.729001802299570567e-02
3.950000000000000039e-02 4.926960017279552462e-02
4.050000000000000128e-02 5.089725660707537791e-02
4.150000000000000216e-02 4.812584159735563277e-02
4.250000000000000305e-02 5.155711732367531525e-02
4.349999999999999700e-02 5.036936803379542249e-02
4.449999999999999789e-02 5.402059733231509564e-02
4.549999999999999878e-02 5.274486661355520800e-02
4.649999999999999967e-02 5.340472733015515228e-02
4.750000000000000056e-02 5.797976163191473353e-02
4.850000000000000144e-02 5.613215162543490344e-02
4.950000000000000233e-02 5.815572448967471636e-02
5.050000000000000322e-02 5.595618876767492061e-02
5.149999999999999717e-02 5.837567806187470010e-02
5.249999999999999806e-02 5.723191948643480131e-02
5.349999999999999895e-02 6.303869379251426930e-02
5.449999999999999983e-02 6.145502807267441692e-02
5.550000000000000072e-02 6.193892593151437143e-02
5.650000000000000161e-02 6.457836879791413465e-02
5.750000000000000250e-02 6.308268450695427021e-02
5.850000000000000339e-02 6.334662879359424792e-02
5.949999999999999734e-02 6.774570023759385329e-02
6.049999999999999822e-02 6.567813665891403252e-02
6.149999999999999911e-02 6.739377452207387376e-02
6.250000000000000000e-02 7.267266025487340020e-02
6.350000000000000089e-02 7.293660454151337791e-02
6.450000000000000178e-02 7.715971312775299351e-02
6.550000000000000266e-02 7.592797312343310678e-02
6.650000000000000355e-02 7.799553670211291367e-02
6.750000000000000444e-02 7.649985241115304924e-02
6.850000000000000533e-02 7.632388955339307335e-02
6.950000000000000622e-02 8.221864528835252928e-02
7.049999999999999323e-02 8.138282171399260911e-02
7.149999999999999412e-02 8.279052457607248561e-02
7.249999999999999500e-02 8.213066385947254133e-02
7.349999999999999589e-02 8.424221815259234913e-02
7.449999999999999678e-02 8.608982815907217923e-02
7.549999999999999767e-02 8.776147530779203343e-02
7.649999999999999856e-02 8.661771673235213465e-02
7.749999999999999944e-02 9.383219390051147912e-02
7.850000000000000033e-02 8.824537316663198794e-02
7.950000000000000122e-02 9.493196176151137700e-02
8.050000000000000211e-02 9.796732105787110678e-02
8.150000000000000300e-02 9.581177605031129807e-02
8.250000000000000389e-02 9.853920034559104923e-02
8.350000000000000477e-02 9.946300534883097122e-02
8.450000000000000566e-02 1.039940489361505516e-01
8.550000000000000655e-02 1.032901975051106203e-01
8.649999999999999356e-02 1.061935846581503612e-01
8.749999999999999445e-02 1.112085261043098960e-01
8.849999999999999534e-02 1.087890368101101235e-01
8.949999999999999623e-02 1.108566003887899304e-01
9.049999999999999711e-02 1.160475046927094550e-01
9.149999999999999800e-02 1.168393375526293881e-01
9.249999999999999889e-02 1.156955789771894894e-01
9.349999999999999978e-02 1.163114489793494327e-01
9.450000000000000067e-02 1.213703811399489824e-01
9.550000000000000155e-02 1.198307061345491170e-01
9.650000000000000244e-02 1.256814711550685859e-01
9.750000000000000333e-02 1.245817032940686880e-01
9.850000000000000422e-02 1.286288490225483139e-01
9.950000000000000511e-02 1.324560411788279768e-01
1.005000000000000060e-01 1.328959483232279304e-01
1.015000000000000069e-01 1.392306112025873677e-01
1.024999999999999939e-01 1.408582676368672071e-01
1.034999999999999948e-01 1.395385462036673185e-01
1.044999999999999957e-01 1.403743697780272526e-01
1.054999999999999966e-01 1.441135805054269137e-01
1.064999999999999974e-01 1.481167355194665525e-01
1.074999999999999983e-01 1.525158069634661440e-01
1.084999999999999992e-01 1.560350641186658283e-01
1.095000000000000001e-01 1.601701912760254420e-01
1.105000000000000010e-01 1.543194262555059870e-01
1.115000000000000019e-01 1.646132534344650622e-01
1.125000000000000028e-01 1.606540891348653965e-01
1.135000000000000037e-01 1.638654112889851300e-01
1.145000000000000046e-01 1.671647148719848097e-01
1.155000000000000054e-01 1.715197956015444281e-01
1.165000000000000063e-01 1.679125570174647419e-01
1.174999999999999933e-01 1.760948299033039954e-01
1.184999999999999942e-01 1.799220220595836583e-01
1.194999999999999951e-01 1.865646199400230465e-01
1.204999999999999960e-01 1.859927406523031179e-01
1.214999999999999969e-01 1.857287963656631402e-01
1.224999999999999978e-01 1.913156170995426175e-01
1.234999999999999987e-01 1.998938064153418515e-01
1.244999999999999996e-01 1.983101406955019852e-01
1.255000000000000004e-01 1.998058249864618496e-01
1.265000000000000013e-01 2.078561257289811282e-01
1.275000000000000022e-01 2.056125992925413315e-01
1.285000000000000031e-01 2.142787700372205395e-01
1.295000000000000040e-01 2.090878657333010149e-01
1.305000000000000049e-01 2.210973307754199313e-01
1.315000000000000058e-01 2.254524115049795219e-01
1.325000000000000067e-01 2.221091172075398412e-01
1.335000000000000075e-01 2.301594179500590920e-01
1.345000000000000084e-01 2.355702758261785934e-01
1.355000000000000093e-01 2.410251244167381235e-01
1.365000000000000102e-01 2.401893008423781894e-01
1.375000000000000111e-01 2.412010872744980994e-01
1.385000000000000120e-01 2.423008551354979834e-01
1.395000000000000129e-01 2.550581623230968598e-01
1.405000000000000138e-01 2.503071651635772610e-01
1.414999999999999869e-01 2.705428938059754040e-01
1.424999999999999878e-01 2.635483702100160919e-01
1.434999999999999887e-01 2.706748659492954068e-01
1.444999999999999896e-01 2.756898073954549555e-01
1.454999999999999905e-01 2.760417331109749073e-01
1.464999999999999913e-01 2.839600617101742386e-01
1.474999999999999922e-01 2.897668360162536927e-01
1.484999999999999931e-01 2.990488767630928302e-01
1.494999999999999940e-01 2.945178331757732360e-01
1.504999999999999949e-01 3.036239110648524253e-01
1.514999999999999958e-01 3.075390846500120623e-01
1.524999999999999967e-01 3.078470196510920687e-01
1.534999999999999976e-01 3.142696639593314800e-01
1.544999999999999984e-01 3.294024697266900725e-01
1.554999999999999993e-01 3.333616340262897104e-01
1.565000000000000002e-01 3.319099404497698469e-01
1.575000000000000011e-01 3.379806590424893065e-01
1.585000000000000020e-01 3.546531398152477643e-01
1.595000000000000029e-01 3.494182447968882665e-01
1.605000000000000038e-01 3.620435798411671402e-01
1.615000000000000047e-01 3.647270134220068627e-01
1.625000000000000056e-01 3.638911898476469564e-01
1.635000000000000064e-01 3.797278470460455080e-01
1.645000000000000073e-01 3.856665934954449648e-01
1.655000000000000082e-01 3.883060363618447419e-01
1.665000000000000091e-01 3.948166620989641551e-01
1.675000000000000100e-01 3.966642721054439713e-01
1.685000000000000109e-01 4.027349906981634309e-01
1.695000000000000118e-01 4.114451521572826120e-01
1.705000000000000127e-01 4.224428307672816185e-01
1.715000000000000135e-01 4.285575400744410790e-01
1.724999999999999867e-01 4.350241750971204913e-01
1.734999999999999876e-01 4.446581415594796360e-01
1.744999999999999885e-01 4.535882565907988218e-01
1.754999999999999893e-01 4.483533615724392685e-01
1.764999999999999902e-01 4.671373966383176035e-01
1.774999999999999911e-01 4.688970252159174179e-01
1.784999999999999920e-01 4.781350752483165545e-01
1.794999999999999929e-01 4.882969302839556547e-01
1.804999999999999938e-01 4.903205031481954745e-01
1.814999999999999947e-01 4.973150267441548422e-01
1.824999999999999956e-01 5.110841203638736285e-01
1.834999999999999964e-01 5.146033775190732573e-01
1.844999999999999973e-01 5.171988296710330335e-01
1.854999999999999982e-01 5.353669947347513558e-01
1.864999999999999991e-01 5.395461126065510538e-01
1.875000000000000000e-01 5.520834662219498146e-01
1.885000000000000009e-01 5.627732098308688702e-01
1.895000000000000018e-01 5.583741383868693342e-01
1.905000000000000027e-01 5.651047176961886409e-01
1.915000000000000036e-01 5.824810498999870578e-01
1.925000000000000044e-01 5.865721863429067540e-01
1.935000000000000053e-01 5.971739485229458078e-01
1.945000000000000062e-01 6.136264757235042611e-01
1.955000000000000071e-01 6.231724607569834040e-01
1.965000000000000080e-01 6.358417865157022231e-01
1.975000000000000089e-01 6.483351494166611495e-01
1.985000000000000098e-01 6.534380722917007001e-01
1.995000000000000107e-01 6.686588594879392389e-01
2.005000000000000115e-01 6.829558416809379251e-01
2.015000000000000124e-01 6.838356559697379433e-01
2.025000000000000133e-01 6.963730095851367041e-01
2.034999999999999865e-01 7.112858617802954031e-01
2.044999999999999873e-01 7.027076724644961692e-01
2.054999999999999882e-01 7.301578782750537400e-01
2.064999999999999891e-01 7.555845112213713799e-01
2.074999999999999900e-01 7.569482233690112416e-01
2.084999999999999909e-01 7.557164833646913271e-01
2.094999999999999918e-01 7.826827913164089434e-01
2.104999999999999927e-01 7.825068284586489398e-01
2.114999999999999936e-01 8.034024178176469855e-01
2.124999999999999944e-01 8.104849228424864105e-01
2.134999999999999953e-01 8.189311400149655862e-01
2.144999999999999962e-01 8.299288186249645927e-01
2.154999999999999971e-01 8.459414386811231479e-01
2.164999999999999980e-01 8.562792565745221962e-01
2.174999999999999989e-01 8.719399509151608552e-01
2.184999999999999998e-01 8.787145209389202183e-01
2.195000000000000007e-01 9.048010146018378164e-01
2.205000000000000016e-01 9.190540060803965572e-01
2.215000000000000024e-01 9.296557682604356110e-01
2.225000000000000033e-01 9.376180875740748322e-01
2.235000000000000042e-01 9.505073669049937113e-01
2.245000000000000051e-01 9.714029562639917570e-01
2.255000000000000060e-01 9.906708891887100465e-01
2.265000000000000069e-01 9.981053199290693678e-01
2.275000000000000078e-01 1.015261698560667725e+00
2.285000000000000087e-01 1.041216220080265487e+00
2.295000000000000095e-01 1.044823458664345006e+00
2.305000000000000104e-01 1.055117285843304220e+00
2.315000000000000113e-01 1.079796076644141900e+00
2.325000000000000122e-01 1.084195148088141547e+00
2.335000000000000131e-01 1.120091571071178294e+00
2.344999999999999862e-01 1.128317834671457520e+00
2.354999999999999871e-01 1.152424746184575355e+00
2.364999999999999880e-01 1.168525347669613801e+00
2.374999999999999889e-01 1.182206459860452696e+00
2.384999999999999898e-01 1.182382422718212700e+00
2.394999999999999907e-01 1.217399031412449428e+00
2.404999999999999916e-01 1.221490167855369124e+00
2.414999999999999925e-01 1.244409330078606990e+00
2.424999999999999933e-01 1.260817866564725387e+00
2.434999999999999942e-01 1.282549279498083505e+00
2.444999999999999951e-01 1.295614521686762277e+00
2.454999999999999960e-01 1.327199854654679489e+00
2.464999999999999969e-01 1.321876978207439990e+00
2.474999999999999978e-01 1.356277716899516816e+00
2.484999999999999987e-01 1.383991866996714393e+00
2.494999999999999996e-01 1.414301469245871523e+00
2.505000000000000004e-01 1.413377664242631671e+00
2.515000000000000013e-01 1.449274087225668417e+00
2.525000000000000022e-01 1.461195570838907276e+00
2.535000000000000031e-01 1.468673992293706654e+00
2.545000000000000040e-01 1.502106935268103571e+00
2.555000000000000049e-01 1.523134496770421675e+00
2.565000000000000058e-01 1.547109436140219563e+00
2.575000000000000067e-01 1.562902102624178058e+00
2.585000000000000075e-01 1.593651612017735308e+00
2.595000000000000084e-01 1.610368083504933656e+00
2.605000000000000093e-01 1.633287245728171744e+00
2.615000000000000102e-01 1.671427195147648259e+00
2.625000000000000111e-01 1.666852160845888609e+00
2.635000000000000120e-01 1.713130392436764460e+00
2.645000000000000129e-01 1.737765192523162083e+00
2.655000000000000138e-01 1.756637209017920531e+00
2.665000000000000147e-01 1.785803052691637749e+00
2.675000000000000155e-01 1.804015208469796239e+00
2.685000000000000164e-01 1.829485832130553824e+00
2.695000000000000173e-01 1.853152836499271761e+00
2.705000000000000182e-01 1.864942347969190672e+00
2.715000000000000191e-01 1.893844247356267996e+00
2.725000000000000200e-01 1.935943361075344260e+00
2.735000000000000209e-01 1.956135099003302402e+00
2.745000000000000218e-01 1.998586138437898452e+00
2.755000000000000226e-01 2.009319872761257564e+00
2.765000000000000235e-01 2.026080334962895968e+00
2.775000000000000244e-01 2.077549470857691372e+00
2.785000000000000253e-01 2.096597450210209601e+00
2.795000000000000262e-01 2.123871693163007279e+00
2.805000000000000271e-01 2.141160043937925472e+00
2.814999999999999725e-01 2.179431965500722157e+00
2.824999999999999734e-01 2.215768295628158580e+00
2.834999999999999742e-01 2.216032239914798918e+00
2.844999999999999751e-01 2.244626204300796068e+00
2.854999999999999760e-01 2.276651444413113179e+00
2.864999999999999769e-01 2.301242253785070968e+00
2.874999999999999778e-01 2.335862946049347855e+00
2.884999999999999787e-01 2.367096353301744838e+00
2.894999999999999796e-01 2.411570965600581040e+00
2.904999999999999805e-01 2.448435184301297696e+00
2.914999999999999813e-01 2.449271007875657435e+00
2.924999999999999822e-01 2.488510725156134029e+00
2.934999999999999831e-01 2.533425244599369908e+00
2.944999999999999840e-01 2.561183385411007318e+00
2.954999999999999849e-01 2.599279344116043777e+00
2.964999999999999858e-01 2.623518227772481559e+00
2.974999999999999867e-01 2.644413817131479938e+00
2.984999999999999876e-01 2.690428104435715451e+00
2.994999999999999885e-01 2.724300954554512710e+00
3.004999999999999893e-01 2.760373340395309238e+00
3.014999999999999902e-01 2.794994032659586125e+00
3.024999999999999911e-01 2.825523588480943538e+00
3.034999999999999920e-01 2.877872538664538737e+00
3.044999999999999929e-01 2.898944090881296898e+00
3.054999999999999938e-01 2.929605618845974035e+00
3.064999999999999947e-01 2.977203571870049803e+00
3.074999999999999956e-01 2.978919209733209339e+00
3.084999999999999964e-01 3.054187322140042848e+00
3.094999999999999973e-01 3.054187322140042848e+00
3.104999999999999982e-01 3.111595204484237431e+00
3.114999999999999991e-01 3.139881233869154631e+00
3.125000000000000000e-01 3.170806706120472107e+00
3.135000000000000009e-01 3.218008742714587811e+00
3.145000000000000018e-01 3.255532822131904425e+00
3.155000000000000027e-01 3.304054580159220045e+00
3.165000000000000036e-01 3.313160658048299290e+00
3.175000000000000044e-01 3.374835639693173572e+00
3.185000000000000053e-01 3.386361206876452368e+00
3.195000000000000062e-01 3.455162684260606021e+00
3.205000000000000071e-01 3.489299478666043175e+00
3.215000000000000080e-01 3.511426808029360913e+00
3.225000000000000089e-01 3.550446571737637669e+00
3.235000000000000098e-01 3.602707540492352756e+00
3.245000000000000107e-01 3.620963686984951302e+00
3.255000000000000115e-01 3.681626882197705619e+00
3.265000000000000124e-01 3.706173700855223352e+00
3.275000000000000133e-01 3.745633371707899784e+00
3.285000000000000142e-01 3.813335081231053802e+00
3.295000000000000151e-01 3.826972202707452642e+00
3.305000000000000160e-01 3.874702127874848134e+00
3.315000000000000169e-01 3.904263887978525638e+00
3.325000000000000178e-01 3.941348060251442131e+00
3.335000000000000187e-01 3.992025363286317408e+00
3.345000000000000195e-01 4.021499141961114354e+00
3.355000000000000204e-01 4.040459139884752915e+00
3.365000000000000213e-01 4.069844937130670637e+00
3.375000000000000222e-01 4.108116858693467321e+00
3.385000000000000231e-01 4.177622187508660545e+00
3.395000000000000240e-01 4.183868868959139675e+00
3.405000000000000249e-01 4.240660881301175245e+00
3.415000000000000258e-01 4.277833035002971407e+00
3.425000000000000266e-01 4.295033404349010375e+00
3.435000000000000275e-01 4.331633678763086692e+00
3.444999999999999729e-01 4.365110612451923444e+00
3.454999999999999738e-01 4.354860775987404509e+00
3.464999999999999747e-01 4.441786427720836983e+00
3.474999999999999756e-01 4.472008048541114000e+00
3.484999999999999765e-01 4.497214727915231691e+00
3.494999999999999774e-01 4.516966558698789491e+00
3.504999999999999782e-01 4.535706603050227770e+00
3.514999999999999791e-01 4.588671423235982871e+00
3.524999999999999800e-01 4.587791608947183519e+00
3.534999999999999809e-01 4.628043112659780078e+00
3.544999999999999818e-01 4.665347238504896410e+00
3.554999999999999827e-01 4.679204313553494643e+00
3.564999999999999836e-01 4.723854888710090627e+00
3.574999999999999845e-01 4.731597254451529899e+00
3.584999999999999853e-01 4.759707320978687761e+00
3.594999999999999862e-01 4.756276045252367801e+00
3.604999999999999871e-01 4.780075021764405463e+00
3.614999999999999880e-01 4.822614042627882291e+00
3.624999999999999889e-01 4.828816733363921365e+00
3.634999999999999898e-01 4.857014781319959340e+00
3.644999999999999907e-01 4.869068237076517924e+00
3.654999999999999916e-01 4.852747682019279196e+00
3.664999999999999925e-01 4.870915847082997630e+00
3.674999999999999933e-01 4.878262296394477282e+00
3.684999999999999942e-01 4.915258487238513219e+00
3.694999999999999951e-01 4.917765957961593770e+00
3.704999999999999960e-01 4.922648927264432928e+00
3.714999999999999969e-01 4.930699228006952595e+00
3.724999999999999978e-01 4.938309621605071698e+00
3.734999999999999987e-01 4.943280572336790968e+00
3.744999999999999996e-01 4.929819413718152354e+00
3.755000000000000004e-01 4.960964839541669669e+00
3.765000000000000013e-01 4.950451058790510395e+00
3.775000000000000022e-01 4.933910550161072273e+00
3.785000000000000031e-01 4.900125681471155126e+00
3.795000000000000040e-01 4.935978113739751372e+00
3.805000000000000049e-01 4.910507490078994230e+00
3.815000000000000058e-01 4.877294500676796929e+00
3.825000000000000067e-01 4.923220806552152773e+00
3.835000000000000075e-01 4.882133479265196918e+00
3.845000000000000084e-01 4.908044010070354624e+00
3.855000000000000093e-01 4.877074547104596647e+00
3.865000000000000102e-01 4.843553622701319838e+00
3.875000000000000111e-01 4.819490701902642726e+00
3.885000000000000120e-01 4.836339145533160355e+00
3.895000000000000129e-01 4.812144252591163074e+00
3.905000000000000138e-01 4.796263604678324022e+00
3.915000000000000147e-01 4.752976741669368010e+00
3.925000000000000155e-01 4.752844769526048729e+00
3.935000000000000164e-01 4.737755954473129805e+00
3.945000000000000173e-01 4.679732202126775320e+00
3.955000000000000182e-01 4.685890902148374337e+00
3.965000000000000191e-01 4.649774525593137753e+00
3.975000000000000200e-01 4.648806729875457400e+00
3.985000000000000209e-01 4.622808217641420470e+00
3.995000000000000218e-01 4.584052398219784052e+00
4.005000000000000226e-01 4.546792263089106889e+00
4.015000000000000235e-01 4.537158296626747855e+00
4.025000000000000244e-01 4.492331758612391646e+00
4.035000000000000253e-01 4.469016679959193716e+00
4.045000000000000262e-01 4.448077099885756169e+00
4.055000000000000271e-01 4.431932507686277667e+00
4.064999999999999725e-01 4.391021143257081150e+00
4.074999999999999734e-01 4.347690289533685082e+00
4.084999999999999742e-01 4.316808807996808106e+00
4.094999999999999751e-01 4.283111920735771072e+00
4.104999999999999760e-01 4.248799163472574136e+00
4.114999999999999769e-01 4.216861904789136695e+00
4.124999999999999778e-01 4.197813925436618909e+00
4.134999999999999787e-01 4.142649569528863651e+00
4.144999999999999796e-01 4.131255974488905025e+00
4.154999999999999805e-01 4.067293475693150917e+00
4.164999999999999813e-01 4.068789159984110171e+00
4.174999999999999822e-01 4.020927262673394509e+00
4.184999999999999831e-01 3.982963276111678219e+00
4.194999999999999840e-01 3.959824160316240516e+00
4.204999999999999849e-01 3.906815349416045358e+00
4.214999999999999858e-01 3.864848207840288818e+00
4.224999999999999867e-01 3.844524497769010729e+00
4.234999999999999876e-01 3.825168583415412549e+00
4.244999999999999885e-01 3.771983809657457609e+00
4.254999999999999893e-01 3.718491100898422275e+00
4.264999999999999902e-01 3.708593190149423346e+00
4.274999999999999911e-01 3.649865586372028403e+00
4.284999999999999920e-01 3.609086194086152055e+00
4.294999999999999929e-01 3.577192926117155114e+00
4.304999999999999938e-01 3.522248523781600138e+00
4.314999999999999947e-01 3.500693073706002245e+00
4.324999999999999956e-01 3.456042498549406261e+00
4.334999999999999964e-01 3.419662177707529338e+00
4.344999999999999973e-01 3.387548956166332559e+00
4.354999999999999982e-01 3.343866176727416484e+00
4.364999999999999991e-01 3.327897547385697763e+00
4.375000000000000000e-01 3.279551752216142368e+00
4.385000000000000009e-01 3.240444007078985500e+00
4.395000000000000018e-01 3.198300902645469623e+00
4.405000000000000027e-01 3.162624433234632715e+00
4.415000000000000036e-01 3.138297568149314820e+00
4.425000000000000044e-01 3.107284114469117675e+00
4.435000000000000053e-01 3.049612287838283198e+00
4.445000000000000062e-01 3.027177023473885065e+00
4.455000000000000071e-01 2.963610441108091020e+00
4.465000000000000080e-01 2.955208214650051790e+00
4.475000000000000089e-01 2.923094993108854567e+00
4.485000000000000098e-01 2.883635322256178135e+00
4.495000000000000107e-01 2.863487575042659827e+00
4.505000000000000115e-01 2.813074216294424446e+00
4.515000000000000124e-01 2.784744196195067190e+00
4.525000000000000133e-01 2.787911527634746811e+00
4.535000000000000142e-01 2.709036176643834004e+00
4.545000000000000151e-01 2.685325181560676011e+00
4.555000000000000160e-01 2.641378457835120042e+00
4.565000000000000169e-01 2.620614840619441832e+00
4.575000000000000178e-01 2.583354705488765557e+00
4.585000000000000187e-01 2.558016053971327697e+00
4.595000000000000195e-01 2.511473878093811951e+00
4.605000000000000204e-01 2.488246780869494135e+00
4.615000000000000213e-01 2.469066829373655736e+00
4.625000000000000222e-01 2.400309342703942139e+00
4.635000000000000231e-01 2.386936165514183195e+00
4.645000000000000240e-01 2.371803359746824658e+00
4.655000000000000249e-01 2.323237611005068981e+00
4.665000000000000258e-01 2.314263505259309905e+00
4.675000000000000266e-01 2.271768475110273577e+00
4.685000000000000275e-01 2.243570427154236047e+00
4.694999999999999729e-01 2.227997714242477834e+00
4.704999999999999738e-01 2.186778414812201365e+00
4.714999999999999747e-01 2.162011642582483795e+00
4.724999999999999756e-01 2.123167841731967265e+00
4.734999999999999765e-01 2.113357912411848005e+00
4.744999999999999774e-01 2.074954018705731595e+00
4.754999999999999782e-01 2.054542327205573393e+00
4.764999999999999791e-01 2.009979733477857522e+00
4.774999999999999800e-01 1.996078667714818788e+00
4.784999999999999809e-01 1.964229390460261682e+00
4.794999999999999818e-01 1.932204150347944571e+00
4.804999999999999827e-01 1.900794780237787363e+00
4.814999999999999836e-01 1.890544943773268205e+00
4.824999999999999845e-01 1.858387731517631147e+00
4.834999999999999853e-01 1.827242305694114055e+00
4.844999999999999862e-01 1.797944489877076668e+00
4.854999999999999871e-01 1.788002588413637683e+00
4.864999999999999880e-01 1.762575955467319933e+00
4.874999999999999889e-01 1.733498093222482606e+00
4.884999999999999898e-01 1.716957584593044039e+00
4.894999999999999907e-01 1.668303854422408472e+00
4.904999999999999916e-01 1.653039076511729766e+00
4.914999999999999925e-01 1.635970679309011411e+00
4.924999999999999933e-01 1.624973000699012404e+00
4.934999999999999942e-01 1.587448921281695791e+00
4.944999999999999951e-01 1.569940616934577315e+00
4.954999999999999960e-01 1.538795191111060223e+00
4.964999999999999969e-01 1.522298673196061713e+00
4.974999999999999978e-01 1.492121043090224530e+00
4.984999999999999987e-01 1.471269444445666430e+00
4.994999999999999996e-01 1.467266289431626847e+00
5.004999999999999449e-01 1.448350282222428564e+00
5.014999999999999458e-01 1.430490052159790082e+00
5.024999999999999467e-01 1.414653394961391530e+00
5.034999999999999476e-01 1.382188247704674522e+00
5.044999999999999485e-01 1.357377484760516673e+00
5.054999999999999494e-01 1.353682264747557040e+00
5.064999999999999503e-01 1.321173126776399975e+00
5.074999999999999512e-01 1.316906027475720498e+00
5.084999999999999520e-01 1.279381948058403884e+00
5.094999999999999529e-01 1.277182412336403949e+00
5.104999999999999538e-01 1.258618330842725674e+00
5.114999999999999547e-01 1.245421116510726955e+00
5.124999999999999556e-01 1.217750957127969436e+00
5.134999999999999565e-01 1.202134253501770722e+00
5.144999999999999574e-01 1.183834116294732564e+00
5.154999999999999583e-01 1.159947158353814567e+00
5.164999999999999591e-01 1.153216579044495260e+00
5.174999999999999600e-01 1.130077463249057335e+00
5.184999999999999609e-01 1.129593565390217380e+00
5.194999999999999618e-01 1.091893523115140763e+00
5.204999999999999627e-01 1.075572968057902257e+00
5.214999999999999636e-01 1.054809350842224269e+00
5.224999999999999645e-01 1.049046567250584649e+00
5.234999999999999654e-01 1.025203600024106931e+00
5.244999999999999662e-01 1.010026803542308338e+00
5.254999999999999671e-01 9.921225827652299101e-01
5.264999999999999680e-01 9.780895448588711183e-01
5.274999999999999689e-01 9.618569712305126140e-01
5.284999999999999698e-01 9.607132126550727014e-01
5.294999999999999707e-01 9.385418925773147958e-01
5.304999999999999716e-01 9.321192482690753289e-01
5.314999999999999725e-01 9.059887638917176744e-01
5.324999999999999734e-01 9.025574881653980475e-01
5.334999999999999742e-01 8.843013416727997233e-01
5.344999999999999751e-01 8.829376295251598616e-01
5.354999999999999760e-01 8.513083058428027039e-01
5.364999999999999769e-01 8.392548500862437866e-01
5.374999999999999778e-01 8.388589336562838339e-01
5.384999999999999787e-01 8.111447835590863686e-01
5.394999999999999796e-01 8.076255264038866288e-01
5.404999999999999805e-01 7.988713742303275023e-01
5.414999999999999813e-01 7.851022806106087160e-01
5.424999999999999822e-01 7.774039055836093892e-01
5.434999999999999831e-01 7.630189419617307012e-01
5.444999999999999840e-01 7.495137926286519203e-01
5.454999999999999849e-01 7.387360675908528629e-01
5.464999999999999858e-01 7.333252097147333615e-01
5.474999999999999867e-01 7.141892489333351302e-01
5.484999999999999876e-01 6.928537524299370753e-01
5.494999999999999885e-01 7.038514310399360818e-01
5.504999999999999893e-01 6.851553774029377486e-01
5.514999999999999902e-01 6.768411323737785201e-01
5.524999999999999911e-01 6.608725030320600213e-01
5.534999999999999920e-01 6.616643358919799267e-01
5.544999999999999929e-01 6.453437808347414206e-01
5.554999999999999938e-01 6.380413222377020466e-01
5.564999999999999947e-01 6.252840150501032257e-01
5.574999999999999956e-01 6.158260114455040846e-01
5.584999999999999964e-01 6.111629957148645431e-01
5.594999999999999973e-01 5.988016049572255639e-01
5.604999999999999982e-01 5.808094027512672453e-01
5.614999999999999991e-01 5.746507027296677839e-01
5.625000000000000000e-01 5.660725134138685499e-01
5.635000000000000009e-01 5.489601254967101385e-01
5.645000000000000018e-01 5.462766919158703605e-01
5.655000000000000027e-01 5.383143726022311393e-01
5.665000000000000036e-01 5.364227718813112666e-01
5.675000000000000044e-01 5.295162297142319563e-01
5.685000000000000053e-01 5.114360460793935248e-01
5.695000000000000062e-01 4.991626367506346584e-01
5.705000000000000071e-01 4.961272774542749286e-01
5.715000000000000080e-01 4.923000852979952935e-01
5.725000000000000089e-01 4.844257474132360186e-01
5.735000000000000098e-01 4.679292294982375089e-01
5.745000000000000107e-01 4.743078830920369193e-01
5.755000000000000115e-01 4.618145201910780484e-01
5.765000000000000124e-01 4.509928044388390456e-01
5.775000000000000133e-01 4.464617608515194513e-01
5.785000000000000142e-01 4.379715529646002192e-01
5.795000000000000151e-01 4.256541529214013519e-01
5.805000000000000160e-01 4.265779579246412601e-01
5.815000000000000169e-01 4.218709514795616622e-01
5.825000000000000178e-01 4.092896071497228450e-01
5.835000000000000187e-01 4.012832971216435674e-01
5.845000000000000195e-01 3.917373120881644244e-01
5.855000000000000204e-01 4.022950835537634773e-01
5.865000000000000213e-01 3.792439491872055535e-01
5.875000000000000222e-01 3.737891005966460511e-01
5.885000000000000231e-01 3.716335555890862286e-01
5.895000000000000240e-01 3.683782427205265497e-01
5.905000000000000249e-01 3.619555984122871384e-01
5.915000000000000258e-01 3.555329541040477270e-01
5.925000000000000266e-01 3.530254833809679527e-01
5.935000000000000275e-01 3.455470619261686305e-01
5.945000000000000284e-01 3.347693368883695730e-01
5.955000000000000293e-01 3.348133276028095739e-01
5.965000000000000302e-01 3.322618661652897987e-01
5.975000000000000311e-01 3.270269711469303009e-01
5.985000000000000320e-01 3.188446982610910196e-01
5.995000000000000329e-01 3.084628896532519704e-01
6.005000000000000338e-01 3.051195953558122897e-01
6.015000000000000346e-01 3.077150475077720659e-01
6.025000000000000355e-01 2.983450253320529266e-01
6.035000000000000364e-01 2.871273931498539156e-01
6.045000000000000373e-01 2.863795510043740111e-01
6.055000000000000382e-01 2.773614545441748236e-01
6.065000000000000391e-01 2.793410366939746425e-01
6.075000000000000400e-01 2.725224759557752230e-01
6.085000000000000409e-01 2.682113859406556333e-01
6.095000000000000417e-01 2.609969087724963166e-01
6.105000000000000426e-01 2.562459116129767178e-01
6.115000000000000435e-01 2.547502273220168534e-01
6.125000000000000444e-01 2.578295773328165841e-01
6.135000000000000453e-01 2.456881401473776927e-01
6.145000000000000462e-01 2.454241958607377150e-01
6.155000000000000471e-01 2.404092544145781662e-01
6.165000000000000480e-01 2.371539415460184597e-01
6.175000000000000488e-01 2.386936165514183250e-01
6.185000000000000497e-01 2.332827586752988236e-01
6.195000000000000506e-01 2.293235943756991857e-01
6.205000000000000515e-01 2.200855443433000214e-01
6.215000000000000524e-01 2.202175164866199963e-01
6.225000000000000533e-01 2.199535721999800186e-01
6.235000000000000542e-01 2.108914850253408579e-01
6.245000000000000551e-01 2.046008128604214216e-01
6.254999999999999449e-01 2.031051285694615571e-01
6.264999999999999458e-01 2.061404878658212869e-01
6.274999999999999467e-01 2.036770078571815135e-01
6.284999999999999476e-01 1.950548278269422786e-01
6.294999999999999485e-01 1.852888892212631589e-01
6.304999999999999494e-01 1.878403506587829341e-01
6.314999999999999503e-01 1.860367313667430911e-01
6.324999999999999512e-01 1.822535299249034568e-01
6.334999999999999520e-01 1.806258734906235897e-01
6.344999999999999529e-01 1.763587741899439731e-01
6.354999999999999538e-01 1.728395170347443166e-01
6.364999999999999547e-01 1.703320463116645422e-01
6.374999999999999556e-01 1.735433684657842479e-01
6.384999999999999565e-01 1.658889841532249221e-01
6.394999999999999574e-01 1.614019312803453288e-01
6.404999999999999583e-01 1.648771977211050399e-01
6.414999999999999591e-01 1.564749712630657819e-01
6.424999999999999600e-01 1.528237419645461226e-01
6.434999999999999609e-01 1.509761319580662786e-01
6.444999999999999618e-01 1.459611905119067576e-01
6.454999999999999627e-01 1.455652740819467772e-01
6.464999999999999636e-01 1.490405405227064606e-01
6.474999999999999645e-01 1.421779890700670956e-01
6.484999999999999654e-01 1.347875490441477475e-01
6.494999999999999662e-01 1.403743697780272526e-01
6.504999999999999671e-01 1.323240690355079741e-01
6.514999999999999680e-01 1.331159018954279072e-01
6.524999999999999689e-01 1.343476418997477939e-01
6.534999999999999698e-01 1.301685240279481792e-01
6.544999999999999707e-01 1.333798461820678849e-01
6.554999999999999716e-01 1.210184554244290028e-01
6.564999999999999725e-01 1.234819354330687902e-01
6.574999999999999734e-01 1.194347897045891504e-01
6.584999999999999742e-01 1.184669939869092414e-01
6.594999999999999751e-01 1.141998946862296249e-01
6.604999999999999760e-01 1.164874118371094225e-01
6.614999999999999769e-01 1.142438854006696258e-01
6.624999999999999778e-01 1.124402661086297828e-01
6.634999999999999787e-01 1.085250925234701458e-01
6.644999999999999796e-01 1.094488975267100539e-01
6.654999999999999805e-01 1.037301046495105739e-01
6.664999999999999813e-01 1.025423553596306880e-01
6.674999999999999822e-01 9.941901463439097031e-02
6.684999999999999831e-01 1.001668567798709025e-01
6.694999999999999840e-01 9.752741391347113931e-02
6.704999999999999849e-01 9.532787819147134356e-02
6.714999999999999858e-01 9.999089392211091276e-02
6.724999999999999867e-01 9.308435175503154690e-02
6.734999999999999876e-01 9.396416604383146798e-02
6.744999999999999885e-01 8.811340102331199908e-02
6.754999999999999893e-01 9.189660246515166109e-02
6.764999999999999902e-01 8.740954959227206778e-02
6.774999999999999911e-01 8.569391172911221266e-02
6.784999999999999920e-01 8.648574458903214579e-02
6.794999999999999929e-01 8.133883099955260820e-02
6.804999999999999938e-01 8.213066385947254133e-02
6.814999999999999947e-01 8.389029243707238348e-02
6.824999999999999956e-01 7.746764812883295825e-02
6.834999999999999964e-01 7.922727670643280040e-02
6.844999999999999973e-01 7.605994526675309564e-02
6.854999999999999982e-01 7.447627954691322938e-02
6.864999999999999991e-01 7.707173169887300557e-02
6.875000000000000000e-01 7.276064168375338814e-02
6.885000000000000009e-01 7.012119881735362492e-02
6.895000000000000018e-01 7.210078096715345775e-02
6.905000000000000027e-01 7.148491096499351438e-02
6.915000000000000036e-01 7.078105953395356920e-02
6.925000000000000044e-01 6.924138452855371773e-02
6.935000000000000053e-01 6.690987666323391925e-02
6.945000000000000062e-01 6.616203451775398703e-02
6.955000000000000071e-01 6.409447093907418014e-02
6.965000000000000080e-01 6.633799737551397679e-02
6.975000000000000089e-01 5.885957592071465461e-02
6.985000000000000098e-01 5.987136235283456454e-02
6.995000000000000107e-01 5.731990091531479620e-02
7.005000000000000115e-01 5.762783591639476788e-02
7.015000000000000124e-01 5.595618876767492061e-02
7.025000000000000133e-01 5.441651376227505527e-02
7.035000000000000142e-01 5.758384520195476697e-02
7.045000000000000151e-01 5.498839304999500466e-02
7.055000000000000160e-01 5.709994734311481246e-02
7.065000000000000169e-01 5.714393805755481337e-02
7.075000000000000178e-01 4.975349803163547913e-02
7.085000000000000187e-01 5.402059733231509564e-02
7.095000000000000195e-01 5.177707089587529898e-02
7.105000000000000204e-01 5.001744231827545684e-02
7.115000000000000213e-01 4.553038944539586352e-02
7.125000000000000222e-01 4.768593445295567224e-02
7.135000000000000231e-01 5.094124732151537188e-02
7.145000000000000240e-01 4.676212944971575025e-02
7.155000000000000249e-01 4.407869586887600000e-02
7.165000000000000258e-01 4.253902086347613465e-02
7.175000000000000266e-01 4.183516943243620334e-02
7.185000000000000275e-01 4.403470515443599909e-02
7.195000000000000284e-01 4.253902086347613465e-02
7.205000000000000293e-01 4.597029658979582406e-02
7.215000000000000302e-01 4.104333657251627021e-02
7.225000000000000311e-01 4.020751299815635005e-02
7.235000000000000320e-01 3.928370799491643500e-02
7.245000000000000329e-01 3.976760585375638951e-02
7.255000000000000338e-01 4.029549442703633799e-02
7.265000000000000346e-01 3.923971728047643409e-02
7.275000000000000355e-01 3.704018155847663835e-02
7.285000000000000364e-01 3.616036726967671727e-02
7.295000000000000373e-01 3.778802370395657056e-02
7.305000000000000382e-01 3.506059940867681246e-02
7.315000000000000391e-01 3.805196799059654134e-02
7.325000000000000400e-01 3.470867369315684681e-02
7.335000000000000409e-01 3.308101725887699351e-02
7.345000000000000417e-01 3.312500797331699443e-02
7.355000000000000426e-01 3.290505440111701069e-02
7.365000000000000435e-01 3.211322154119708450e-02
7.375000000000000444e-01 3.184927725455710679e-02
7.385000000000000453e-01 3.083749082243720033e-02
7.395000000000000462e-01 3.079350010799720289e-02
7.405000000000000471e-01 3.092547225131719174e-02
7.415000000000000480e-01 3.030960224915724838e-02
7.425000000000000488e-01 2.841800152823742084e-02
7.435000000000000497e-01 3.039758367803723979e-02
7.445000000000000506e-01 2.872593652931739253e-02
7.455000000000000515e-01 2.793410366939746287e-02
7.465000000000000524e-01 2.854997367155740623e-02
7.475000000000000533e-01 2.802208509827745428e-02
7.485000000000000542e-01 2.872593652931739253e-02
7.495000000000000551e-01 2.489874437303774002e-02
7.504999999999999449e-01 2.406292079867781639e-02
7.514999999999999458e-01 2.516268865967771426e-02
7.524999999999999467e-01 2.547062366075768594e-02
7.534999999999999476e-01 2.428287437087779319e-02
7.544999999999999485e-01 2.252324579327795451e-02
7.554999999999999494e-01 2.564658651851767224e-02
7.564999999999999503e-01 2.432686508531779063e-02
7.574999999999999512e-01 2.155545007559804202e-02
7.584999999999999520e-01 2.318310650987789531e-02
7.594999999999999529e-01 2.261122722215794592e-02
7.604999999999999538e-01 2.076361721567811583e-02
7.614999999999999547e-01 2.234728293551797168e-02
7.624999999999999556e-01 1.997178435575818617e-02
7.634999999999999565e-01 2.195136650555800512e-02
7.644999999999999574e-01 1.891600720919828227e-02
7.654999999999999583e-01 1.913596078139826254e-02
7.664999999999999591e-01 1.882802578031829085e-02
7.674999999999999600e-01 1.812417434927835261e-02
7.684999999999999609e-01 1.944389578247823422e-02
7.694999999999999618e-01 2.067563578679812095e-02
7.704999999999999627e-01 1.869605363699830200e-02
7.714999999999999636e-01 1.816816506371835005e-02
7.724999999999999645e-01 1.830013720703833890e-02
7.734999999999999654e-01 1.856408149367831315e-02
7.744999999999999662e-01 1.636454577167851393e-02
7.754999999999999671e-01 1.645252720055850534e-02
7.764999999999999680e-01 1.645252720055850534e-02
7.774999999999999689e-01 1.759628577599840066e-02
7.784999999999999698e-01 1.332918647531878935e-02
7.794999999999999707e-01 1.482487076627865379e-02
7.804999999999999716e-01 1.429698219299870184e-02
7.814999999999999725e-01 1.407702862079872157e-02
7.824999999999999734e-01 1.508881505291862976e-02
7.834999999999999742e-01 1.390106576303873701e-02
7.844999999999999751e-01 1.390106576303873701e-02
7.854999999999999760e-01 1.385707504859874130e-02
7.864999999999999769e-01 1.500083362403863835e-02
7.874999999999999778e-01 1.390106576303873701e-02
7.884999999999999787e-01 1.368111219083875674e-02
7.894999999999999796e-01 1.363712147639876103e-02
7.904999999999999805e-01 1.350514933307877391e-02
7.914999999999999813e-01 1.227340932875888545e-02
7.924999999999999822e-01 1.231740004319888115e-02
7.934999999999999831e-01 1.231740004319888115e-02
7.944999999999999840e-01 1.222941861431888974e-02
7.954999999999999849e-01 1.244937218651887001e-02
7.964999999999999858e-01 1.161354861215894464e-02
7.974999999999999867e-01 1.139359503995896611e-02
7.984999999999999876e-01 1.060176218003903645e-02
7.994999999999999885e-01 1.196547432767891377e-02
8.004999999999999893e-01 1.099767860999900128e-02
8.014999999999999902e-01 1.046979003671904933e-02
8.024999999999999911e-01 1.060176218003903645e-02
8.034999999999999920e-01 1.099767860999900128e-02
8.044999999999999929e-01 1.126162289663897725e-02
8.054999999999999938e-01 1.068974360891902960e-02
8.064999999999999947e-01 1.112965075331898840e-02
8.074999999999999956e-01 1.042579932227905362e-02
8.084999999999999964e-01 1.055777146559904074e-02
8.094999999999999973e-01 8.930115031319189184e-03
8.104999999999999982e-01 9.809929320119108523e-03
8.114999999999999991e-01 8.534198601359224354e-03
8.125000000000000000e-01 9.941901463439097378e-03
8.135000000000000009e-01 9.853920034559104230e-03
8.145000000000000018e-01 9.062087174639176304e-03
8.155000000000000027e-01 8.358235743599241527e-03
8.165000000000000036e-01 9.809929320119108523e-03
8.175000000000000044e-01 8.842133602439197770e-03
8.185000000000000053e-01 8.050300742519268110e-03
8.195000000000000062e-01 9.018096460199180597e-03
8.205000000000000071e-01 8.050300742519268110e-03
8.215000000000000080e-01 9.018096460199180597e-03
8.225000000000000089e-01 7.082505024839356490e-03
8.235000000000000098e-01 7.434430740359324746e-03
8.245000000000000107e-01 8.050300742519268110e-03
8.255000000000000115e-01 6.906542167079372796e-03
8.265000000000000124e-01 8.182272885839256965e-03
8.275000000000000133e-01 8.446217172479232940e-03
8.285000000000000142e-01 6.730579309319389102e-03
8.295000000000000151e-01 7.038514310399360784e-03
8.305000000000000160e-01 7.918328599199280990e-03
8.315000000000000169e-01 6.334662879359425139e-03
8.325000000000000178e-01 6.334662879359425139e-03
8.335000000000000187e-01 6.290672164919428565e-03
8.345000000000000195e-01 6.818560738199380515e-03
8.355000000000000204e-01 5.894755734959464602e-03
8.365000000000000213e-01 6.202690736039436284e-03
8.375000000000000222e-01 5.586820733879492920e-03
8.385000000000000231e-01 6.906542167079372796e-03
8.395000000000000240e-01 5.674802162759484334e-03
8.405000000000000249e-01 5.586820733879492920e-03
8.415000000000000258e-01 5.058932160599540970e-03
8.425000000000000266e-01 5.278885732799520371e-03
8.435000000000000275e-01 4.794987873959564127e-03
8.445000000000000284e-01 5.498839304999500639e-03
8.455000000000000293e-01 5.102922875039536676e-03
8.465000000000000302e-01 5.322876447239516945e-03
8.475000000000000311e-01 5.058932160599540970e-03
8.485000000000000320e-01 4.223108586239616470e-03
8.495000000000000329e-01 4.794987873959564127e-03
8.505000000000000338e-01 4.882969302839556408e-03
8.515000000000000346e-01 4.750997159519568420e-03
8.525000000000000355e-01 5.146913589479532383e-03
8.535000000000000364e-01 4.223108586239616470e-03
8.545000000000000373e-01 4.267099300679612177e-03
8.555000000000000382e-01 3.827192156279652507e-03
8.565000000000000391e-01 4.311090015119608751e-03
8.575000000000000400e-01 4.575034301759584726e-03
8.585000000000000409e-01 4.443062158439596739e-03
8.595000000000000417e-01 4.750997159519568420e-03
8.605000000000000426e-01 3.211322154119708276e-03
8.615000000000000435e-01 3.651229298519668379e-03
8.625000000000000444e-01 4.091136442919628483e-03
8.635000000000000453e-01 3.783201441839656367e-03
8.645000000000000462e-01 3.651229298519668379e-03
8.655000000000000471e-01 3.211322154119708276e-03
8.665000000000000480e-01 3.959164299599640495e-03
8.675000000000000488e-01 3.871182870719648214e-03
8.685000000000000497e-01 3.871182870719648214e-03
8.695000000000000506e-01 4.794987873959564127e-03
8.705000000000000515e-01 3.695220012959664520e-03
8.715000000000000524e-01 3.167331439679712569e-03
8.725000000000000533e-01 3.255312868559704417e-03
8.735000000000000542e-01 3.035359296359724148e-03
8.745000000000000551e-01 3.695220012959664520e-03
8.754999999999999449e-01 3.563247869639676532e-03
8.764999999999999458e-01 3.255312868559704417e-03
8.774999999999999467e-01 3.035359296359724148e-03
8.784999999999999476e-01 2.991368581919728441e-03
8.794999999999999485e-01 3.299303582999700557e-03
8.804999999999999494e-01 3.079350010799720289e-03
8.814999999999999503e-01 2.595452151959764479e-03
8.824999999999999512e-01 2.595452151959764479e-03
8.834999999999999520e-01 2.419489294199780351e-03
8.844999999999999529e-01 2.507470723079772198e-03
8.854999999999999538e-01 2.551461437519768338e-03
8.864999999999999547e-01 2.595452151959764479e-03
8.874999999999999556e-01 1.935591435359824107e-03
8.884999999999999565e-01 2.551461437519768338e-03
8.894999999999999574e-01 1.935591435359824107e-03
8.904999999999999583e-01 2.639442866399760185e-03
8.914999999999999591e-01 2.551461437519768338e-03
8.924999999999999600e-01 2.727424295279752466e-03
8.934999999999999609e-01 2.859396438599740454e-03
8.944999999999999618e-01 1.935591435359824107e-03
8.954999999999999627e-01 2.463480008639776057e-03
8.964999999999999636e-01 2.507470723079772198e-03
8.974999999999999645e-01 2.463480008639776057e-03
8.984999999999999654e-01 2.067563578679812095e-03
8.994999999999999662e-01 2.243526436439796223e-03
9.004999999999999671e-01 1.803619292039836119e-03
9.014999999999999680e-01 1.847610006479832260e-03
9.024999999999999689e-01 2.067563578679812095e-03
9.034999999999999698e-01 2.067563578679812095e-03
9.044999999999999707e-01 1.803619292039836119e-03
9.054999999999999716e-01 2.507470723079772198e-03
9.064999999999999725e-01 1.847610006479832260e-03
9.074999999999999734e-01 2.111554293119808235e-03
9.084999999999999742e-01 2.067563578679812095e-03
9.094999999999999751e-01 2.067563578679812095e-03
9.104999999999999760e-01 2.155545007559804375e-03
9.114999999999999769e-01 2.023572864239816388e-03
9.124999999999999778e-01 2.199535721999800082e-03
9.134999999999999787e-01 1.627656434279852208e-03
9.144999999999999796e-01 1.539675005399860144e-03
9.154999999999999805e-01 1.363712147639876233e-03
9.164999999999999813e-01 1.495684290959864221e-03
9.174999999999999822e-01 1.539675005399860144e-03
9.184999999999999831e-01 1.759628577599840196e-03
9.194999999999999840e-01 1.891600720919828183e-03
9.204999999999999849e-01 1.539675005399860144e-03
9.214999999999999858e-01 1.671647148719848132e-03
9.224999999999999867e-01 1.715637863159844272e-03
9.234999999999999876e-01 1.627656434279852208e-03
9.244999999999999885e-01 1.099767860999900041e-03
9.254999999999999893e-01 1.363712147639876233e-03
9.264999999999999902e-01 1.539675005399860144e-03
9.274999999999999911e-01 1.891600720919828183e-03
9.284999999999999920e-01 9.677957176799120535e-04
9.294999999999999929e-01 1.979582149799820247e-03
9.304999999999999938e-01 8.358235743599240659e-04
9.314999999999999947e-01 1.539675005399860144e-03
9.324999999999999956e-01 1.803619292039836119e-03
9.334999999999999964e-01 1.407702862079872157e-03
9.344999999999999973e-01 1.143758575439896182e-03
9.354999999999999982e-01 7.918328599199281424e-04
9.364999999999999991e-01 1.363712147639876233e-03
9.375000000000000000e-01 1.011786432119908194e-03
9.385000000000000009e-01 1.011786432119908194e-03
9.395000000000000018e-01 1.011786432119908194e-03
9.405000000000000027e-01 9.238050032399161299e-04
9.415000000000000036e-01 7.918328599199281424e-04
9.425000000000000044e-01 1.011786432119908194e-03
9.435000000000000053e-01 9.677957176799120535e-04
9.445000000000000062e-01 7.918328599199281424e-04
9.455000000000000071e-01 7.918328599199281424e-04
9.465000000000000080e-01 1.055777146559904118e-03
9.475000000000000089e-01 1.187749289879892105e-03
9.485000000000000098e-01 9.677957176799120535e-04
9.495000000000000107e-01 1.055777146559904118e-03
9.505000000000000115e-01 9.238050032399161299e-04
9.515000000000000124e-01 1.011786432119908194e-03
9.525000000000000133e-01 8.798142887999200979e-04
9.535000000000000142e-01 9.677957176799120535e-04
9.545000000000000151e-01 7.478421454799321104e-04
9.555000000000000160e-01 4.838978588399560268e-04
9.565000000000000169e-01 1.055777146559904118e-03
9.575000000000000178e-01 1.011786432119908194e-03
9.585000000000000187e-01 7.478421454799321104e-04
9.595000000000000195e-01 7.478421454799321104e-04
9.605000000000000204e-01 4.399071443999600490e-04
9.615000000000000213e-01 7.478421454799321104e-04
9.625000000000000222e-01 5.278885732799520588e-04
9.635000000000000231e-01 7.478421454799321104e-04
9.645000000000000240e-01 8.358235743599240659e-04
9.655000000000000249e-01 6.598607165999400464e-04
9.665000000000000258e-01 4.838978588399560268e-04
9.675000000000000266e-01 7.478421454799321104e-04
9.685000000000000275e-01 9.238050032399161299e-04
9.695000000000000284e-01 7.478421454799321104e-04
9.705000000000000293e-01 6.598607165999400464e-04
9.715000000000000302e-01 6.598607165999400464e-04
9.725000000000000311e-01 1.055777146559904118e-03
9.735000000000000320e-01 6.598607165999400464e-04
9.745000000000000329e-01 7.478421454799321104e-04
9.755000000000000338e-01 5.278885732799520588e-04
9.765000000000000346e-01 5.278885732799520588e-04
9.775000000000000355e-01 3.959164299599640712e-04
9.785000000000000364e-01 5.718792877199480908e-04
9.795000000000000373e-01 7.918328599199281424e-04
9.805000000000000382e-01 7.038514310399360784e-04
9.815000000000000391e-01 5.278885732799520588e-04
9.825000000000000400e-01 7.918328599199281424e-04
9.835000000000000409e-01 3.079350010799720072e-04
9.845000000000000417e-01 6.598607165999400464e-04
9.855000000000000426e-01 7.038514310399360784e-04
9.865000000000000435e-01 5.278885732799520588e-04
9.875000000000000444e-01 8.358235743599240659e-04
9.885000000000000453e-01 7.918328599199281424e-04
9.895000000000000462e-01 4.838978588399560268e-04
9.905000000000000471e-01 2.639442866399760294e-04
9.915000000000000480e-01 4.399071443999600490e-04
9.925000000000000488e-01 5.278885732799520588e-04
9.935000000000000497e-01 5.278885732799520588e-04
9.945000000000000506e-01 5.278885732799520588e-04
9.955000000000000515e-01 3.959164299599640712e-04
9.965000000000000524e-01 5.718792877199480908e-04
9.975000000000000533e-01 5.278885732799520588e-04
9.985000000000000542e-01 3.959164299599640712e-04
9.995000000000000551e-01 4.399071443999600490e-04
1.000499999999999945e+00 3.519257155199680392e-04
