5.000000000000000104e-04 6.034796941231321266e-02
1.500000000000000031e-03 6.047930340450540648e-02
2.500000000000000052e-03 6.533866111561659196e-02
3.500000000000000073e-03 6.212097830690783279e-02
4.499999999999999660e-03 6.763700597897999434e-02
5.499999999999999681e-03 6.501032613513610392e-02
6.499999999999999702e-03 6.829367593994095653e-02
7.499999999999999722e-03 6.744000499069169319e-02
8.500000000000000611e-03 6.973834985405509557e-02
9.499999999999999764e-03 7.190536072522629718e-02
1.050000000000000065e-02 7.446637357297408721e-02
1.149999999999999981e-02 7.709305341681796375e-02
1.250000000000000069e-02 7.834072634264381552e-02
1.349999999999999985e-02 7.492604254564676214e-02
1.450000000000000074e-02 7.840639333873990202e-02
1.549999999999999989e-02 7.623938246756870041e-02
1.650000000000000078e-02 8.182107713573695540e-02
1.750000000000000167e-02 8.024506922943062948e-02
1.849999999999999908e-02 8.773110678438569843e-02
1.949999999999999997e-02 8.096740618648769205e-02
2.050000000000000086e-02 8.687743583513643508e-02
2.149999999999999828e-02 9.002945164774908693e-02
2.249999999999999917e-02 9.055478761651786224e-02
2.350000000000000006e-02 9.081745560090224989e-02
2.450000000000000094e-02 9.167112655015151323e-02
2.549999999999999836e-02 9.554547931982124154e-02
2.649999999999999925e-02 9.672748524955099292e-02
2.750000000000000014e-02 9.928849809729878295e-02
2.850000000000000103e-02 9.738415521051196899e-02
2.949999999999999845e-02 9.823782615976123234e-02
3.049999999999999933e-02 1.075625396054070149e-01
3.150000000000000022e-02 1.068402026483499384e-01
3.250000000000000111e-02 1.070372036366382396e-01
3.350000000000000200e-02 1.063148666795811631e-01
3.450000000000000289e-02 1.120278953399416050e-01
3.549999999999999684e-02 1.114368923750767432e-01
3.649999999999999772e-02 1.082192095663679771e-01
3.749999999999999861e-02 1.110428903985001547e-01
3.849999999999999950e-02 1.132755682657674567e-01
3.950000000000000039e-02 1.215496097738756887e-01
4.050000000000000128e-02 1.162962500861879217e-01
4.150000000000000216e-02 1.212212747933952006e-01
4.250000000000000305e-02 1.253582955474493166e-01
4.349999999999999700e-02 1.290356473288307437e-01
4.449999999999999789e-02 1.291669813210229445e-01
4.549999999999999878e-02 1.285103113600619684e-01
4.649999999999999967e-02 1.332383350789809739e-01
4.750000000000000056e-02 1.321219961453473091e-01
4.850000000000000144e-02 1.404617046495516552e-01
4.950000000000000233e-02 1.369156868603624011e-01
5.050000000000000322e-02 1.460433993177198964e-01
5.149999999999999717e-02 1.441390564309330824e-01
5.249999999999999806e-02 1.484730781732754856e-01
5.349999999999999895e-02 1.489984141420442609e-01
5.449999999999999983e-02 1.528070999156178889e-01
5.550000000000000072e-02 1.536607708648671522e-01
5.650000000000000161e-02 1.548427767945969036e-01
5.750000000000000250e-02 1.556964477438461669e-01
5.850000000000000339e-02 1.597021345057080821e-01
5.949999999999999734e-02 1.665315020997021889e-01
6.049999999999999822e-02 1.614751434003027231e-01
6.149999999999999911e-02 1.707341898498523913e-01
6.250000000000000000e-02 1.735578706819845829e-01
6.350000000000000089e-02 1.753308795765791961e-01
6.450000000000000178e-02 1.785485623852879622e-01
6.550000000000000266e-02 1.796649013189215993e-01
6.650000000000000355e-02 1.857719319558586157e-01
6.750000000000000444e-02 1.887926137762790946e-01
6.850000000000000533e-02 1.906969566630659085e-01
6.950000000000000622e-02 1.955563143741770871e-01
7.049999999999999323e-02 1.954249803819848863e-01
7.149999999999999412e-02 2.036333548939970317e-01
7.249999999999999500e-02 2.082300446207238365e-01
7.349999999999999589e-02 2.045526928393423816e-01
7.449999999999999678e-02 2.125640663630662397e-01
7.549999999999999767e-02 2.098060525270301624e-01
7.649999999999999856e-02 2.167010871171203557e-01
7.749999999999999944e-02 2.197217689375408067e-01
7.850000000000000033e-02 2.208381078711744716e-01
7.950000000000000122e-02 2.289151483909944162e-01
8.050000000000000211e-02 2.291778163753787900e-01
8.150000000000000300e-02 2.341028410825860828e-01
8.250000000000000389e-02 2.407352076882918746e-01
8.350000000000000477e-02 2.390935327858894621e-01
8.450000000000000566e-02 2.476302422783820678e-01
8.550000000000000655e-02 2.541969418879918008e-01
8.649999999999999356e-02 2.459229003798835411e-01
8.749999999999999445e-02 2.545252768684722611e-01
8.849999999999999534e-02 2.683810130447487619e-01
8.949999999999999623e-02 2.654916652165204560e-01
9.049999999999999711e-02 2.708763588964004376e-01
9.149999999999999800e-02 2.895257857876920027e-01
9.249999999999999889e-02 2.818427472444486326e-01
9.349999999999999978e-02 2.866364379594637524e-01
9.450000000000000067e-02 2.844694270882925369e-01
9.550000000000000155e-02 2.947791454753797558e-01
9.650000000000000244e-02 2.948448124714758700e-01
9.750000000000000333e-02 3.030531869834879877e-01
9.850000000000000422e-02 3.158582512222269378e-01
9.950000000000000511e-02 3.156612502339386506e-01
1.005000000000000060e-01 3.154642492456503633e-01
1.015000000000000069e-01 3.221622828474522415e-01
1.024999999999999939e-01 3.264306375936985583e-01
1.034999999999999948e-01 3.354926830549599392e-01
1.044999999999999957e-01 3.476410773327379133e-01
1.054999999999999966e-01 3.533541059930983552e-01
1.064999999999999974e-01 3.550614478915968819e-01
1.074999999999999983e-01 3.623504844582636775e-01
1.084999999999999992e-01 3.692455190483538430e-01
1.095000000000000001e-01 3.680635131186241193e-01
1.105000000000000010e-01 3.735795407906962740e-01
1.115000000000000019e-01 3.866472730138195701e-01
1.125000000000000028e-01 3.857936020645703068e-01
1.135000000000000037e-01 3.968256574087146160e-01
1.145000000000000046e-01 3.942646445609668260e-01
1.155000000000000054e-01 4.028670210495555737e-01
1.165000000000000063e-01 4.011596791510570470e-01
1.174999999999999933e-01 4.136364084093154814e-01
1.184999999999999942e-01 4.337961762108172858e-01
1.194999999999999951e-01 4.255878016988051682e-01
1.204999999999999960e-01 4.427268876798864938e-01
1.214999999999999969e-01 4.539559440123190903e-01
1.224999999999999978e-01 4.510009291879947257e-01
1.234999999999999987e-01 4.678773471846916499e-01
1.244999999999999996e-01 4.737217098372443203e-01
1.255000000000000004e-01 4.703070260402472669e-01
1.265000000000000013e-01 4.816674163648720364e-01
1.275000000000000022e-01 4.871834440369441910e-01
1.285000000000000031e-01 4.953918185489563641e-01
1.295000000000000040e-01 5.161425893153229749e-01
1.305000000000000049e-01 5.178499312138215016e-01
1.315000000000000058e-01 5.141069124363439879e-01
1.325000000000000067e-01 5.368933600816896412e-01
1.335000000000000075e-01 5.323623373510589785e-01
1.345000000000000084e-01 5.593514727465549452e-01
1.355000000000000093e-01 5.596141407309392912e-01
1.365000000000000102e-01 5.649988344108192173e-01
1.375000000000000111e-01 5.789202375831917768e-01
1.385000000000000120e-01 5.882449510288375594e-01
1.395000000000000129e-01 5.975039974783873387e-01
1.405000000000000138e-01 5.902806279078166574e-01
1.414999999999999869e-01 6.066973769318408927e-01
1.424999999999999878e-01 6.258064727958051465e-01
1.434999999999999887e-01 6.193054401822915001e-01
1.444999999999999896e-01 6.223261220027119789e-01
1.454999999999999905e-01 6.518762702459556246e-01
1.464999999999999913e-01 6.667170113636735618e-01
1.474999999999999922e-01 6.657976734183282952e-01
1.484999999999999931e-01 6.837247633525627144e-01
1.494999999999999940e-01 6.908824659270373925e-01
1.504999999999999949e-01 6.916048028840944273e-01
1.514999999999999958e-01 7.186596052756863973e-01
1.524999999999999967e-01 7.151135874864971154e-01
1.534999999999999976e-01 7.345510183309419405e-01
1.544999999999999984e-01 7.435473967961071518e-01
1.554999999999999993e-01 7.477500845462573542e-01
1.565000000000000002e-01 7.650861715156270781e-01
1.575000000000000011e-01 7.857056082898015159e-01
1.585000000000000020e-01 7.886606231141258805e-01
1.595000000000000029e-01 7.971316656105223997e-01
1.605000000000000038e-01 8.060623770795916077e-01
1.615000000000000047e-01 8.212971201738861193e-01
1.625000000000000056e-01 8.375168682096221229e-01
1.635000000000000064e-01 8.555752921360487706e-01
1.645000000000000073e-01 8.691683603279408699e-01
1.655000000000000082e-01 8.936621498717851608e-01
1.665000000000000091e-01 9.029868633174309434e-01
1.675000000000000100e-01 9.083058900012147552e-01
1.685000000000000109e-01 9.111295708333468912e-01
1.695000000000000118e-01 9.295163297402541103e-01
1.705000000000000127e-01 9.461300797525666884e-01
1.715000000000000135e-01 9.778472388669815496e-01
1.724999999999999867e-01 9.789635778006151590e-01
1.734999999999999876e-01 9.915059740549697631e-01
1.744999999999999885e-01 9.974816706997146065e-01
1.754999999999999893e-01 1.016196764587102175e+00
1.764999999999999902e-01 1.031497174677492801e+00
1.774999999999999911e-01 1.053101616393108841e+00
1.784999999999999920e-01 1.073130050202418362e+00
1.794999999999999929e-01 1.086920119382598804e+00
1.804999999999999938e-01 1.104978543309025563e+00
1.814999999999999947e-01 1.106423217223139632e+00
1.824999999999999956e-01 1.121854961305722487e+00
1.834999999999999964e-01 1.136761369419536427e+00
1.844999999999999973e-01 1.156461468248365598e+00
1.854999999999999982e-01 1.163356502838455819e+00
1.864999999999999991e-01 1.200392688636654492e+00
1.875000000000000000e-01 1.208601063148666777e+00
1.885000000000000009e-01 1.209717402082300275e+00
1.895000000000000018e-01 1.245702915942961564e+00
1.905000000000000027e-01 1.266322352717136113e+00
1.915000000000000036e-01 1.288517797397616738e+00
1.925000000000000044e-01 1.304015208476295706e+00
1.935000000000000053e-01 1.295544165979899187e+00
1.945000000000000062e-01 1.342299067200320328e+00
1.955000000000000071e-01 1.377562244103924360e+00
1.965000000000000080e-01 1.379269586002422887e+00
1.975000000000000089e-01 1.384522945690110696e+00
1.985000000000000098e-01 1.410133074167588596e+00
1.995000000000000107e-01 1.419457787613234379e+00
2.005000000000000115e-01 1.448745267872093789e+00
2.015000000000000124e-01 1.459842990212333991e+00
2.025000000000000133e-01 1.490312476400923236e+00
2.034999999999999865e-01 1.518549284722244819e+00
2.044999999999999873e-01 1.532996023863386181e+00
2.054999999999999882e-01 1.557555480403326476e+00
2.064999999999999891e-01 1.579685258087711208e+00
2.074999999999999900e-01 1.577649581208732332e+00
2.084999999999999909e-01 1.629460841128552939e+00
2.094999999999999918e-01 1.647913267031556162e+00
2.104999999999999927e-01 1.649095272961285774e+00
2.114999999999999936e-01 1.683110776939064079e+00
2.124999999999999944e-01 1.708064235455581059e+00
2.134999999999999953e-01 1.733674363933058959e+00
2.144999999999999962e-01 1.753571463750176251e+00
2.154999999999999971e-01 1.794941671290717577e+00
2.164999999999999980e-01 1.785616957845071795e+00
2.174999999999999989e-01 1.818450455893120266e+00
2.184999999999999998e-01 1.844191918362790394e+00
2.195000000000000007e-01 1.867306700988616397e+00
2.205000000000000016e-01 1.877813420363992014e+00
2.215000000000000024e-01 1.921744640752280908e+00
2.225000000000000033e-01 1.928836676330659472e+00
2.235000000000000042e-01 1.965807195132762031e+00
2.245000000000000051e-01 1.969747214898527998e+00
2.255000000000000060e-01 2.013153099318047978e+00
2.265000000000000069e-01 2.029241513361591753e+00
2.275000000000000078e-01 2.052947298952283006e+00
2.285000000000000087e-01 2.109223914606638051e+00
2.295000000000000095e-01 2.135950382017749671e+00
2.305000000000000104e-01 2.164384191327359819e+00
2.315000000000000113e-01 2.186448302015648437e+00
2.325000000000000122e-01 2.198728030285618473e+00
2.335000000000000131e-01 2.209234749660994090e+00
2.344999999999999862e-01 2.261571345549583167e+00
2.354999999999999871e-01 2.281862447343277367e+00
2.364999999999999880e-01 2.300643208226761161e+00
2.374999999999999889e-01 2.356919823881116205e+00
2.384999999999999898e-01 2.365719201357993295e+00
2.394999999999999907e-01 2.399800372331867493e+00
2.404999999999999916e-01 2.414378445465201306e+00
2.414999999999999925e-01 2.442483919794330660e+00
2.424999999999999933e-01 2.489501488999136036e+00
2.434999999999999942e-01 2.521940985070608043e+00
2.444999999999999951e-01 2.538160733106344047e+00
2.454999999999999960e-01 2.576378924834272777e+00
2.464999999999999969e-01 2.613283776640279221e+00
2.474999999999999978e-01 2.625038168941480787e+00
2.484999999999999987e-01 2.660958015806045740e+00
2.494999999999999996e-01 2.714739285608749331e+00
2.505000000000000004e-01 2.720911983241782295e+00
2.515000000000000013e-01 2.773314246126467708e+00
2.525000000000000022e-01 2.786578979337879236e+00
2.535000000000000031e-01 2.822958495175117211e+00
2.545000000000000040e-01 2.857433668125568094e+00
2.555000000000000049e-01 2.889610496212655644e+00
2.565000000000000058e-01 2.921918658291935422e+00
2.575000000000000067e-01 2.953635817406350395e+00
2.585000000000000075e-01 2.992445012099143931e+00
2.595000000000000084e-01 3.014180787806951756e+00
2.605000000000000093e-01 3.065532378754099785e+00
2.615000000000000102e-01 3.088515827387733559e+00
2.625000000000000111e-01 3.120232986502148531e+00
2.635000000000000120e-01 3.155430496409656893e+00
2.645000000000000129e-01 3.185571647617765123e+00
2.655000000000000138e-01 3.223001835392540482e+00
2.665000000000000147e-01 3.263255703999448087e+00
2.675000000000000155e-01 3.314869962930980574e+00
2.685000000000000164e-01 3.306267586442391604e+00
2.695000000000000173e-01 3.374495595386236335e+00
2.705000000000000182e-01 3.423548841470021031e+00
2.715000000000000191e-01 3.428211198192844034e+00
2.725000000000000200e-01 3.457433011455607108e+00
2.735000000000000209e-01 3.513315625133385911e+00
2.745000000000000218e-01 3.531505383052004454e+00
2.755000000000000226e-01 3.615165136078432262e+00
2.765000000000000235e-01 3.625212186481135301e+00
2.775000000000000244e-01 3.670522413787442151e+00
2.785000000000000253e-01 3.675841440471225852e+00
2.795000000000000262e-01 3.715832641093749000e+00
2.805000000000000271e-01 3.758187853575731818e+00
2.814999999999999725e-01 3.806453095706363143e+00
2.824999999999999734e-01 3.804745753807864617e+00
2.834999999999999742e-01 3.855112339813571154e+00
2.844999999999999751e-01 3.892345526600057948e+00
2.854999999999999760e-01 3.924522354687145498e+00
2.864999999999999769e-01 3.969241579028587985e+00
2.874999999999999778e-01 3.999514064228888444e+00
2.884999999999999787e-01 4.065640729297657963e+00
2.894999999999999796e-01 4.038520259909970100e+00
2.904999999999999805e-01 4.119619000088650118e+00
2.914999999999999813e-01 4.113577636447809383e+00
2.924999999999999822e-01 4.161908545574536156e+00
2.934999999999999831e-01 4.238213595038201831e+00
2.944999999999999840e-01 4.208203777822284941e+00
2.954999999999999849e-01 4.252003664218381829e+00
2.964999999999999858e-01 4.293702206739403060e+00
2.974999999999999867e-01 4.312154632642406504e+00
2.984999999999999876e-01 4.350766826346911920e+00
2.994999999999999885e-01 4.371845932093759046e+00
3.004999999999999893e-01 4.403103422235501441e+00
3.014999999999999902e-01 4.471725433155922858e+00
3.024999999999999911e-01 4.499042903531899285e+00
3.034999999999999920e-01 4.523536693075743464e+00
3.044999999999999929e-01 4.528330383790758695e+00
3.054999999999999938e-01 4.553415176299467682e+00
3.064999999999999947e-01 4.552561505350218418e+00
3.074999999999999956e-01 4.613434810731299685e+00
3.084999999999999964e-01 4.596821060718987439e+00
3.094999999999999973e-01 4.610479795906975653e+00
3.104999999999999982e-01 4.679627142796165984e+00
3.114999999999999991e-01 4.694402216917787918e+00
3.125000000000000000e-01 4.667807083498868082e+00
3.135000000000000009e-01 4.708651955070640938e+00
3.145000000000000018e-01 4.740237780192863681e+00
3.155000000000000027e-01 4.772545942272143016e+00
3.165000000000000036e-01 4.755341189294965965e+00
3.175000000000000044e-01 4.757770868150521082e+00
3.185000000000000053e-01 4.752845843443314067e+00
3.195000000000000062e-01 4.789291026276647933e+00
3.205000000000000071e-01 4.793099712050222116e+00
3.215000000000000080e-01 4.812143140918089479e+00
3.225000000000000089e-01 4.822978195273945445e+00
3.235000000000000098e-01 4.798550072726198046e+00
3.245000000000000107e-01 4.824554203180252188e+00
3.255000000000000115e-01 4.795398056913585449e+00
3.265000000000000124e-01 4.785942009475746772e+00
3.275000000000000133e-01 4.793231046042413901e+00
3.285000000000000142e-01 4.847734652802174082e+00
3.295000000000000151e-01 4.799797745652023551e+00
3.305000000000000160e-01 4.839723279278450363e+00
3.315000000000000169e-01 4.815098155742414399e+00
3.325000000000000178e-01 4.827509218004576219e+00
3.335000000000000187e-01 4.741025784146017052e+00
3.345000000000000195e-01 4.817330833609681839e+00
3.355000000000000204e-01 4.805970443285056959e+00
3.365000000000000213e-01 4.765388239697668560e+00
3.375000000000000222e-01 4.745819474861031395e+00
3.385000000000000231e-01 4.744177799958629649e+00
3.395000000000000240e-01 4.719684010414785469e+00
3.405000000000000249e-01 4.705368605265835669e+00
3.415000000000000258e-01 4.694861885890460051e+00
3.425000000000000266e-01 4.705565606254124233e+00
3.435000000000000275e-01 4.689345858218388230e+00
3.444999999999999729e-01 4.626436875958327199e+00
3.454999999999999738e-01 4.631755902642111344e+00
3.464999999999999747e-01 4.615733155594663906e+00
3.474999999999999756e-01 4.579025304776945582e+00
3.484999999999999765e-01 4.534240413439406758e+00
3.494999999999999774e-01 4.528067715806374238e+00
3.504999999999999782e-01 4.487682513207274404e+00
3.514999999999999791e-01 4.489586856094060607e+00
3.524999999999999800e-01 4.436462256252318603e+00
3.534999999999999809e-01 4.431865566525591937e+00
3.544999999999999818e-01 4.360222873784749709e+00
3.554999999999999827e-01 4.341573446893458588e+00
3.564999999999999836e-01 4.328637048662526965e+00
3.574999999999999845e-01 4.321676347076341074e+00
3.584999999999999853e-01 4.253448338132495898e+00
3.594999999999999862e-01 4.245765299589252528e+00
3.604999999999999871e-01 4.224620526846309509e+00
3.614999999999999880e-01 4.180689306458019949e+00
3.624999999999999889e-01 4.105697596916277448e+00
3.634999999999999898e-01 4.083502152235796601e+00
3.644999999999999907e-01 4.072010427918979936e+00
3.654999999999999916e-01 4.056447349844204631e+00
3.664999999999999925e-01 4.015733812264624447e+00
3.674999999999999933e-01 3.967665571122281243e+00
3.684999999999999942e-01 3.925113357652010748e+00
3.694999999999999951e-01 3.923209014765223657e+00
3.704999999999999960e-01 3.868311406028886346e+00
3.714999999999999969e-01 3.822738510738195039e+00
3.724999999999999978e-01 3.798638723170927545e+00
3.734999999999999987e-01 3.759698194485941780e+00
3.744999999999999996e-01 3.714847636152307508e+00
3.755000000000000004e-01 3.641628935505159426e+00
3.765000000000000013e-01 3.649311974048402796e+00
3.775000000000000022e-01 3.621206499719273442e+00
3.785000000000000031e-01 3.560792863310863865e+00
3.795000000000000040e-01 3.550351810931584584e+00
3.805000000000000049e-01 3.519947991739091453e+00
3.815000000000000058e-01 3.469384404745096795e+00
3.825000000000000067e-01 3.446597957099751142e+00
3.835000000000000075e-01 3.386052986699149780e+00
3.845000000000000084e-01 3.358275847350500776e+00
3.855000000000000093e-01 3.337459409588037662e+00
3.865000000000000102e-01 3.301867897703953059e+00
3.875000000000000111e-01 3.243030269201850224e+00
3.885000000000000120e-01 3.208226761270918548e+00
3.895000000000000129e-01 3.171124908476623983e+00
3.905000000000000138e-01 3.168563895628876192e+00
3.915000000000000147e-01 3.099876217712358439e+00
3.925000000000000155e-01 3.069341064527673524e+00
3.935000000000000164e-01 3.058506010171817557e+00
3.945000000000000173e-01 3.016676133658603653e+00
3.955000000000000182e-01 2.966506548641185237e+00
3.965000000000000191e-01 2.942932097042686657e+00
3.975000000000000200e-01 2.929733030827371021e+00
3.985000000000000209e-01 2.893944517954998297e+00
3.995000000000000218e-01 2.856776998164607395e+00
4.005000000000000226e-01 2.833530881546588720e+00
4.015000000000000235e-01 2.787235649298840379e+00
4.025000000000000244e-01 2.750199463500641706e+00
4.035000000000000253e-01 2.719598643319860454e+00
4.045000000000000262e-01 2.662993692685024616e+00
4.055000000000000271e-01 2.653077976274514249e+00
4.064999999999999725e-01 2.648546953543883475e+00
4.074999999999999734e-01 2.594765683741179885e+00
4.084999999999999742e-01 2.554511815134272279e+00
4.094999999999999751e-01 2.523122991000338100e+00
4.104999999999999760e-01 2.519445639218956590e+00
4.114999999999999769e-01 2.486218139194331211e+00
4.124999999999999778e-01 2.465073366451388193e+00
4.134999999999999787e-01 2.401048045257693442e+00
4.144999999999999796e-01 2.392971004737873386e+00
4.154999999999999805e-01 2.354096143048983958e+00
4.164999999999999813e-01 2.331309695403638305e+00
4.174999999999999822e-01 2.293025836679613683e+00
4.184999999999999831e-01 2.282519117304238065e+00
4.194999999999999840e-01 2.253953974002436134e+00
4.204999999999999849e-01 2.214291108360393334e+00
4.214999999999999858e-01 2.195444680480813648e+00
4.224999999999999867e-01 2.151841795073004882e+00
4.234999999999999876e-01 2.143567753564896705e+00
4.244999999999999885e-01 2.126625668572103667e+00
4.254999999999999893e-01 2.082037778222853852e+00
4.264999999999999902e-01 2.084598791070601642e+00
4.274999999999999911e-01 2.024644823634865087e+00
4.284999999999999920e-01 1.999428697133963873e+00
4.294999999999999929e-01 1.977627254430059489e+00
4.304999999999999938e-01 1.961210505406035365e+00
4.314999999999999947e-01 1.924371320596124812e+00
4.324999999999999956e-01 1.892063158516845034e+00
4.334999999999999964e-01 1.876368746449877944e+00
4.344999999999999973e-01 1.857850653550778386e+00
4.354999999999999982e-01 1.831452521120147559e+00
4.364999999999999991e-01 1.802296374853480376e+00
4.375000000000000000e-01 1.779050258235461923e+00
4.385000000000000009e-01 1.766442194985011316e+00
4.395000000000000018e-01 1.719293291788013711e+00
4.405000000000000027e-01 1.715221938030055737e+00
4.415000000000000036e-01 1.695062170228553766e+00
4.425000000000000044e-01 1.679170757173298334e+00
4.435000000000000053e-01 1.660783998266391226e+00
4.445000000000000062e-01 1.614751434003027120e+00
4.455000000000000071e-01 1.608710070362186162e+00
4.465000000000000080e-01 1.571082881599122461e+00
4.475000000000000089e-01 1.551382782770293511e+00
4.485000000000000098e-01 1.559197155305728888e+00
4.495000000000000107e-01 1.523474309429452056e+00
4.505000000000000115e-01 1.509946908233656071e+00
4.515000000000000124e-01 1.487685796557079332e+00
4.525000000000000133e-01 1.485847120666388577e+00
4.535000000000000142e-01 1.425564818250171450e+00
4.545000000000000151e-01 1.441653232293715226e+00
4.555000000000000160e-01 1.403566374557978946e+00
4.565000000000000169e-01 1.373359556353774158e+00
4.575000000000000178e-01 1.373556557342062501e+00
4.585000000000000187e-01 1.358190480255575761e+00
4.595000000000000195e-01 1.318396280621340955e+00
4.605000000000000204e-01 1.315441265797016701e+00
4.615000000000000213e-01 1.283592772690409500e+00
4.625000000000000222e-01 1.266650687697616462e+00
4.635000000000000231e-01 1.259492985123142006e+00
4.645000000000000240e-01 1.238348212380198765e+00
4.655000000000000249e-01 1.216678103668486610e+00
4.665000000000000258e-01 1.194088657011429300e+00
4.675000000000000266e-01 1.181743261745362927e+00
4.685000000000000275e-01 1.165851848690107495e+00
4.694999999999999729e-01 1.134660025544461437e+00
4.704999999999999738e-01 1.124547308145662505e+00
4.714999999999999747e-01 1.104650208328544991e+00
4.724999999999999756e-01 1.100447520578394789e+00
4.734999999999999765e-01 1.076413400007223187e+00
4.744999999999999774e-01 1.075822397042358380e+00
4.754999999999999782e-01 1.061375657901217018e+00
4.764999999999999791e-01 1.039771216185601199e+00
4.774999999999999800e-01 1.029986833767282617e+00
4.784999999999999809e-01 9.999113495552701680e-01
4.794999999999999818e-01 9.937386519222370929e-01
4.804999999999999827e-01 9.931476489573721755e-01
4.814999999999999836e-01 9.660271795696840913e-01
4.824999999999999845e-01 9.486910926003144784e-01
4.834999999999999853e-01 9.331280145255395064e-01
4.844999999999999862e-01 9.317490076075214400e-01
4.854999999999999871e-01 9.146755886225361731e-01
4.864999999999999880e-01 8.935964828756890466e-01
4.874999999999999889e-01 8.769170658672803542e-01
4.884999999999999898e-01 8.638493336441570580e-01
4.894999999999999907e-01 8.587929749447575922e-01
4.904999999999999916e-01 8.549186221750878500e-01
4.914999999999999925e-01 8.434268978582708520e-01
4.924999999999999933e-01 8.306218336195319019e-01
4.934999999999999942e-01 8.216911221504626939e-01
4.944999999999999951e-01 7.944393187705823811e-01
4.954999999999999960e-01 8.007433503958077958e-01
4.964999999999999969e-01 7.684351883165280173e-01
4.974999999999999978e-01 7.580598029333446286e-01
4.984999999999999987e-01 7.383597041045155684e-01
4.994999999999999996e-01 7.460427426477588275e-01
5.004999999999999449e-01 7.376373671474584226e-01
5.014999999999999458e-01 7.141942495411518488e-01
5.024999999999999467e-01 7.111079007246352557e-01
5.034999999999999476e-01 6.996818434039143719e-01
5.044999999999999485e-01 6.789967396336438199e-01
5.054999999999999494e-01 6.628426585940039306e-01
5.064999999999999503e-01 6.681616852777877424e-01
5.074999999999999512e-01 6.558819570078175953e-01
5.084999999999999520e-01 6.331611763585680563e-01
5.094999999999999529e-01 6.359191901946040781e-01
5.104999999999999538e-01 6.329641753702797136e-01
5.114999999999999547e-01 6.116224016390481300e-01
5.124999999999999556e-01 6.027573571660750362e-01
5.134999999999999565e-01 5.981606674393482592e-01
5.144999999999999574e-01 5.860122731615703406e-01
5.154999999999999583e-01 5.769502277003089041e-01
5.164999999999999591e-01 5.716312010165250923e-01
5.174999999999999600e-01 5.609931476489573576e-01
5.184999999999999609e-01 5.535727770900983336e-01
5.194999999999999618e-01 5.444450646327408938e-01
5.204999999999999627e-01 5.374186960504584443e-01
5.214999999999999636e-01 5.225779549327405071e-01
5.224999999999999645e-01 5.184409341786864189e-01
5.234999999999999654e-01 5.133845754792869531e-01
5.244999999999999662e-01 4.997915072873948539e-01
5.254999999999999671e-01 4.995945062991065666e-01
5.264999999999999680e-01 4.949321495762836753e-01
5.274999999999999689e-01 4.758230537123194215e-01
5.284999999999999698e-01 4.737873768333403790e-01
5.294999999999999707e-01 4.672863442198267880e-01
5.304999999999999716e-01 4.563199558717785931e-01
5.314999999999999725e-01 4.428582216720786668e-01
5.324999999999999734e-01 4.496875892660727736e-01
5.334999999999999742e-01 4.406912108009074514e-01
5.344999999999999751e-01 4.243401287729793303e-01
5.354999999999999760e-01 4.251281327261324794e-01
5.364999999999999769e-01 4.211881129603666229e-01
5.374999999999999778e-01 4.065443728309369731e-01
5.384999999999999787e-01 3.901932908030088520e-01
5.394999999999999796e-01 3.953809834946004909e-01
5.404999999999999805e-01 3.868442740021078574e-01
5.414999999999999813e-01 3.888142838849907856e-01
5.424999999999999822e-01 3.695738540288343588e-01
5.434999999999999831e-01 3.706245259663719094e-01
5.444999999999999840e-01 3.660935032357411911e-01
5.454999999999999849e-01 3.618251484894948744e-01
5.464999999999999858e-01 3.550614478915968819e-01
5.474999999999999867e-01 3.454740664615666978e-01
5.484999999999999876e-01 3.343763441213263299e-01
5.494999999999999885e-01 3.402207067738789448e-01
5.504999999999999893e-01 3.303049903633683004e-01
5.514999999999999902e-01 3.233442887771820207e-01
5.524999999999999911e-01 3.250516306756805474e-01
5.534999999999999920e-01 3.170402571519566615e-01
5.544999999999999929e-01 3.043665269054099398e-01
5.554999999999999938e-01 3.011488440967011737e-01
5.564999999999999947e-01 3.027248520030075274e-01
5.574999999999999956e-01 2.941881425105148939e-01
5.584999999999999964e-01 2.880154448774817633e-01
5.594999999999999973e-01 2.794130683888930711e-01
5.604999999999999982e-01 2.837470901312354465e-01
5.614999999999999991e-01 2.773773915099140286e-01
5.625000000000000000e-01 2.738970407168209165e-01
5.635000000000000009e-01 2.689063490135175094e-01
5.645000000000000018e-01 2.633903213414453548e-01
5.655000000000000027e-01 2.557729497942980990e-01
5.665000000000000036e-01 2.533432709387425374e-01
5.675000000000000044e-01 2.515045950480517822e-01
5.685000000000000053e-01 2.541312748918956865e-01
5.695000000000000062e-01 2.442155584813850144e-01
5.705000000000000071e-01 2.398815367390426112e-01
5.715000000000000080e-01 2.360728509654689833e-01
5.725000000000000089e-01 2.283898124222256409e-01
5.735000000000000098e-01 2.281271444378412394e-01
5.745000000000000107e-01 2.255004645939973629e-01
5.755000000000000115e-01 2.270108055042076023e-01
5.765000000000000124e-01 2.191307659726759449e-01
5.775000000000000133e-01 2.147967442303335417e-01
5.785000000000000142e-01 2.124327323708740389e-01
5.795000000000000151e-01 2.037646888861892325e-01
5.805000000000000160e-01 1.999560031126156046e-01
5.815000000000000169e-01 2.002186710969999783e-01
5.825000000000000178e-01 1.915506276123151719e-01
5.835000000000000187e-01 1.965413193156185512e-01
5.845000000000000195e-01 1.896462847255283579e-01
5.855000000000000204e-01 1.857719319558586157e-01
5.865000000000000213e-01 1.887269467801830081e-01
5.875000000000000222e-01 1.885956127879908073e-01
5.885000000000000231e-01 1.747398766117143065e-01
5.895000000000000240e-01 1.767755534906933212e-01
5.905000000000000249e-01 1.687641799669694909e-01
5.915000000000000258e-01 1.705371888615641041e-01
5.925000000000000266e-01 1.717848617873899419e-01
5.935000000000000275e-01 1.625914823339363602e-01
5.945000000000000284e-01 1.674508400450475387e-01
5.955000000000000293e-01 1.602274704744768574e-01
5.965000000000000302e-01 1.551054447789813051e-01
5.975000000000000311e-01 1.510340910210232757e-01
5.985000000000000320e-01 1.521504299546569128e-01
5.995000000000000329e-01 1.535294368726749514e-01
6.005000000000000338e-01 1.423660475363384692e-01
6.015000000000000346e-01 1.465030682903925852e-01
6.025000000000000355e-01 1.447957263918940585e-01
6.035000000000000364e-01 1.391483647276297031e-01
6.045000000000000373e-01 1.327129991102121986e-01
6.055000000000000382e-01 1.289699803327346572e-01
6.065000000000000391e-01 1.331726680828848597e-01
6.075000000000000400e-01 1.276566404108127051e-01
6.085000000000000409e-01 1.310713242078097585e-01
6.095000000000000417e-01 1.294296493054073460e-01
6.105000000000000426e-01 1.202362698519537504e-01
6.115000000000000435e-01 1.219436117504522771e-01
6.125000000000000444e-01 1.194482658988005874e-01
6.135000000000000453e-01 1.208929398129147126e-01
6.145000000000000462e-01 1.197766008792810616e-01
6.155000000000000471e-01 1.129472332852869687e-01
6.165000000000000480e-01 1.099922184609626041e-01
6.175000000000000488e-01 1.128815662891908683e-01
6.185000000000000497e-01 1.092042145078094412e-01
6.195000000000000506e-01 1.057238637147162874e-01
6.205000000000000515e-01 1.046075247810826364e-01
6.215000000000000524e-01 1.055268627264280001e-01
6.225000000000000533e-01 1.009301729997012093e-01
6.235000000000000542e-01 1.053298617381397129e-01
6.245000000000000551e-01 9.810649216756903157e-02
6.254999999999999449e-01 9.896016311681829491e-02
6.264999999999999458e-01 9.804082517147293119e-02
6.274999999999999467e-01 9.784382418318464392e-02
6.284999999999999476e-01 9.094878959309445066e-02
6.294999999999999485e-01 8.766543978828959804e-02
6.304999999999999494e-01 8.989811765555690004e-02
6.314999999999999503e-01 9.075178860480616339e-02
6.324999999999999512e-01 8.674610184294423432e-02
6.334999999999999520e-01 8.517009393663790839e-02
6.344999999999999529e-01 7.958839926846965340e-02
6.354999999999999538e-01 8.195241112792915616e-02
6.364999999999999547e-01 7.656771744804918844e-02
6.374999999999999556e-01 7.761838938558673906e-02
6.384999999999999565e-01 7.446637357297408721e-02
6.394999999999999574e-01 7.709305341681796375e-02
6.404999999999999583e-01 7.479470855345457525e-02
6.414999999999999591e-01 7.183969372913019680e-02
6.424999999999999600e-01 7.328436764324433583e-02
6.434999999999999609e-01 7.092035578378484695e-02
6.444999999999999618e-01 7.098602277988093345e-02
6.454999999999999627e-01 6.835934293603705691e-02
6.464999999999999636e-01 7.098602277988093345e-02
6.474999999999999645e-01 6.652066704534634334e-02
6.484999999999999654e-01 6.592966408048146765e-02
6.494999999999999662e-01 6.435365617417512785e-02
6.504999999999999671e-01 6.501032613513610392e-02
6.514999999999999680e-01 6.422232218198294096e-02
6.524999999999999689e-01 6.034796941231321266e-02
6.534999999999999698e-01 5.903462949039127439e-02
6.544999999999999707e-01 5.850929352162249214e-02
6.554999999999999716e-01 5.811529154504591066e-02
6.564999999999999725e-01 5.680195162312397239e-02
6.574999999999999734e-01 6.080763838498589452e-02
6.584999999999999742e-01 5.456927375585667039e-02
6.594999999999999751e-01 5.706461960750836004e-02
6.604999999999999760e-01 5.240226288468546878e-02
6.614999999999999769e-01 5.141725794324401161e-02
6.624999999999999778e-01 4.872491110330402775e-02
6.634999999999999787e-01 4.662356722822892652e-02
6.644999999999999796e-01 4.918458007597670961e-02
6.654999999999999805e-01 5.089192197447523630e-02
6.664999999999999813e-01 4.714890319699770183e-02
6.674999999999999822e-01 4.734590418528598910e-02
6.684999999999999831e-01 4.478489133753820600e-02
6.694999999999999840e-01 4.590123027117185700e-02
6.704999999999999849e-01 4.465355734534601218e-02
6.714999999999999858e-01 4.544156129849917514e-02
6.724999999999999867e-01 4.189554350930993487e-02
6.734999999999999876e-01 4.478489133753820600e-02
6.744999999999999885e-01 4.222387848979042291e-02
6.754999999999999893e-01 4.268354746246309783e-02
6.764999999999999902e-01 3.979419963423482670e-02
6.774999999999999911e-01 4.143587453663725301e-02
6.784999999999999920e-01 3.808685773573630695e-02
6.794999999999999929e-01 3.703618579819874940e-02
6.804999999999999938e-01 4.038520259909970239e-02
6.814999999999999947e-01 3.841519271621678805e-02
6.824999999999999956e-01 3.762718876306362509e-02
6.834999999999999964e-01 3.368716899729780334e-02
6.844999999999999973e-01 3.434383895825877248e-02
6.854999999999999982e-01 3.500050891921974161e-02
6.864999999999999991e-01 3.572284587627681113e-02
6.875000000000000000e-01 3.723318678648704361e-02
6.885000000000000009e-01 3.349016800900950913e-02
6.895000000000000018e-01 3.710185279429484978e-02
6.905000000000000027e-01 3.033815219639685035e-02
6.915000000000000036e-01 3.434383895825877248e-02
6.925000000000000044e-01 2.987848322372416848e-02
6.935000000000000053e-01 3.158582512222269517e-02
6.945000000000000062e-01 2.876214429009052095e-02
6.955000000000000071e-01 2.902481227447490861e-02
6.965000000000000080e-01 2.863081029789832366e-02
6.975000000000000089e-01 2.790847334084125761e-02
6.985000000000000098e-01 3.171715911441488900e-02
6.995000000000000107e-01 2.955014824324368392e-02
7.005000000000000115e-01 2.876214429009052095e-02
7.015000000000000124e-01 2.659513341891931587e-02
7.025000000000000133e-01 2.646379942672712204e-02
7.035000000000000142e-01 2.561012847747785870e-02
7.045000000000000151e-01 2.554446148138176179e-02
7.055000000000000160e-01 2.528179349699737413e-02
7.065000000000000169e-01 2.482212452432469574e-02
7.075000000000000178e-01 2.528179349699737413e-02
7.085000000000000187e-01 2.364011859459494783e-02
7.095000000000000195e-01 2.357445159849885091e-02
7.105000000000000204e-01 2.167010871171203348e-02
7.115000000000000213e-01 2.180144270390423078e-02
7.125000000000000222e-01 2.160444171561593657e-02
7.135000000000000231e-01 2.153877471951983966e-02
7.145000000000000240e-01 2.252377966096129683e-02
7.155000000000000249e-01 2.226111167657690917e-02
7.165000000000000258e-01 2.075077076636667670e-02
7.175000000000000266e-01 1.910909586396425039e-02
7.185000000000000275e-01 2.048810278198228904e-02
7.195000000000000284e-01 2.114477274294325818e-02
7.205000000000000293e-01 1.871509388738766544e-02
7.215000000000000302e-01 1.937176384834863804e-02
7.225000000000000311e-01 1.818975791861889013e-02
7.235000000000000320e-01 1.661375001231256074e-02
7.245000000000000329e-01 1.628541503183207617e-02
7.255000000000000338e-01 1.694208499279304531e-02
7.265000000000000346e-01 1.713908598108133605e-02
7.275000000000000355e-01 1.910909586396425039e-02
7.285000000000000364e-01 1.648241602012036691e-02
7.295000000000000373e-01 1.543174408258281283e-02
7.305000000000000382e-01 1.621974803573597926e-02
7.315000000000000391e-01 1.694208499279304531e-02
7.325000000000000400e-01 1.569441206696720048e-02
7.335000000000000409e-01 1.582574605915939431e-02
7.345000000000000417e-01 1.470940712552574504e-02
7.355000000000000426e-01 1.333040020750770639e-02
7.365000000000000435e-01 1.470940712552574504e-02
7.375000000000000444e-01 1.352740119579599713e-02
7.385000000000000453e-01 1.556307807477500665e-02
7.395000000000000462e-01 1.595708005135158813e-02
7.405000000000000471e-01 1.372440218408428961e-02
7.415000000000000480e-01 1.221406127387405539e-02
7.425000000000000488e-01 1.379006918018038652e-02
7.435000000000000497e-01 1.096638834804821230e-02
7.445000000000000506e-01 1.306773222312331874e-02
7.455000000000000515e-01 1.280506423873892935e-02
7.465000000000000524e-01 1.300206522702722182e-02
7.475000000000000533e-01 1.083505435585601674e-02
7.485000000000000542e-01 1.411840416066087109e-02
7.495000000000000551e-01 1.129472332852869687e-02
7.504999999999999449e-01 1.306773222312331874e-02
7.514999999999999458e-01 1.267373024654673552e-02
7.524999999999999467e-01 9.718715422222367478e-03
7.534999999999999476e-01 9.915716410510658219e-03
7.544999999999999485e-01 1.122905633243259996e-02
7.554999999999999494e-01 1.057238637147162909e-02
7.564999999999999503e-01 1.004705040270285205e-02
7.574999999999999512e-01 1.103205534414430922e-02
7.584999999999999520e-01 1.096638834804821230e-02
7.594999999999999529e-01 1.083505435585601674e-02
7.604999999999999538e-01 8.799377476877008955e-03
7.614999999999999547e-01 1.129472332852869687e-02
7.624999999999999556e-01 1.024405139099114452e-02
7.634999999999999565e-01 8.405375500300425740e-03
7.644999999999999574e-01 9.259046449549687349e-03
7.654999999999999583e-01 8.339708504204328826e-03
7.664999999999999591e-01 9.259046449549687349e-03
7.674999999999999600e-01 8.339708504204328826e-03
7.684999999999999609e-01 8.274041508108231913e-03
7.694999999999999618e-01 9.127712457357493522e-03
7.704999999999999627e-01 8.865044472973105869e-03
7.714999999999999636e-01 7.289036566666775609e-03
7.724999999999999645e-01 7.880039531531648697e-03
7.734999999999999654e-01 7.026368582282387087e-03
7.744999999999999662e-01 8.011373523723842524e-03
7.754999999999999671e-01 8.668043484684813393e-03
7.764999999999999680e-01 8.011373523723842524e-03
7.774999999999999689e-01 6.960701586186290174e-03
7.784999999999999698e-01 7.354703562762872522e-03
7.794999999999999707e-01 7.551704551051164130e-03
7.804999999999999716e-01 8.930711469069202782e-03
7.814999999999999725e-01 7.814372535435551784e-03
7.824999999999999734e-01 6.698033601801901653e-03
7.834999999999999742e-01 7.880039531531648697e-03
7.844999999999999751e-01 6.960701586186290174e-03
7.854999999999999760e-01 7.157702574474580914e-03
7.864999999999999769e-01 7.092035578378484001e-03
7.874999999999999778e-01 7.683038543243357957e-03
7.884999999999999787e-01 6.566699609609707826e-03
7.894999999999999796e-01 5.187692691591669174e-03
7.904999999999999805e-01 6.501032613513610912e-03
7.914999999999999813e-01 5.778695656456542262e-03
7.924999999999999822e-01 4.925024707207280653e-03
7.934999999999999831e-01 4.925024707207280653e-03
7.944999999999999840e-01 5.581694668168251522e-03
7.954999999999999849e-01 5.647361664264348435e-03
7.964999999999999858e-01 5.384693679879959914e-03
7.974999999999999867e-01 4.334021742342406697e-03
7.984999999999999876e-01 4.990691703303377566e-03
7.994999999999999885e-01 4.793690715015086826e-03
8.004999999999999893e-01 5.910029648648736957e-03
8.014999999999999902e-01 4.793690715015086826e-03
8.024999999999999911e-01 3.874352769669727435e-03
8.034999999999999920e-01 6.172697633033125478e-03
8.044999999999999929e-01 4.662356722822892131e-03
8.054999999999999938e-01 4.202687750150212870e-03
8.064999999999999947e-01 5.122025695495572260e-03
8.074999999999999956e-01 4.596689726726795218e-03
8.084999999999999964e-01 4.596689726726795218e-03
8.094999999999999973e-01 4.202687750150212870e-03
8.104999999999999982e-01 5.122025695495572260e-03
8.114999999999999991e-01 5.516027672072154608e-03
8.125000000000000000e-01 4.925024707207280653e-03
8.135000000000000009e-01 4.268354746246309783e-03
8.145000000000000018e-01 3.808685773573630522e-03
8.155000000000000027e-01 3.414683796997048174e-03
8.165000000000000036e-01 3.940019765765824349e-03
8.175000000000000044e-01 3.480350793093145087e-03
8.185000000000000053e-01 4.465355734534601391e-03
8.195000000000000062e-01 2.955014824324368478e-03
8.205000000000000071e-01 3.349016800900950826e-03
8.215000000000000080e-01 3.480350793093145087e-03
8.225000000000000089e-01 3.020681820420465392e-03
8.235000000000000098e-01 3.874352769669727435e-03
8.245000000000000107e-01 3.480350793093145087e-03
8.255000000000000115e-01 2.955014824324368478e-03
8.265000000000000124e-01 2.889347828228271131e-03
8.275000000000000133e-01 3.480350793093145087e-03
8.285000000000000142e-01 2.692346839939979957e-03
8.295000000000000151e-01 3.414683796997048174e-03
8.305000000000000160e-01 2.758013836036077304e-03
8.315000000000000169e-01 3.283349804804853913e-03
8.325000000000000178e-01 3.283349804804853913e-03
8.335000000000000187e-01 3.020681820420465392e-03
8.345000000000000195e-01 3.283349804804853913e-03
8.355000000000000204e-01 4.334021742342406697e-03
8.365000000000000213e-01 2.298344863363397609e-03
8.375000000000000222e-01 3.217682808708756566e-03
8.385000000000000231e-01 1.970009882882912174e-03
8.395000000000000240e-01 3.414683796997048174e-03
8.405000000000000249e-01 2.955014824324368478e-03
8.415000000000000258e-01 2.692346839939979957e-03
8.425000000000000266e-01 2.758013836036077304e-03
8.435000000000000275e-01 1.773008894594621000e-03
8.445000000000000284e-01 2.232677867267300695e-03
8.455000000000000293e-01 2.035676878979009521e-03
8.465000000000000302e-01 2.955014824324368478e-03
8.475000000000000311e-01 1.838675890690718131e-03
8.485000000000000320e-01 3.086348816516562739e-03
8.495000000000000329e-01 2.758013836036077304e-03
8.505000000000000338e-01 2.101343875075106435e-03
8.515000000000000346e-01 1.838675890690718131e-03
8.525000000000000355e-01 2.364011859459494956e-03
8.535000000000000364e-01 2.101343875075106435e-03
8.545000000000000373e-01 1.970009882882912174e-03
8.555000000000000382e-01 2.167010871171203348e-03
8.565000000000000391e-01 2.035676878979009521e-03
8.575000000000000400e-01 1.576007906306329826e-03
8.585000000000000409e-01 2.692346839939979957e-03
8.595000000000000417e-01 1.116338933633650348e-03
8.605000000000000426e-01 2.167010871171203348e-03
8.615000000000000435e-01 2.101343875075106435e-03
8.625000000000000444e-01 2.232677867267300695e-03
8.635000000000000453e-01 1.510340910210232696e-03
8.645000000000000462e-01 1.773008894594621000e-03
8.655000000000000471e-01 2.429678855555591870e-03
8.665000000000000480e-01 1.379006918018038652e-03
8.675000000000000488e-01 1.444673914114135566e-03
8.685000000000000497e-01 1.707341898498524087e-03
8.695000000000000506e-01 1.510340910210232696e-03
8.705000000000000515e-01 1.444673914114135566e-03
8.715000000000000524e-01 1.379006918018038652e-03
8.725000000000000533e-01 1.247672925825844392e-03
8.735000000000000542e-01 1.838675890690718131e-03
8.745000000000000551e-01 1.182005929729747478e-03
8.754999999999999449e-01 1.247672925825844392e-03
8.764999999999999458e-01 9.850049414414560871e-04
8.774999999999999467e-01 1.838675890690718131e-03
8.784999999999999476e-01 1.379006918018038652e-03
8.794999999999999485e-01 1.379006918018038652e-03
8.804999999999999494e-01 1.182005929729747478e-03
8.814999999999999503e-01 1.182005929729747478e-03
8.824999999999999512e-01 1.247672925825844392e-03
8.834999999999999520e-01 1.576007906306329826e-03
8.844999999999999529e-01 1.313339921921941522e-03
8.854999999999999538e-01 1.182005929729747478e-03
8.864999999999999547e-01 1.379006918018038652e-03
8.874999999999999556e-01 1.182005929729747478e-03
8.884999999999999565e-01 1.247672925825844392e-03
8.894999999999999574e-01 1.050671937537553217e-03
8.904999999999999583e-01 1.313339921921941522e-03
8.914999999999999591e-01 9.850049414414560871e-04
8.924999999999999600e-01 1.510340910210232696e-03
8.934999999999999609e-01 7.880039531531649131e-04
8.944999999999999618e-01 7.223369570570677828e-04
8.954999999999999627e-01 1.379006918018038652e-03
8.964999999999999636e-01 9.850049414414560871e-04
8.974999999999999645e-01 1.247672925825844392e-03
8.984999999999999654e-01 8.536709492492620434e-04
8.994999999999999662e-01 1.116338933633650348e-03
9.004999999999999671e-01 1.182005929729747478e-03
9.014999999999999680e-01 7.223369570570677828e-04
9.024999999999999689e-01 1.116338933633650348e-03
9.034999999999999698e-01 1.510340910210232696e-03
9.044999999999999707e-01 1.182005929729747478e-03
9.054999999999999716e-01 5.910029648648737390e-04
9.064999999999999725e-01 4.596689726726795326e-04
9.074999999999999734e-01 9.850049414414560871e-04
9.084999999999999742e-01 5.253359687687766087e-04
9.094999999999999751e-01 9.193379453453590653e-04
9.104999999999999760e-01 7.880039531531649131e-04
9.114999999999999769e-01 1.050671937537553217e-03
9.124999999999999778e-01 1.313339921921941522e-03
9.134999999999999787e-01 7.880039531531649131e-04
9.144999999999999796e-01 6.566699609609707609e-04
9.154999999999999805e-01 1.379006918018038652e-03
9.164999999999999813e-01 9.850049414414560871e-04
9.174999999999999822e-01 7.880039531531649131e-04
9.184999999999999831e-01 7.880039531531649131e-04
9.194999999999999840e-01 5.910029648648737390e-04
9.204999999999999849e-01 7.223369570570677828e-04
9.214999999999999858e-01 2.626679843843883044e-04
9.224999999999999867e-01 3.283349804804853805e-04
9.234999999999999876e-01 5.253359687687766087e-04
9.244999999999999885e-01 5.253359687687766087e-04
9.254999999999999893e-01 9.193379453453590653e-04
9.264999999999999902e-01 5.253359687687766087e-04
9.274999999999999911e-01 7.223369570570677828e-04
9.284999999999999920e-01 7.223369570570677828e-04
9.294999999999999929e-01 7.880039531531649131e-04
9.304999999999999938e-01 7.880039531531649131e-04
9.314999999999999947e-01 5.253359687687766087e-04
9.324999999999999956e-01 7.880039531531649131e-04
9.334999999999999964e-01 4.596689726726795326e-04
9.344999999999999973e-01 5.910029648648737390e-04
9.354999999999999982e-01 3.283349804804853805e-04
9.364999999999999991e-01 5.910029648648737390e-04
9.375000000000000000e-01 3.283349804804853805e-04
9.385000000000000009e-01 7.880039531531649131e-04
9.395000000000000018e-01 7.223369570570677828e-04
9.405000000000000027e-01 7.880039531531649131e-04
9.415000000000000036e-01 3.940019765765824565e-04
9.425000000000000044e-01 3.283349804804853805e-04
9.435000000000000053e-01 7.223369570570677828e-04
9.445000000000000062e-01 3.283349804804853805e-04
9.455000000000000071e-01 3.940019765765824565e-04
9.465000000000000080e-01 6.566699609609707609e-04
9.475000000000000089e-01 3.940019765765824565e-04
9.485000000000000098e-01 2.626679843843883044e-04
9.495000000000000107e-01 5.910029648648737390e-04
9.505000000000000115e-01 5.253359687687766087e-04
9.515000000000000124e-01 5.910029648648737390e-04
9.525000000000000133e-01 1.970009882882912283e-04
9.535000000000000142e-01 5.253359687687766087e-04
9.545000000000000151e-01 7.223369570570677828e-04
9.555000000000000160e-01 2.626679843843883044e-04
9.565000000000000169e-01 3.283349804804853805e-04
9.575000000000000178e-01 3.940019765765824565e-04
9.585000000000000187e-01 1.313339921921941522e-04
9.595000000000000195e-01 3.283349804804853805e-04
9.605000000000000204e-01 6.566699609609707609e-04
9.615000000000000213e-01 6.566699609609707609e-04
9.625000000000000222e-01 3.940019765765824565e-04
9.635000000000000231e-01 7.880039531531649131e-04
9.645000000000000240e-01 3.940019765765824565e-04
9.655000000000000249e-01 3.940019765765824565e-04
9.665000000000000258e-01 7.223369570570677828e-04
9.675000000000000266e-01 3.940019765765824565e-04
9.685000000000000275e-01 5.910029648648737390e-04
9.695000000000000284e-01 6.566699609609707609e-04
9.705000000000000293e-01 4.596689726726795326e-04
9.715000000000000302e-01 4.596689726726795326e-04
9.725000000000000311e-01 3.283349804804853805e-04
9.735000000000000320e-01 3.940019765765824565e-04
9.745000000000000329e-01 2.626679843843883044e-04
9.755000000000000338e-01 3.283349804804853805e-04
9.765000000000000346e-01 6.566699609609707609e-05
9.775000000000000355e-01 2.626679843843883044e-04
9.785000000000000364e-01 1.970009882882912283e-04
9.795000000000000373e-01 2.626679843843883044e-04
9.805000000000000382e-01 1.313339921921941522e-04
9.815000000000000391e-01 2.626679843843883044e-04
9.825000000000000400e-01 1.970009882882912283e-04
9.835000000000000409e-01 0.000000000000000000e+00
9.845000000000000417e-01 2.626679843843883044e-04
9.855000000000000426e-01 4.596689726726795326e-04
9.865000000000000435e-01 2.626679843843883044e-04
9.875000000000000444e-01 1.970009882882912283e-04
9.885000000000000453e-01 1.313339921921941522e-04
9.895000000000000462e-01 1.313339921921941522e-04
9.905000000000000471e-01 1.970009882882912283e-04
9.915000000000000480e-01 2.626679843843883044e-04
9.925000000000000488e-01 1.313339921921941522e-04
9.935000000000000497e-01 3.283349804804853805e-04
9.945000000000000506e-01 2.626679843843883044e-04
9.955000000000000515e-01 6.566699609609707609e-05
9.965000000000000524e-01 0.000000000000000000e+00
9.975000000000000533e-01 5.253359687687766087e-04
9.985000000000000542e-01 5.253359687687766087e-04
9.995000000000000551e-01 6.566699609609707609e-05
1.000499999999999945e+00 6.566699609609707609e-05
