5.000000000000000104e-04 0.000000000000000000e+00
1.500000000000000031e-03 0.000000000000000000e+00
2.500000000000000052e-03 0.000000000000000000e+00
3.500000000000000073e-03 0.000000000000000000e+00
4.499999999999999660e-03 0.000000000000000000e+00
5.499999999999999681e-03 0.000000000000000000e+00
6.499999999999999702e-03 0.000000000000000000e+00
7.499999999999999722e-03 0.000000000000000000e+00
8.500000000000000611e-03 0.000000000000000000e+00
9.499999999999999764e-03 0.000000000000000000e+00
1.050000000000000065e-02 0.000000000000000000e+00
1.149999999999999981e-02 0.000000000000000000e+00
1.250000000000000069e-02 0.000000000000000000e+00
1.349999999999999985e-02 0.000000000000000000e+00
1.450000000000000074e-02 0.000000000000000000e+00
1.549999999999999989e-02 0.000000000000000000e+00
1.650000000000000078e-02 0.000000000000000000e+00
1.750000000000000167e-02 0.000000000000000000e+00
1.849999999999999908e-02 0.000000000000000000e+00
1.949999999999999997e-02 0.000000000000000000e+00
2.050000000000000086e-02 0.000000000000000000e+00
2.149999999999999828e-02 0.000000000000000000e+00
2.249999999999999917e-02 0.000000000000000000e+00
2.350000000000000006e-02 0.000000000000000000e+00
2.450000000000000094e-02 0.000000000000000000e+00
2.549999999999999836e-02 0.000000000000000000e+00
2.649999999999999925e-02 0.000000000000000000e+00
2.750000000000000014e-02 0.000000000000000000e+00
2.850000000000000103e-02 0.000000000000000000e+00
2.949999999999999845e-02 0.000000000000000000e+00
3.049999999999999933e-02 0.000000000000000000e+00
3.150000000000000022e-02 0.000000000000000000e+00
3.250000000000000111e-02 0.000000000000000000e+00
3.350000000000000200e-02 0.000000000000000000e+00
3.450000000000000289e-02 0.000000000000000000e+00
3.549999999999999684e-02 0.000000000000000000e+00
3.649999999999999772e-02 0.000000000000000000e+00
3.749999999999999861e-02 0.000000000000000000e+00
3.849999999999999950e-02 0.000000000000000000e+00
3.950000000000000039e-02 0.000000000000000000e+00
4.050000000000000128e-02 0.000000000000000000e+00
4.150000000000000216e-02 0.000000000000000000e+00
4.250000000000000305e-02 0.000000000000000000e+00
4.349999999999999700e-02 0.000000000000000000e+00
4.449999999999999789e-02 0.000000000000000000e+00
4.549999999999999878e-02 0.000000000000000000e+00
4.649999999999999967e-02 0.000000000000000000e+00
4.750000000000000056e-02 0.000000000000000000e+00
4.850000000000000144e-02 0.000000000000000000e+00
4.950000000000000233e-02 0.000000000000000000e+00
5.050000000000000322e-02 0.000000000000000000e+00
5.149999999999999717e-02 0.000000000000000000e+00
5.249999999999999806e-02 0.000000000000000000e+00
5.349999999999999895e-02 0.000000000000000000e+00
5.449999999999999983e-02 0.000000000000000000e+00
5.550000000000000072e-02 0.000000000000000000e+00
5.650000000000000161e-02 0.000000000000000000e+00
5.750000000000000250e-02 0.000000000000000000e+00
5.850000000000000339e-02 0.000000000000000000e+00
5.949999999999999734e-02 0.000000000000000000e+00
6.049999999999999822e-02 0.000000000000000000e+00
6.149999999999999911e-02 0.000000000000000000e+00
6.250000000000000000e-02 0.000000000000000000e+00
6.350000000000000089e-02 0.000000000000000000e+00
6.450000000000000178e-02 0.000000000000000000e+00
6.550000000000000266e-02 0.000000000000000000e+00
6.650000000000000355e-02 0.000000000000000000e+00
6.750000000000000444e-02 0.000000000000000000e+00
6.850000000000000533e-02 0.000000000000000000e+00
6.950000000000000622e-02 0.000000000000000000e+00
7.049999999999999323e-02 0.000000000000000000e+00
7.149999999999999412e-02 0.000000000000000000e+00
7.249999999999999500e-02 0.000000000000000000e+00
7.349999999999999589e-02 0.000000000000000000e+00
7.449999999999999678e-02 0.000000000000000000e+00
7.549999999999999767e-02 0.000000000000000000e+00
7.649999999999999856e-02 0.000000000000000000e+00
7.749999999999999944e-02 0.000000000000000000e+00
7.850000000000000033e-02 0.000000000000000000e+00
7.950000000000000122e-02 0.000000000000000000e+00
8.050000000000000211e-02 0.000000000000000000e+00
8.150000000000000300e-02 0.000000000000000000e+00
8.250000000000000389e-02 0.000000000000000000e+00
8.350000000000000477e-02 0.000000000000000000e+00
8.450000000000000566e-02 0.000000000000000000e+00
8.550000000000000655e-02 0.000000000000000000e+00
8.649999999999999356e-02 0.000000000000000000e+00
8.749999999999999445e-02 0.000000000000000000e+00
8.849999999999999534e-02 0.000000000000000000e+00
8.949999999999999623e-02 0.000000000000000000e+00
9.049999999999999711e-02 0.000000000000000000e+00
9.149999999999999800e-02 0.000000000000000000e+00
9.249999999999999889e-02 0.000000000000000000e+00
9.349999999999999978e-02 0.000000000000000000e+00
9.450000000000000067e-02 0.000000000000000000e+00
9.550000000000000155e-02 0.000000000000000000e+00
9.650000000000000244e-02 0.000000000000000000e+00
9.750000000000000333e-02 0.000000000000000000e+00
9.850000000000000422e-02 0.000000000000000000e+00
9.950000000000000511e-02 0.000000000000000000e+00
1.005000000000000060e-01 0.000000000000000000e+00
1.015000000000000069e-01 0.000000000000000000e+00
1.024999999999999939e-01 0.000000000000000000e+00
1.034999999999999948e-01 0.000000000000000000e+00
1.044999999999999957e-01 0.000000000000000000e+00
1.054999999999999966e-01 0.000000000000000000e+00
1.064999999999999974e-01 0.000000000000000000e+00
1.074999999999999983e-01 0.000000000000000000e+00
1.084999999999999992e-01 0.000000000000000000e+00
1.095000000000000001e-01 0.000000000000000000e+00
1.105000000000000010e-01 9.999999999999999547e-08
1.115000000000000019e-01 9.999999999999999547e-08
1.125000000000000028e-01 9.999999999999999547e-08
1.135000000000000037e-01 9.999999999999999547e-08
1.145000000000000046e-01 9.999999999999999547e-08
1.155000000000000054e-01 9.999999999999999547e-08
1.165000000000000063e-01 9.999999999999999547e-08
1.174999999999999933e-01 9.999999999999999547e-08
1.184999999999999942e-01 1.999999999999999909e-07
1.194999999999999951e-01 1.999999999999999909e-07
1.204999999999999960e-01 1.999999999999999909e-07
1.214999999999999969e-01 2.999999999999999864e-07
1.224999999999999978e-01 2.999999999999999864e-07
1.234999999999999987e-01 2.999999999999999864e-07
1.244999999999999996e-01 3.999999999999999819e-07
1.255000000000000004e-01 3.999999999999999819e-07
1.265000000000000013e-01 4.999999999999999774e-07
1.275000000000000022e-01 5.999999999999999728e-07
1.285000000000000031e-01 6.999999999999999683e-07
1.295000000000000040e-01 7.999999999999999638e-07
1.305000000000000049e-01 8.999999999999999593e-07
1.315000000000000058e-01 9.999999999999999547e-07
1.325000000000000067e-01 1.100000000000000056e-06
1.335000000000000075e-01 1.300000000000000047e-06
1.345000000000000084e-01 1.500000000000000038e-06
1.355000000000000093e-01 1.700000000000000029e-06
1.365000000000000102e-01 1.900000000000000020e-06
1.375000000000000111e-01 2.200000000000000112e-06
1.385000000000000120e-01 2.500000000000000205e-06
1.395000000000000129e-01 2.900000000000000186e-06
1.405000000000000138e-01 3.199999999999999855e-06
1.414999999999999869e-01 3.700000000000000150e-06
1.424999999999999878e-01 4.199999999999999598e-06
1.434999999999999887e-01 4.799999999999999783e-06
1.444999999999999896e-01 5.399999999999999967e-06
1.454999999999999905e-01 6.100000000000000042e-06
1.464999999999999913e-01 6.999999999999999895e-06
1.474999999999999922e-01 7.900000000000000595e-06
1.484999999999999931e-01 8.899999999999999491e-06
1.494999999999999940e-01 1.009999999999999986e-05
1.504999999999999949e-01 1.150000000000000001e-05
1.514999999999999958e-01 1.299999999999999920e-05
1.524999999999999967e-01 1.469999999999999986e-05
1.534999999999999976e-01 1.650000000000000127e-05
1.544999999999999984e-01 1.870000000000000053e-05
1.554999999999999993e-01 2.110000000000000127e-05
1.565000000000000002e-01 2.379999999999999913e-05
1.575000000000000011e-01 2.680000000000000090e-05
1.585000000000000020e-01 3.019999999999999885e-05
1.595000000000000029e-01 3.389999999999999730e-05
1.605000000000000038e-01 3.820000000000000018e-05
1.615000000000000047e-01 4.289999999999999922e-05
1.625000000000000056e-01 4.819999999999999930e-05
1.635000000000000064e-01 5.420000000000000284e-05
1.645000000000000073e-01 6.080000000000000064e-05
1.655000000000000082e-01 6.820000000000000433e-05
1.665000000000000091e-01 7.650000000000000279e-05
1.675000000000000100e-01 8.569999999999999602e-05
1.685000000000000109e-01 9.590000000000000000e-05
1.695000000000000118e-01 1.073999999999999949e-04
1.705000000000000127e-01 1.201000000000000055e-04
1.715000000000000135e-01 1.343000000000000118e-04
1.724999999999999867e-01 1.499999999999999869e-04
1.734999999999999876e-01 1.675000000000000057e-04
1.744999999999999885e-01 1.868999999999999893e-04
1.754999999999999893e-01 2.084999999999999994e-04
1.764999999999999902e-01 2.324000000000000111e-04
1.774999999999999911e-01 2.589000000000000047e-04
1.784999999999999920e-01 2.882000000000000122e-04
1.794999999999999929e-01 3.206999999999999890e-04
1.804999999999999938e-01 3.566999999999999967e-04
1.814999999999999947e-01 3.963999999999999859e-04
1.824999999999999956e-01 4.404000000000000254e-04
1.834999999999999964e-01 4.889000000000000117e-04
1.844999999999999973e-01 5.425000000000000135e-04
1.854999999999999982e-01 6.015999999999999863e-04
1.864999999999999991e-01 6.668000000000000533e-04
1.875000000000000000e-01 7.385999999999999554e-04
1.885000000000000009e-01 8.176999999999999807e-04
1.895000000000000018e-01 9.047000000000000354e-04
1.905000000000000027e-01 1.000400000000000031e-03
1.915000000000000036e-01 1.105700000000000042e-03
1.925000000000000044e-01 1.221300000000000033e-03
1.935000000000000053e-01 1.348199999999999919e-03
1.945000000000000062e-01 1.487400000000000050e-03
1.955000000000000071e-01 1.640100000000000021e-03
1.965000000000000080e-01 1.807400000000000022e-03
1.975000000000000089e-01 1.990700000000000195e-03
1.985000000000000098e-01 2.191400000000000032e-03
1.995000000000000107e-01 2.410900000000000109e-03
2.005000000000000115e-01 2.650800000000000031e-03
2.015000000000000124e-01 2.912999999999999791e-03
2.025000000000000133e-01 3.199299999999999974e-03
2.034999999999999865e-01 3.511799999999999818e-03
2.044999999999999873e-01 3.852599999999999861e-03
2.054999999999999882e-01 4.224000000000000324e-03
2.064999999999999891e-01 4.628700000000000349e-03
2.074999999999999900e-01 5.069299999999999674e-03
2.084999999999999909e-01 5.548599999999999886e-03
2.094999999999999918e-01 6.069899999999999601e-03
2.104999999999999927e-01 6.636300000000000358e-03
2.114999999999999936e-01 7.251600000000000407e-03
2.124999999999999944e-01 7.919400000000000051e-03
2.134999999999999953e-01 8.643800000000000094e-03
2.144999999999999962e-01 9.429200000000000428e-03
2.154999999999999971e-01 1.028010000000000035e-02
2.164999999999999980e-01 1.120149999999999965e-02
2.174999999999999989e-01 1.219860000000000042e-02
2.184999999999999998e-01 1.327689999999999947e-02
2.195000000000000007e-01 1.444250000000000048e-02
2.205000000000000016e-01 1.570159999999999959e-02
2.215000000000000024e-01 1.706080000000000096e-02
2.225000000000000033e-01 1.852720000000000061e-02
2.235000000000000042e-01 2.010839999999999850e-02
2.245000000000000051e-01 2.181229999999999974e-02
2.255000000000000060e-01 2.364729999999999957e-02
2.265000000000000069e-01 2.562230000000000063e-02
2.275000000000000078e-01 2.774669999999999914e-02
2.285000000000000087e-01 3.003029999999999936e-02
2.295000000000000095e-01 3.248369999999999730e-02
2.305000000000000104e-01 3.511790000000000050e-02
2.315000000000000113e-01 3.794440000000000313e-02
2.325000000000000122e-01 4.097549999999999804e-02
2.335000000000000131e-01 4.422399999999999942e-02
2.344999999999999862e-01 4.770329999999999709e-02
2.354999999999999871e-01 5.142769999999999980e-02
2.364999999999999880e-01 5.541179999999999717e-02
2.374999999999999889e-01 5.967139999999999944e-02
2.384999999999999898e-01 6.422250000000000181e-02
2.394999999999999907e-01 6.908219999999999639e-02
2.404999999999999916e-01 7.426820000000000643e-02
2.414999999999999925e-01 7.979909999999999781e-02
2.424999999999999933e-01 8.569419999999999815e-02
2.434999999999999942e-01 9.197370000000000545e-02
2.444999999999999951e-01 9.865830000000000433e-02
2.454999999999999960e-01 1.057701000000000058e-01
2.464999999999999969e-01 1.133315000000000017e-01
2.474999999999999978e-01 1.213661000000000045e-01
2.484999999999999987e-01 1.298982999999999943e-01
2.494999999999999996e-01 1.389530999999999961e-01
2.505000000000000004e-01 1.485568999999999917e-01
2.515000000000000013e-01 1.587363999999999997e-01
2.525000000000000022e-01 1.695196999999999954e-01
2.535000000000000031e-01 1.809352999999999934e-01
2.545000000000000040e-01 1.930129999999999901e-01
2.555000000000000049e-01 2.057830999999999966e-01
2.565000000000000058e-01 2.192769999999999997e-01
2.575000000000000067e-01 2.335269000000000095e-01
2.585000000000000075e-01 2.485655999999999977e-01
2.595000000000000084e-01 2.644270000000000231e-01
2.605000000000000093e-01 2.811456999999999984e-01
2.615000000000000102e-01 2.987567999999999890e-01
2.625000000000000111e-01 3.172965999999999842e-01
2.635000000000000120e-01 3.368015999999999788e-01
2.645000000000000129e-01 3.573090999999999906e-01
2.655000000000000138e-01 3.788573000000000079e-01
2.665000000000000147e-01 4.014846000000000248e-01
2.675000000000000155e-01 4.252298999999999940e-01
2.685000000000000164e-01 4.501329000000000025e-01
2.695000000000000173e-01 4.762333000000000260e-01
2.705000000000000182e-01 5.035714000000000024e-01
2.715000000000000191e-01 5.321875999999999829e-01
2.725000000000000200e-01 5.621224999999999694e-01
2.735000000000000209e-01 5.934167999999999665e-01
2.745000000000000218e-01 6.261115000000000430e-01
2.755000000000000226e-01 6.602470000000000283e-01
2.765000000000000235e-01 6.958640999999999854e-01
2.775000000000000244e-01 7.330029999999999601e-01
2.785000000000000253e-01 7.717036000000000451e-01
2.795000000000000262e-01 8.120055000000000467e-01
2.805000000000000271e-01 8.539476000000000289e-01
2.814999999999999725e-01 8.975682000000000382e-01
2.824999999999999734e-01 9.429045999999999816e-01
2.834999999999999742e-01 9.899936000000000291e-01
2.844999999999999751e-01 1.038870500000000030e+00
2.854999999999999760e-01 1.089569800000000033e+00
2.864999999999999769e-01 1.142124600000000045e+00
2.874999999999999778e-01 1.196566500000000088e+00
2.884999999999999787e-01 1.252925499999999914e+00
2.894999999999999796e-01 1.311230099999999954e+00
2.904999999999999805e-01 1.371506899999999973e+00
2.914999999999999813e-01 1.433780499999999902e+00
2.924999999999999822e-01 1.498073299999999941e+00
2.934999999999999831e-01 1.564405599999999952e+00
2.944999999999999840e-01 1.632795199999999891e+00
2.954999999999999849e-01 1.703257500000000091e+00
2.964999999999999858e-01 1.775805199999999973e+00
2.974999999999999867e-01 1.850447900000000034e+00
2.984999999999999876e-01 1.927192699999999981e+00
2.994999999999999885e-01 2.006043299999999974e+00
3.004999999999999893e-01 2.087000399999999978e+00
3.014999999999999902e-01 2.170061200000000134e+00
3.024999999999999911e-01 2.255219600000000213e+00
3.034999999999999920e-01 2.342465600000000148e+00
3.044999999999999929e-01 2.431785899999999945e+00
3.054999999999999938e-01 2.523163199999999939e+00
3.064999999999999947e-01 2.616576199999999908e+00
3.074999999999999956e-01 2.711999800000000072e+00
3.084999999999999964e-01 2.809404799999999813e+00
3.094999999999999973e-01 2.908757500000000107e+00
3.104999999999999982e-01 3.010020499999999988e+00
3.114999999999999991e-01 3.113151499999999849e+00
3.125000000000000000e-01 3.218104299999999807e+00
3.135000000000000009e-01 3.324828000000000117e+00
3.145000000000000018e-01 3.433267400000000080e+00
3.155000000000000027e-01 3.543362899999999982e+00
3.165000000000000036e-01 3.655050099999999969e+00
3.175000000000000044e-01 3.768260499999999791e+00
3.185000000000000053e-01 3.882920799999999950e+00
3.195000000000000062e-01 3.998953499999999828e+00
3.205000000000000071e-01 4.116276599999999952e+00
3.215000000000000080e-01 4.234803499999999943e+00
3.225000000000000089e-01 4.354443700000000028e+00
3.235000000000000098e-01 4.475102099999999972e+00
3.245000000000000107e-01 4.596679700000000146e+00
3.255000000000000115e-01 4.719073100000000132e+00
3.265000000000000124e-01 4.842175300000000071e+00
3.275000000000000133e-01 4.965875399999999829e+00
3.285000000000000142e-01 5.090058599999999878e+00
3.295000000000000151e-01 5.214606800000000320e+00
3.305000000000000160e-01 5.339398499999999714e+00
3.315000000000000169e-01 5.464308800000000410e+00
3.325000000000000178e-01 5.589209999999999567e+00
3.335000000000000187e-01 5.713971400000000145e+00
3.345000000000000195e-01 5.838460000000000427e+00
3.355000000000000204e-01 5.962540100000000010e+00
3.365000000000000213e-01 6.086073999999999984e+00
3.375000000000000222e-01 6.208922099999999666e+00
3.385000000000000231e-01 6.330943000000000431e+00
3.395000000000000240e-01 6.451994199999999680e+00
3.405000000000000249e-01 6.571931900000000049e+00
3.415000000000000258e-01 6.690611399999999875e+00
3.425000000000000266e-01 6.807887499999999648e+00
3.435000000000000275e-01 6.923614699999999900e+00
3.444999999999999729e-01 7.037647699999999951e+00
3.454999999999999738e-01 7.149841399999999680e+00
3.464999999999999747e-01 7.260051200000000371e+00
3.474999999999999756e-01 7.368133699999999564e+00
3.484999999999999765e-01 7.473946500000000270e+00
3.494999999999999774e-01 7.577348999999999890e+00
3.504999999999999782e-01 7.678202399999999983e+00
3.514999999999999791e-01 7.776369800000000332e+00
3.524999999999999800e-01 7.871717199999999970e+00
3.534999999999999809e-01 7.964113199999999892e+00
3.544999999999999818e-01 8.053429400000000626e+00
3.554999999999999827e-01 8.139540900000000079e+00
3.564999999999999836e-01 8.222326499999999427e+00
3.574999999999999845e-01 8.301668799999999848e+00
3.584999999999999853e-01 8.377454999999999430e+00
3.594999999999999862e-01 8.449576300000000373e+00
3.604999999999999871e-01 8.517929000000000528e+00
3.614999999999999880e-01 8.582414299999999940e+00
3.624999999999999889e-01 8.642938700000000196e+00
3.634999999999999898e-01 8.699414000000000868e+00
3.644999999999999907e-01 8.751758099999999985e+00
3.654999999999999916e-01 8.799894200000000666e+00
3.664999999999999925e-01 8.843752000000000280e+00
3.674999999999999933e-01 8.883267200000000585e+00
3.684999999999999942e-01 8.918382100000000534e+00
3.694999999999999951e-01 8.949045399999999262e+00
3.704999999999999960e-01 8.975212499999999594e+00
3.714999999999999969e-01 8.996845399999999771e+00
3.724999999999999978e-01 9.013913199999999293e+00
3.734999999999999987e-01 9.026391699999999574e+00
3.744999999999999996e-01 9.034264000000000294e+00
3.755000000000000004e-01 9.037519800000000103e+00
3.765000000000000013e-01 9.036156200000000638e+00
3.775000000000000022e-01 9.030177099999999513e+00
3.785000000000000031e-01 9.019593499999999153e+00
3.795000000000000040e-01 9.004423499999999692e+00
3.805000000000000049e-01 8.984692000000000789e+00
3.815000000000000058e-01 8.960430699999999860e+00
3.825000000000000067e-01 8.931678399999999129e+00
3.835000000000000075e-01 8.898480400000000401e+00
3.845000000000000084e-01 8.860888400000000331e+00
3.855000000000000093e-01 8.818960799999999267e+00
3.865000000000000102e-01 8.772762099999999563e+00
3.875000000000000111e-01 8.722363200000000205e+00
3.885000000000000120e-01 8.667840500000000503e+00
3.895000000000000129e-01 8.609276599999999391e+00
3.905000000000000138e-01 8.546759299999999726e+00
3.915000000000000147e-01 8.480381899999999362e+00
3.925000000000000155e-01 8.410242699999999516e+00
3.935000000000000164e-01 8.336444999999999439e+00
3.945000000000000173e-01 8.259096599999999455e+00
3.955000000000000182e-01 8.178309600000000401e+00
3.965000000000000191e-01 8.094200199999999512e+00
3.975000000000000200e-01 8.006888500000000519e+00
3.985000000000000209e-01 7.916498100000000093e+00
3.995000000000000218e-01 7.823155599999999765e+00
4.005000000000000226e-01 7.726990800000000270e+00
4.015000000000000235e-01 7.628136099999999864e+00
4.025000000000000244e-01 7.526726199999999700e+00
4.035000000000000253e-01 7.422897700000000043e+00
4.045000000000000262e-01 7.316789199999999660e+00
4.055000000000000271e-01 7.208540700000000356e+00
4.064999999999999725e-01 7.098293100000000244e+00
4.074999999999999734e-01 6.986188399999999632e+00
4.084999999999999742e-01 6.872368899999999670e+00
4.094999999999999751e-01 6.756977499999999637e+00
4.104999999999999760e-01 6.640156700000000356e+00
4.114999999999999769e-01 6.522048800000000313e+00
4.124999999999999778e-01 6.402795700000000423e+00
4.134999999999999787e-01 6.282537999999999734e+00
4.144999999999999796e-01 6.161415700000000051e+00
4.154999999999999805e-01 6.039566899999999627e+00
4.164999999999999813e-01 5.917128299999999896e+00
4.174999999999999822e-01 5.794234799999999908e+00
4.184999999999999831e-01 5.671018899999999974e+00
4.194999999999999840e-01 5.547611200000000409e+00
4.204999999999999849e-01 5.424139300000000219e+00
4.214999999999999858e-01 5.300728399999999674e+00
4.224999999999999867e-01 5.177500600000000119e+00
4.234999999999999876e-01 5.054574900000000426e+00
4.244999999999999885e-01 4.932067199999999652e+00
4.254999999999999893e-01 4.810089699999999802e+00
4.264999999999999902e-01 4.688751299999999844e+00
4.274999999999999911e-01 4.568157199999999918e+00
4.284999999999999920e-01 4.448408500000000210e+00
4.294999999999999929e-01 4.329602900000000254e+00
4.304999999999999938e-01 4.211833600000000288e+00
4.314999999999999947e-01 4.095190099999999944e+00
4.324999999999999956e-01 3.979757499999999837e+00
4.334999999999999964e-01 3.865616900000000022e+00
4.344999999999999973e-01 3.752845199999999881e+00
4.354999999999999982e-01 3.641514700000000104e+00
4.364999999999999991e-01 3.531693800000000216e+00
4.375000000000000000e-01 3.423446400000000001e+00
4.385000000000000009e-01 3.316832199999999897e+00
4.395000000000000018e-01 3.211906599999999834e+00
4.405000000000000027e-01 3.108720599999999834e+00
4.415000000000000036e-01 3.007321399999999922e+00
4.425000000000000044e-01 2.907751499999999822e+00
4.435000000000000053e-01 2.810049499999999867e+00
4.445000000000000062e-01 2.714250199999999946e+00
4.455000000000000071e-01 2.620383900000000210e+00
4.465000000000000080e-01 2.528477399999999875e+00
4.475000000000000089e-01 2.438553300000000146e+00
4.485000000000000098e-01 2.350630900000000079e+00
4.495000000000000107e-01 2.264725400000000111e+00
4.505000000000000115e-01 2.180848600000000026e+00
4.515000000000000124e-01 2.099009000000000125e+00
4.525000000000000133e-01 2.019211700000000054e+00
4.535000000000000142e-01 1.941458300000000081e+00
4.545000000000000151e-01 1.865747700000000009e+00
4.555000000000000160e-01 1.792075599999999991e+00
4.565000000000000169e-01 1.720434800000000042e+00
4.575000000000000178e-01 1.650815499999999991e+00
4.585000000000000187e-01 1.583205100000000032e+00
4.595000000000000195e-01 1.517588900000000018e+00
4.605000000000000204e-01 1.453949399999999947e+00
4.615000000000000213e-01 1.392267200000000038e+00
4.625000000000000222e-01 1.332520600000000055e+00
4.635000000000000231e-01 1.274686200000000103e+00
4.645000000000000240e-01 1.218738499999999947e+00
4.655000000000000249e-01 1.164650500000000033e+00
4.665000000000000258e-01 1.112393600000000093e+00
4.675000000000000266e-01 1.061937600000000037e+00
4.685000000000000275e-01 1.013251200000000019e+00
4.694999999999999729e-01 9.663017000000000412e-01
4.704999999999999738e-01 9.210555999999999743e-01
4.714999999999999747e-01 8.774779999999999802e-01
4.724999999999999756e-01 8.355337000000000458e-01
4.734999999999999765e-01 7.951861999999999542e-01
4.744999999999999774e-01 7.563988000000000378e-01
4.754999999999999782e-01 7.191340000000000510e-01
4.764999999999999791e-01 6.833540999999999643e-01
4.774999999999999800e-01 6.490207000000000059e-01
4.784999999999999809e-01 6.160955999999999655e-01
4.794999999999999818e-01 5.845401000000000069e-01
4.804999999999999827e-01 5.543156000000000194e-01
4.814999999999999836e-01 5.253833999999999449e-01
4.824999999999999845e-01 4.977050000000000085e-01
4.834999999999999853e-01 4.712419999999999942e-01
4.844999999999999862e-01 4.459562000000000248e-01
4.854999999999999871e-01 4.218097000000000096e-01
4.864999999999999880e-01 3.987648999999999777e-01
4.874999999999999889e-01 3.767846999999999724e-01
4.884999999999999898e-01 3.558323999999999931e-01
4.894999999999999907e-01 3.358716999999999953e-01
4.904999999999999916e-01 3.168670000000000098e-01
4.914999999999999925e-01 2.987832999999999739e-01
4.924999999999999933e-01 2.815859000000000001e-01
4.934999999999999942e-01 2.652412000000000103e-01
4.944999999999999951e-01 2.497159999999999935e-01
4.954999999999999960e-01 2.349778999999999896e-01
4.964999999999999969e-01 2.209950999999999999e-01
4.974999999999999978e-01 2.077367999999999992e-01
4.984999999999999987e-01 1.951727000000000045e-01
4.994999999999999996e-01 1.832734000000000030e-01
5.004999999999999449e-01 1.720104000000000077e-01
5.014999999999999458e-01 1.613556999999999908e-01
5.024999999999999467e-01 1.512824999999999864e-01
5.034999999999999476e-01 1.417644999999999877e-01
5.044999999999999485e-01 1.327763000000000138e-01
5.054999999999999494e-01 1.242933999999999983e-01
5.064999999999999503e-01 1.162920000000000065e-01
5.074999999999999512e-01 1.087489999999999984e-01
5.084999999999999520e-01 1.016423999999999939e-01
5.094999999999999529e-01 9.495080000000000187e-02
5.104999999999999538e-01 8.865349999999999620e-02
5.114999999999999547e-01 8.273070000000000424e-02
5.124999999999999556e-01 7.716339999999999311e-02
5.134999999999999565e-01 7.193320000000000269e-02
5.144999999999999574e-01 6.702249999999999874e-02
5.154999999999999583e-01 6.241449999999999776e-02
5.164999999999999591e-01 5.809299999999999881e-02
5.174999999999999600e-01 5.404239999999999738e-02
5.184999999999999609e-01 5.024800000000000100e-02
5.194999999999999618e-01 4.669559999999999683e-02
5.204999999999999627e-01 4.337160000000000321e-02
5.214999999999999636e-01 4.026319999999999899e-02
5.224999999999999645e-01 3.735800000000000232e-02
5.234999999999999654e-01 3.464430000000000287e-02
5.244999999999999662e-01 3.211089999999999778e-02
5.254999999999999671e-01 2.974709999999999854e-02
5.264999999999999680e-01 2.754289999999999863e-02
5.274999999999999689e-01 2.548869999999999955e-02
5.284999999999999698e-01 2.357530000000000042e-02
5.294999999999999707e-01 2.179410000000000028e-02
5.304999999999999716e-01 2.013689999999999924e-02
5.314999999999999725e-01 1.859589999999999854e-02
5.324999999999999734e-01 1.716379999999999989e-02
5.334999999999999742e-01 1.583369999999999916e-02
5.344999999999999751e-01 1.459900000000000087e-02
5.354999999999999760e-01 1.345350000000000018e-02
5.364999999999999769e-01 1.239129999999999919e-02
5.374999999999999778e-01 1.140700000000000047e-02
5.384999999999999787e-01 1.049540000000000022e-02
5.394999999999999796e-01 9.651500000000000357e-03
5.404999999999999805e-01 8.870799999999999866e-03
5.414999999999999813e-01 8.148900000000000587e-03
5.424999999999999822e-01 7.481899999999999662e-03
5.434999999999999831e-01 6.865800000000000028e-03
5.444999999999999840e-01 6.297099999999999920e-03
5.454999999999999849e-01 5.772499999999999853e-03
5.464999999999999858e-01 5.288799999999999751e-03
5.474999999999999867e-01 4.843100000000000356e-03
5.484999999999999876e-01 4.432499999999999808e-03
5.494999999999999885e-01 4.054699999999999624e-03
5.504999999999999893e-01 3.707100000000000065e-03
5.514999999999999902e-01 3.387499999999999886e-03
5.524999999999999911e-01 3.093799999999999849e-03
5.534999999999999920e-01 2.824000000000000121e-03
5.544999999999999929e-01 2.576499999999999797e-03
5.554999999999999938e-01 2.349400000000000186e-03
5.564999999999999947e-01 2.141099999999999948e-03
5.574999999999999956e-01 1.950300000000000080e-03
5.584999999999999964e-01 1.775600000000000008e-03
5.594999999999999973e-01 1.615600000000000022e-03
5.604999999999999982e-01 1.469299999999999990e-03
5.614999999999999991e-01 1.335500000000000098e-03
5.625000000000000000e-01 1.213300000000000056e-03
5.635000000000000009e-01 1.101699999999999945e-03
5.645000000000000018e-01 9.997999999999999075e-04
5.655000000000000027e-01 9.068000000000000322e-04
5.665000000000000036e-01 8.220000000000000310e-04
5.675000000000000044e-01 7.447999999999999976e-04
5.685000000000000053e-01 6.744999999999999694e-04
5.695000000000000062e-01 6.105000000000000400e-04
5.705000000000000071e-01 5.521999999999999782e-04
5.715000000000000080e-01 4.993000000000000476e-04
5.725000000000000089e-01 4.512000000000000169e-04
5.735000000000000098e-01 4.074999999999999846e-04
5.745000000000000107e-01 3.677999999999999954e-04
5.755000000000000115e-01 3.318999999999999902e-04
5.765000000000000124e-01 2.993000000000000109e-04
5.775000000000000133e-01 2.696999999999999962e-04
5.785000000000000142e-01 2.428999999999999953e-04
5.795000000000000151e-01 2.187000000000000033e-04
5.805000000000000160e-01 1.968000000000000131e-04
5.815000000000000169e-01 1.769999999999999926e-04
5.825000000000000178e-01 1.590999999999999912e-04
5.835000000000000187e-01 1.429000000000000040e-04
5.845000000000000195e-01 1.283000000000000015e-04
5.855000000000000204e-01 1.151000000000000059e-04
5.865000000000000213e-01 1.033000000000000037e-04
5.875000000000000222e-01 9.260000000000000110e-05
5.885000000000000231e-01 8.289999999999999572e-05
5.895000000000000240e-01 7.430000000000000352e-05
5.905000000000000249e-01 6.650000000000000366e-05
5.915000000000000258e-01 5.950000000000000292e-05
5.925000000000000266e-01 5.319999999999999886e-05
5.935000000000000275e-01 4.750000000000000262e-05
5.945000000000000284e-01 4.240000000000000062e-05
5.955000000000000293e-01 3.789999999999999966e-05
5.965000000000000302e-01 3.380000000000000165e-05
5.975000000000000311e-01 3.009999999999999980e-05
5.985000000000000320e-01 2.680000000000000090e-05
5.995000000000000329e-01 2.390000000000000157e-05
6.005000000000000338e-01 2.129999999999999935e-05
6.015000000000000346e-01 1.889999999999999862e-05
6.025000000000000355e-01 1.679999999999999839e-05
6.035000000000000364e-01 1.500000000000000038e-05
6.045000000000000373e-01 1.329999999999999972e-05
6.055000000000000382e-01 1.180000000000000052e-05
6.065000000000000391e-01 1.049999999999999942e-05
6.075000000000000400e-01 9.300000000000000744e-06
6.085000000000000409e-01 8.199999999999999417e-06
6.095000000000000417e-01 7.300000000000000411e-06
6.105000000000000426e-01 6.499999999999999600e-06
6.115000000000000435e-01 5.699999999999999636e-06
6.125000000000000444e-01 5.100000000000000299e-06
6.135000000000000453e-01 4.500000000000000114e-06
6.145000000000000462e-01 3.899999999999999929e-06
6.155000000000000471e-01 3.499999999999999947e-06
6.165000000000000480e-01 3.099999999999999966e-06
6.175000000000000488e-01 2.699999999999999984e-06
6.185000000000000497e-01 2.399999999999999891e-06
6.195000000000000506e-01 2.099999999999999799e-06
6.205000000000000515e-01 1.900000000000000020e-06
6.215000000000000524e-01 1.599999999999999928e-06
6.225000000000000533e-01 1.399999999999999937e-06
6.235000000000000542e-01 1.300000000000000047e-06
6.245000000000000551e-01 1.100000000000000056e-06
6.254999999999999449e-01 9.999999999999999547e-07
6.264999999999999458e-01 8.999999999999999593e-07
6.274999999999999467e-01 7.999999999999999638e-07
6.284999999999999476e-01 6.999999999999999683e-07
6.294999999999999485e-01 5.999999999999999728e-07
6.304999999999999494e-01 4.999999999999999774e-07
6.314999999999999503e-01 3.999999999999999819e-07
6.324999999999999512e-01 3.999999999999999819e-07
6.334999999999999520e-01 2.999999999999999864e-07
6.344999999999999529e-01 2.999999999999999864e-07
6.354999999999999538e-01 2.999999999999999864e-07
6.364999999999999547e-01 1.999999999999999909e-07
6.374999999999999556e-01 1.999999999999999909e-07
6.384999999999999565e-01 1.999999999999999909e-07
6.394999999999999574e-01 9.999999999999999547e-08
6.404999999999999583e-01 9.999999999999999547e-08
6.414999999999999591e-01 9.999999999999999547e-08
6.424999999999999600e-01 9.999999999999999547e-08
6.434999999999999609e-01 9.999999999999999547e-08
6.444999999999999618e-01 9.999999999999999547e-08
6.454999999999999627e-01 9.999999999999999547e-08
6.464999999999999636e-01 9.999999999999999547e-08
6.474999999999999645e-01 0.000000000000000000e+00
6.484999999999999654e-01 0.000000000000000000e+00
6.494999999999999662e-01 0.000000000000000000e+00
6.504999999999999671e-01 0.000000000000000000e+00
6.514999999999999680e-01 0.000000000000000000e+00
6.524999999999999689e-01 0.000000000000000000e+00
6.534999999999999698e-01 0.000000000000000000e+00
6.544999999999999707e-01 0.000000000000000000e+00
6.554999999999999716e-01 0.000000000000000000e+00
6.564999999999999725e-01 0.000000000000000000e+00
6.574999999999999734e-01 0.000000000000000000e+00
6.584999999999999742e-01 0.000000000000000000e+00
6.594999999999999751e-01 0.000000000000000000e+00
6.604999999999999760e-01 0.000000000000000000e+00
6.614999999999999769e-01 0.000000000000000000e+00
6.624999999999999778e-01 0.000000000000000000e+00
6.634999999999999787e-01 0.000000000000000000e+00
6.644999999999999796e-01 0.000000000000000000e+00
6.654999999999999805e-01 0.000000000000000000e+00
6.664999999999999813e-01 0.000000000000000000e+00
6.674999999999999822e-01 0.000000000000000000e+00
6.684999999999999831e-01 0.000000000000000000e+00
6.694999999999999840e-01 0.000000000000000000e+00
6.704999999999999849e-01 0.000000000000000000e+00
6.714999999999999858e-01 0.000000000000000000e+00
6.724999999999999867e-01 0.000000000000000000e+00
6.734999999999999876e-01 0.000000000000000000e+00
6.744999999999999885e-01 0.000000000000000000e+00
6.754999999999999893e-01 0.000000000000000000e+00
6.764999999999999902e-01 0.000000000000000000e+00
6.774999999999999911e-01 0.000000000000000000e+00
6.784999999999999920e-01 0.000000000000000000e+00
6.794999999999999929e-01 0.000000000000000000e+00
6.804999999999999938e-01 0.000000000000000000e+00
6.814999999999999947e-01 0.000000000000000000e+00
6.824999999999999956e-01 0.000000000000000000e+00
6.834999999999999964e-01 0.000000000000000000e+00
6.844999999999999973e-01 0.000000000000000000e+00
6.854999999999999982e-01 0.000000000000000000e+00
6.864999999999999991e-01 0.000000000000000000e+00
6.875000000000000000e-01 0.000000000000000000e+00
6.885000000000000009e-01 0.000000000000000000e+00
6.895000000000000018e-01 0.000000000000000000e+00
6.905000000000000027e-01 0.000000000000000000e+00
6.915000000000000036e-01 0.000000000000000000e+00
6.925000000000000044e-01 0.000000000000000000e+00
6.935000000000000053e-01 0.000000000000000000e+00
6.945000000000000062e-01 0.000000000000000000e+00
6.955000000000000071e-01 0.000000000000000000e+00
6.965000000000000080e-01 0.000000000000000000e+00
6.975000000000000089e-01 0.000000000000000000e+00
6.985000000000000098e-01 0.000000000000000000e+00
6.995000000000000107e-01 0.000000000000000000e+00
7.005000000000000115e-01 0.000000000000000000e+00
7.015000000000000124e-01 0.000000000000000000e+00
7.025000000000000133e-01 0.000000000000000000e+00
7.035000000000000142e-01 0.000000000000000000e+00
7.045000000000000151e-01 0.000000000000000000e+00
7.055000000000000160e-01 0.000000000000000000e+00
7.065000000000000169e-01 0.000000000000000000e+00
7.075000000000000178e-01 0.000000000000000000e+00
7.085000000000000187e-01 0.000000000000000000e+00
7.095000000000000195e-01 0.000000000000000000e+00
7.105000000000000204e-01 0.000000000000000000e+00
7.115000000000000213e-01 0.000000000000000000e+00
7.125000000000000222e-01 0.000000000000000000e+00
7.135000000000000231e-01 0.000000000000000000e+00
7.145000000000000240e-01 0.000000000000000000e+00
7.155000000000000249e-01 0.000000000000000000e+00
7.165000000000000258e-01 0.000000000000000000e+00
7.175000000000000266e-01 0.000000000000000000e+00
7.185000000000000275e-01 0.000000000000000000e+00
7.195000000000000284e-01 0.000000000000000000e+00
7.205000000000000293e-01 0.000000000000000000e+00
7.215000000000000302e-01 0.000000000000000000e+00
7.225000000000000311e-01 0.000000000000000000e+00
7.235000000000000320e-01 0.000000000000000000e+00
7.245000000000000329e-01 0.000000000000000000e+00
7.255000000000000338e-01 0.000000000000000000e+00
7.265000000000000346e-01 0.000000000000000000e+00
7.275000000000000355e-01 0.000000000000000000e+00
7.285000000000000364e-01 0.000000000000000000e+00
7.295000000000000373e-01 0.000000000000000000e+00
7.305000000000000382e-01 0.000000000000000000e+00
7.315000000000000391e-01 0.000000000000000000e+00
7.325000000000000400e-01 0.000000000000000000e+00
7.335000000000000409e-01 0.000000000000000000e+00
7.345000000000000417e-01 0.000000000000000000e+00
7.355000000000000426e-01 0.000000000000000000e+00
7.365000000000000435e-01 0.000000000000000000e+00
7.375000000000000444e-01 0.000000000000000000e+00
7.385000000000000453e-01 0.000000000000000000e+00
7.395000000000000462e-01 0.000000000000000000e+00
7.405000000000000471e-01 0.000000000000000000e+00
7.415000000000000480e-01 0.000000000000000000e+00
7.425000000000000488e-01 0.000000000000000000e+00
7.435000000000000497e-01 0.000000000000000000e+00
7.445000000000000506e-01 0.000000000000000000e+00
7.455000000000000515e-01 0.000000000000000000e+00
7.465000000000000524e-01 0.000000000000000000e+00
7.475000000000000533e-01 0.000000000000000000e+00
7.485000000000000542e-01 0.000000000000000000e+00
7.495000000000000551e-01 0.000000000000000000e+00
7.504999999999999449e-01 0.000000000000000000e+00
7.514999999999999458e-01 0.000000000000000000e+00
7.524999999999999467e-01 0.000000000000000000e+00
7.534999999999999476e-01 0.000000000000000000e+00
7.544999999999999485e-01 0.000000000000000000e+00
7.554999999999999494e-01 0.000000000000000000e+00
7.564999999999999503e-01 0.000000000000000000e+00
7.574999999999999512e-01 0.000000000000000000e+00
7.584999999999999520e-01 0.000000000000000000e+00
7.594999999999999529e-01 0.000000000000000000e+00
7.604999999999999538e-01 0.000000000000000000e+00
7.614999999999999547e-01 0.000000000000000000e+00
7.624999999999999556e-01 0.000000000000000000e+00
7.634999999999999565e-01 0.000000000000000000e+00
7.644999999999999574e-01 0.000000000000000000e+00
7.654999999999999583e-01 0.000000000000000000e+00
7.664999999999999591e-01 0.000000000000000000e+00
7.674999999999999600e-01 0.000000000000000000e+00
7.684999999999999609e-01 0.000000000000000000e+00
7.694999999999999618e-01 0.000000000000000000e+00
7.704999999999999627e-01 0.000000000000000000e+00
7.714999999999999636e-01 0.000000000000000000e+00
7.724999999999999645e-01 0.000000000000000000e+00
7.734999999999999654e-01 0.000000000000000000e+00
7.744999999999999662e-01 0.000000000000000000e+00
7.754999999999999671e-01 0.000000000000000000e+00
7.764999999999999680e-01 0.000000000000000000e+00
7.774999999999999689e-01 0.000000000000000000e+00
7.784999999999999698e-01 0.000000000000000000e+00
7.794999999999999707e-01 0.000000000000000000e+00
7.804999999999999716e-01 0.000000000000000000e+00
7.814999999999999725e-01 0.000000000000000000e+00
7.824999999999999734e-01 0.000000000000000000e+00
7.834999999999999742e-01 0.000000000000000000e+00
7.844999999999999751e-01 0.000000000000000000e+00
7.854999999999999760e-01 0.000000000000000000e+00
7.864999999999999769e-01 0.000000000000000000e+00
7.874999999999999778e-01 0.000000000000000000e+00
7.884999999999999787e-01 0.000000000000000000e+00
7.894999999999999796e-01 0.000000000000000000e+00
7.904999999999999805e-01 0.000000000000000000e+00
7.914999999999999813e-01 0.000000000000000000e+00
7.924999999999999822e-01 0.000000000000000000e+00
7.934999999999999831e-01 0.000000000000000000e+00
7.944999999999999840e-01 0.000000000000000000e+00
7.954999999999999849e-01 0.000000000000000000e+00
7.964999999999999858e-01 0.000000000000000000e+00
7.974999999999999867e-01 0.000000000000000000e+00
7.984999999999999876e-01 0.000000000000000000e+00
7.994999999999999885e-01 0.000000000000000000e+00
8.004999999999999893e-01 0.000000000000000000e+00
8.014999999999999902e-01 0.000000000000000000e+00
8.024999999999999911e-01 0.000000000000000000e+00
8.034999999999999920e-01 0.000000000000000000e+00
8.044999999999999929e-01 0.000000000000000000e+00
8.054999999999999938e-01 0.000000000000000000e+00
8.064999999999999947e-01 0.000000000000000000e+00
8.074999999999999956e-01 0.000000000000000000e+00
8.084999999999999964e-01 0.000000000000000000e+00
8.094999999999999973e-01 0.000000000000000000e+00
8.104999999999999982e-01 0.000000000000000000e+00
8.114999999999999991e-01 0.000000000000000000e+00
8.125000000000000000e-01 0.000000000000000000e+00
8.135000000000000009e-01 0.000000000000000000e+00
8.145000000000000018e-01 0.000000000000000000e+00
8.155000000000000027e-01 0.000000000000000000e+00
8.165000000000000036e-01 0.000000000000000000e+00
8.175000000000000044e-01 0.000000000000000000e+00
8.185000000000000053e-01 0.000000000000000000e+00
8.195000000000000062e-01 0.000000000000000000e+00
8.205000000000000071e-01 0.000000000000000000e+00
8.215000000000000080e-01 0.000000000000000000e+00
8.225000000000000089e-01 0.000000000000000000e+00
8.235000000000000098e-01 0.000000000000000000e+00
8.245000000000000107e-01 0.000000000000000000e+00
8.255000000000000115e-01 0.000000000000000000e+00
8.265000000000000124e-01 0.000000000000000000e+00
8.275000000000000133e-01 0.000000000000000000e+00
8.285000000000000142e-01 0.000000000000000000e+00
8.295000000000000151e-01 0.000000000000000000e+00
8.305000000000000160e-01 0.000000000000000000e+00
8.315000000000000169e-01 0.000000000000000000e+00
8.325000000000000178e-01 0.000000000000000000e+00
8.335000000000000187e-01 0.000000000000000000e+00
8.345000000000000195e-01 0.000000000000000000e+00
8.355000000000000204e-01 0.000000000000000000e+00
8.365000000000000213e-01 0.000000000000000000e+00
8.375000000000000222e-01 0.000000000000000000e+00
8.385000000000000231e-01 0.000000000000000000e+00
8.395000000000000240e-01 0.000000000000000000e+00
8.405000000000000249e-01 0.000000000000000000e+00
8.415000000000000258e-01 0.000000000000000000e+00
8.425000000000000266e-01 0.000000000000000000e+00
8.435000000000000275e-01 0.000000000000000000e+00
8.445000000000000284e-01 0.000000000000000000e+00
8.455000000000000293e-01 0.000000000000000000e+00
8.465000000000000302e-01 0.000000000000000000e+00
8.475000000000000311e-01 0.000000000000000000e+00
8.485000000000000320e-01 0.000000000000000000e+00
8.495000000000000329e-01 0.000000000000000000e+00
8.505000000000000338e-01 0.000000000000000000e+00
8.515000000000000346e-01 0.000000000000000000e+00
8.525000000000000355e-01 0.000000000000000000e+00
8.535000000000000364e-01 0.000000000000000000e+00
8.545000000000000373e-01 0.000000000000000000e+00
8.555000000000000382e-01 0.000000000000000000e+00
8.565000000000000391e-01 0.000000000000000000e+00
8.575000000000000400e-01 0.000000000000000000e+00
8.585000000000000409e-01 0.000000000000000000e+00
8.595000000000000417e-01 0.000000000000000000e+00
8.605000000000000426e-01 0.000000000000000000e+00
8.615000000000000435e-01 0.000000000000000000e+00
8.625000000000000444e-01 0.000000000000000000e+00
8.635000000000000453e-01 0.000000000000000000e+00
8.645000000000000462e-01 0.000000000000000000e+00
8.655000000000000471e-01 0.000000000000000000e+00
8.665000000000000480e-01 0.000000000000000000e+00
8.675000000000000488e-01 0.000000000000000000e+00
8.685000000000000497e-01 0.000000000000000000e+00
8.695000000000000506e-01 0.000000000000000000e+00
8.705000000000000515e-01 0.000000000000000000e+00
8.715000000000000524e-01 0.000000000000000000e+00
8.725000000000000533e-01 0.000000000000000000e+00
8.735000000000000542e-01 0.000000000000000000e+00
8.745000000000000551e-01 0.000000000000000000e+00
8.754999999999999449e-01 0.000000000000000000e+00
8.764999999999999458e-01 0.000000000000000000e+00
8.774999999999999467e-01 0.000000000000000000e+00
8.784999999999999476e-01 0.000000000000000000e+00
8.794999999999999485e-01 0.000000000000000000e+00
8.804999999999999494e-01 0.000000000000000000e+00
8.814999999999999503e-01 0.000000000000000000e+00
8.824999999999999512e-01 0.000000000000000000e+00
8.834999999999999520e-01 0.000000000000000000e+00
8.844999999999999529e-01 0.000000000000000000e+00
8.854999999999999538e-01 0.000000000000000000e+00
8.864999999999999547e-01 0.000000000000000000e+00
8.874999999999999556e-01 0.000000000000000000e+00
8.884999999999999565e-01 0.000000000000000000e+00
8.894999999999999574e-01 0.000000000000000000e+00
8.904999999999999583e-01 0.000000000000000000e+00
8.914999999999999591e-01 0.000000000000000000e+00
8.924999999999999600e-01 0.000000000000000000e+00
8.934999999999999609e-01 0.000000000000000000e+00
8.944999999999999618e-01 0.000000000000000000e+00
8.954999999999999627e-01 0.000000000000000000e+00
8.964999999999999636e-01 0.000000000000000000e+00
8.974999999999999645e-01 0.000000000000000000e+00
8.984999999999999654e-01 0.000000000000000000e+00
8.994999999999999662e-01 0.000000000000000000e+00
9.004999999999999671e-01 0.000000000000000000e+00
9.014999999999999680e-01 0.000000000000000000e+00
9.024999999999999689e-01 0.000000000000000000e+00
9.034999999999999698e-01 0.000000000000000000e+00
9.044999999999999707e-01 0.000000000000000000e+00
9.054999999999999716e-01 0.000000000000000000e+00
9.064999999999999725e-01 0.000000000000000000e+00
9.074999999999999734e-01 0.000000000000000000e+00
9.084999999999999742e-01 0.000000000000000000e+00
9.094999999999999751e-01 0.000000000000000000e+00
9.104999999999999760e-01 0.000000000000000000e+00
9.114999999999999769e-01 0.000000000000000000e+00
9.124999999999999778e-01 0.000000000000000000e+00
9.134999999999999787e-01 0.000000000000000000e+00
9.144999999999999796e-01 0.000000000000000000e+00
9.154999999999999805e-01 0.000000000000000000e+00
9.164999999999999813e-01 0.000000000000000000e+00
9.174999999999999822e-01 0.000000000000000000e+00
9.184999999999999831e-01 0.000000000000000000e+00
9.194999999999999840e-01 0.000000000000000000e+00
9.204999999999999849e-01 0.000000000000000000e+00
9.214999999999999858e-01 0.000000000000000000e+00
9.224999999999999867e-01 0.000000000000000000e+00
9.234999999999999876e-01 0.000000000000000000e+00
9.244999999999999885e-01 0.000000000000000000e+00
9.254999999999999893e-01 0.000000000000000000e+00
9.264999999999999902e-01 0.000000000000000000e+00
9.274999999999999911e-01 0.000000000000000000e+00
9.284999999999999920e-01 0.000000000000000000e+00
9.294999999999999929e-01 0.000000000000000000e+00
9.304999999999999938e-01 0.000000000000000000e+00
9.314999999999999947e-01 0.000000000000000000e+00
9.324999999999999956e-01 0.000000000000000000e+00
9.334999999999999964e-01 0.000000000000000000e+00
9.344999999999999973e-01 0.000000000000000000e+00
9.354999999999999982e-01 0.000000000000000000e+00
9.364999999999999991e-01 0.000000000000000000e+00
9.375000000000000000e-01 0.000000000000000000e+00
9.385000000000000009e-01 0.000000000000000000e+00
9.395000000000000018e-01 0.000000000000000000e+00
9.405000000000000027e-01 0.000000000000000000e+00
9.415000000000000036e-01 0.000000000000000000e+00
9.425000000000000044e-01 0.000000000000000000e+00
9.435000000000000053e-01 0.000000000000000000e+00
9.445000000000000062e-01 0.000000000000000000e+00
9.455000000000000071e-01 0.000000000000000000e+00
9.465000000000000080e-01 0.000000000000000000e+00
9.475000000000000089e-01 0.000000000000000000e+00
9.485000000000000098e-01 0.000000000000000000e+00
9.495000000000000107e-01 0.000000000000000000e+00
9.505000000000000115e-01 0.000000000000000000e+00
9.515000000000000124e-01 0.000000000000000000e+00
9.525000000000000133e-01 0.000000000000000000e+00
9.535000000000000142e-01 0.000000000000000000e+00
9.545000000000000151e-01 0.000000000000000000e+00
9.555000000000000160e-01 0.000000000000000000e+00
9.565000000000000169e-01 0.000000000000000000e+00
9.575000000000000178e-01 0.000000000000000000e+00
9.585000000000000187e-01 0.000000000000000000e+00
9.595000000000000195e-01 0.000000000000000000e+00
9.605000000000000204e-01 0.000000000000000000e+00
9.615000000000000213e-01 0.000000000000000000e+00
9.625000000000000222e-01 0.000000000000000000e+00
9.635000000000000231e-01 0.000000000000000000e+00
9.645000000000000240e-01 0.000000000000000000e+00
9.655000000000000249e-01 0.000000000000000000e+00
9.665000000000000258e-01 0.000000000000000000e+00
9.675000000000000266e-01 0.000000000000000000e+00
9.685000000000000275e-01 0.000000000000000000e+00
9.695000000000000284e-01 0.000000000000000000e+00
9.705000000000000293e-01 0.000000000000000000e+00
9.715000000000000302e-01 0.000000000000000000e+00
9.725000000000000311e-01 0.000000000000000000e+00
9.735000000000000320e-01 0.000000000000000000e+00
9.745000000000000329e-01 0.000000000000000000e+00
9.755000000000000338e-01 0.000000000000000000e+00
9.765000000000000346e-01 0.000000000000000000e+00
9.775000000000000355e-01 0.000000000000000000e+00
9.785000000000000364e-01 0.000000000000000000e+00
9.795000000000000373e-01 0.000000000000000000e+00
9.805000000000000382e-01 0.000000000000000000e+00
9.815000000000000391e-01 0.000000000000000000e+00
9.825000000000000400e-01 0.000000000000000000e+00
9.835000000000000409e-01 0.000000000000000000e+00
9.845000000000000417e-01 0.000000000000000000e+00
9.855000000000000426e-01 0.000000000000000000e+00
9.865000000000000435e-01 0.000000000000000000e+00
9.875000000000000444e-01 0.000000000000000000e+00
9.885000000000000453e-01 0.000000000000000000e+00
9.895000000000000462e-01 0.000000000000000000e+00
9.905000000000000471e-01 0.000000000000000000e+00
9.915000000000000480e-01 0.000000000000000000e+00
9.925000000000000488e-01 0.000000000000000000e+00
9.935000000000000497e-01 0.000000000000000000e+00
9.945000000000000506e-01 0.000000000000000000e+00
9.955000000000000515e-01 0.000000000000000000e+00
9.965000000000000524e-01 0.000000000000000000e+00
9.975000000000000533e-01 0.000000000000000000e+00
9.985000000000000542e-01 0.000000000000000000e+00
9.995000000000000551e-01 0.000000000000000000e+00
