5.000000000000000104e-04 4.299602158179790905e-03
1.500000000000000031e-03 3.858617321443401794e-03
2.500000000000000052e-03 4.409848367363887640e-03
3.500000000000000073e-03 4.152607212600994101e-03
4.499999999999999660e-03 3.821868585048703026e-03
5.499999999999999681e-03 3.968863530627498963e-03
6.499999999999999702e-03 4.336350894574490106e-03
7.499999999999999722e-03 4.373099630969188439e-03
8.500000000000000611e-03 4.483345840153286042e-03
9.499999999999999764e-03 4.189355948995693302e-03
1.050000000000000065e-02 4.446597103758586841e-03
1.149999999999999981e-02 4.887581940494975519e-03
1.250000000000000069e-02 5.365315513626063397e-03
1.349999999999999985e-02 4.409848367363887640e-03
1.450000000000000074e-02 5.255069304441966661e-03
1.549999999999999989e-02 5.438812986415461799e-03
1.650000000000000078e-02 5.622556668388956937e-03
1.750000000000000167e-02 4.409848367363887640e-03
1.849999999999999908e-02 5.438812986415461799e-03
1.949999999999999997e-02 4.556843312942684444e-03
2.050000000000000086e-02 4.924330676889674720e-03
2.149999999999999828e-02 4.814084467705577984e-03
2.249999999999999917e-02 5.622556668388956937e-03
2.350000000000000006e-02 6.100290241520044815e-03
2.450000000000000094e-02 5.696054141178355339e-03
2.549999999999999836e-02 5.732802877573054540e-03
2.649999999999999925e-02 6.431028869072336757e-03
2.750000000000000014e-02 5.549059195599558535e-03
2.850000000000000103e-02 6.173787714309443217e-03
2.949999999999999845e-02 6.688270023835230296e-03
3.049999999999999933e-02 5.475561722810161000e-03
3.150000000000000022e-02 6.504526341861734291e-03
3.250000000000000111e-02 6.798516233019327032e-03
3.350000000000000200e-02 6.504526341861734291e-03
3.450000000000000289e-02 6.467777605467035090e-03
3.549999999999999684e-02 6.578023814651132693e-03
3.649999999999999772e-02 7.129254860571618974e-03
3.749999999999999861e-02 7.276249806150414910e-03
3.849999999999999950e-02 6.357531396282938355e-03
3.950000000000000039e-02 6.578023814651132693e-03
4.050000000000000128e-02 6.614772551045831894e-03
4.150000000000000216e-02 6.835264969414026233e-03
4.250000000000000305e-02 7.423244751729210847e-03
4.349999999999999700e-02 7.055757387782220572e-03
4.449999999999999789e-02 8.194968216017891466e-03
4.549999999999999878e-02 8.341963161596688270e-03
4.649999999999999967e-02 8.047973270439094662e-03
4.750000000000000056e-02 7.643737170097406053e-03
4.850000000000000144e-02 9.150435362280067222e-03
4.950000000000000233e-02 9.334179044253562360e-03
5.050000000000000322e-02 9.040189153095970487e-03
5.149999999999999717e-02 8.305214425201988201e-03
5.249999999999999806e-02 7.900978324860299593e-03
5.349999999999999895e-02 8.929942943911873751e-03
5.449999999999999983e-02 9.150435362280067222e-03
5.550000000000000072e-02 9.187184098674765556e-03
5.650000000000000161e-02 1.058363608167333172e-02
5.750000000000000250e-02 1.047338987248923325e-02
5.850000000000000339e-02 9.187184098674765556e-03
5.949999999999999734e-02 1.010590250854224298e-02
6.049999999999999822e-02 9.848661353779349439e-03
6.149999999999999911e-02 9.003440416701270418e-03
6.250000000000000000e-02 9.775163880989951037e-03
6.350000000000000089e-02 9.628168935411155968e-03
6.450000000000000178e-02 1.080412850004152520e-02
6.550000000000000266e-02 1.062038481806803006e-02
6.650000000000000355e-02 1.065713355446272839e-02
6.750000000000000444e-02 1.135535954596201061e-02
6.850000000000000533e-02 1.084087723643622353e-02
6.950000000000000622e-02 1.142885701875140901e-02
7.049999999999999323e-02 1.117161586398851547e-02
7.149999999999999412e-02 1.227407795582948803e-02
7.249999999999999500e-02 1.186984185548779769e-02
7.349999999999999589e-02 1.242107290140828484e-02
7.449999999999999678e-02 1.205358553746129283e-02
7.549999999999999767e-02 1.216383174664539130e-02
7.649999999999999856e-02 1.209033427385599289e-02
7.749999999999999944e-02 1.198008806467189616e-02
7.850000000000000033e-02 1.271506279256587671e-02
7.950000000000000122e-02 1.356028372964395573e-02
8.050000000000000211e-02 1.278856026535527511e-02
8.150000000000000300e-02 1.341328878406515893e-02
8.250000000000000389e-02 1.330304257488106219e-02
8.350000000000000477e-02 1.503023318543191857e-02
8.450000000000000566e-02 1.374402741161745087e-02
8.550000000000000655e-02 1.348678625685455733e-02
8.649999999999999356e-02 1.451575087590613149e-02
8.749999999999999445e-02 1.322954510209166379e-02
8.849999999999999534e-02 1.510373065822131523e-02
8.949999999999999623e-02 1.561821296774710231e-02
9.049999999999999711e-02 1.418501224835383955e-02
9.149999999999999800e-02 1.473624329427432496e-02
9.249999999999999889e-02 1.525072560380011204e-02
9.349999999999999978e-02 1.661042885040397640e-02
9.450000000000000067e-02 1.683092126877217334e-02
9.550000000000000155e-02 1.591220285890469419e-02
9.650000000000000244e-02 1.587545412250999585e-02
9.750000000000000333e-02 1.664717758679867821e-02
9.850000000000000422e-02 1.708816242353506515e-02
9.950000000000000511e-02 1.863160935211242639e-02
1.005000000000000060e-01 1.855811187932302972e-02
1.015000000000000069e-01 1.826412198816543611e-02
1.024999999999999939e-01 1.863160935211242639e-02
1.034999999999999948e-01 1.859486061571772805e-02
1.044999999999999957e-01 1.984431765313749568e-02
1.054999999999999966e-01 1.932983534361170860e-02
1.064999999999999974e-01 1.892559924327001999e-02
1.074999999999999983e-01 1.874185556129652486e-02
1.084999999999999992e-01 1.940333281640110527e-02
1.095000000000000001e-01 2.142451331810955525e-02
1.105000000000000010e-01 2.109377469055726331e-02
1.115000000000000019e-01 1.984431765313749568e-02
1.125000000000000028e-01 2.094677974497846651e-02
1.135000000000000037e-01 2.234323172797703094e-02
1.145000000000000046e-01 2.157150826368835206e-02
1.155000000000000054e-01 2.171850320926714886e-02
1.165000000000000063e-01 2.278421656471342135e-02
1.174999999999999933e-01 2.039554869905798110e-02
1.184999999999999942e-01 2.440116096608017926e-02
1.194999999999999951e-01 2.215948804600353580e-02
1.204999999999999960e-01 2.318845266505510996e-02
1.214999999999999969e-01 2.388667865655439218e-02
1.224999999999999978e-01 2.609160284023633730e-02
1.234999999999999987e-01 2.498914074839536301e-02
1.244999999999999996e-01 2.513613569397415981e-02
1.255000000000000004e-01 2.737780861405080327e-02
1.265000000000000013e-01 2.712056745928791146e-02
1.275000000000000022e-01 2.565061800349994689e-02
1.285000000000000031e-01 2.634884399499922911e-02
1.295000000000000040e-01 2.851701944228647589e-02
1.305000000000000049e-01 2.881100933344406603e-02
1.315000000000000058e-01 2.877426059704936770e-02
1.325000000000000067e-01 2.837002449670767909e-02
1.335000000000000075e-01 2.855376817868117423e-02
1.345000000000000084e-01 2.774529597799779354e-02
1.355000000000000093e-01 3.046470247120552574e-02
1.365000000000000102e-01 2.969297900691684339e-02
1.375000000000000111e-01 3.145691835386239810e-02
1.385000000000000120e-01 3.042795373481082741e-02
1.395000000000000129e-01 3.171415950862529337e-02
1.405000000000000138e-01 3.266962665488747086e-02
1.414999999999999869e-01 3.277987286407156586e-02
1.424999999999999878e-01 3.171415950862529337e-02
1.434999999999999887e-01 3.244913423651927392e-02
1.444999999999999896e-01 3.498479704775350752e-02
1.454999999999999905e-01 3.513179199333230779e-02
1.464999999999999913e-01 3.391908369230723502e-02
1.474999999999999922e-01 3.571977177564749500e-02
1.484999999999999931e-01 3.535228441170049779e-02
1.494999999999999940e-01 3.502154578414821279e-02
1.504999999999999949e-01 3.858617321443402054e-02
1.514999999999999958e-01 3.663849018551496722e-02
1.524999999999999967e-01 3.704272628585665583e-02
1.534999999999999976e-01 3.660174144912026889e-02
1.544999999999999984e-01 3.766745480456654138e-02
1.554999999999999993e-01 3.840242953246052193e-02
1.565000000000000002e-01 4.119533349845765080e-02
1.575000000000000011e-01 4.009287140661667997e-02
1.585000000000000020e-01 3.990912772464318831e-02
1.595000000000000029e-01 4.145257465322054607e-02
1.605000000000000038e-01 3.976213277906438803e-02
1.615000000000000047e-01 4.259178548145621523e-02
1.625000000000000056e-01 4.196705696274632968e-02
1.635000000000000064e-01 4.351050389132369439e-02
1.645000000000000073e-01 4.369424757329718606e-02
1.655000000000000082e-01 4.648715153929431493e-02
1.665000000000000091e-01 4.637690533011021993e-02
1.675000000000000100e-01 5.038251759713242156e-02
1.685000000000000109e-01 4.777335731310878436e-02
1.695000000000000118e-01 4.869207572297626352e-02
1.705000000000000127e-01 4.876557319576566019e-02
1.715000000000000135e-01 4.972104034202783768e-02
1.724999999999999867e-01 5.130123600699989378e-02
1.734999999999999876e-01 4.957404539644903740e-02
1.744999999999999885e-01 4.880232193216035852e-02
1.754999999999999893e-01 5.089699990665820517e-02
1.764999999999999902e-01 5.453512480973341653e-02
1.774999999999999911e-01 5.424113491857582292e-02
1.784999999999999920e-01 5.317542156312955043e-02
1.794999999999999929e-01 5.773226487607223401e-02
1.804999999999999938e-01 5.354290892707654070e-02
1.814999999999999947e-01 5.549059195599558708e-02
1.824999999999999956e-01 6.015768147812237260e-02
1.834999999999999964e-01 5.905521938628139483e-02
1.844999999999999973e-01 6.070891252404285454e-02
1.854999999999999982e-01 5.938595801383368677e-02
1.864999999999999991e-01 6.111314862438454315e-02
1.875000000000000000e-01 6.137038977914743842e-02
1.885000000000000009e-01 6.298733418051419286e-02
1.895000000000000018e-01 6.423679121793396396e-02
1.905000000000000027e-01 6.706644392032579116e-02
1.915000000000000036e-01 6.758092622985158171e-02
1.925000000000000044e-01 6.677245402916820449e-02
1.935000000000000053e-01 6.673570529277350616e-02
1.945000000000000062e-01 7.000634283190171336e-02
1.955000000000000071e-01 6.820565474856146726e-02
1.965000000000000080e-01 7.059432261421690058e-02
1.975000000000000089e-01 7.305648795266174444e-02
1.985000000000000098e-01 7.426919625368681721e-02
1.995000000000000107e-01 7.640062296457936220e-02
2.005000000000000115e-01 7.599638686423766665e-02
2.015000000000000124e-01 7.838505472989309997e-02
2.025000000000000133e-01 7.875254209384009718e-02
2.034999999999999865e-01 7.776032621118322830e-02
2.044999999999999873e-01 7.959776303091817273e-02
2.054999999999999882e-01 8.114120995949553050e-02
2.064999999999999891e-01 8.194968216017892160e-02
2.074999999999999900e-01 8.360337529794037437e-02
2.084999999999999909e-01 8.077372259554854717e-02
2.094999999999999918e-01 9.036514279456500653e-02
2.104999999999999927e-01 8.536731464488593601e-02
2.114999999999999936e-01 9.047538900374910154e-02
2.124999999999999944e-01 9.065913268572259320e-02
2.134999999999999953e-01 8.907893702075053710e-02
2.144999999999999962e-01 9.231282582348404597e-02
2.154999999999999971e-01 9.301105181498332819e-02
2.164999999999999980e-01 9.334179044253562707e-02
2.174999999999999989e-01 9.345203665171972207e-02
2.184999999999999998e-01 9.550996588982287039e-02
2.195000000000000007e-01 9.878060342895109147e-02
2.205000000000000016e-01 1.032639492691043714e-01
2.215000000000000024e-01 1.002505528847390526e-01
2.225000000000000033e-01 1.049176424068658381e-01
2.235000000000000042e-01 1.042929138881559525e-01
2.245000000000000051e-01 1.046236525157082375e-01
2.255000000000000060e-01 1.092539933014403247e-01
2.265000000000000069e-01 1.125246308405685319e-01
2.275000000000000078e-01 1.095847319289926097e-01
2.285000000000000087e-01 1.123041384222003419e-01
2.295000000000000095e-01 1.150602936518027725e-01
2.305000000000000104e-01 1.174122127810635074e-01
2.315000000000000113e-01 1.205726041110076335e-01
2.325000000000000122e-01 1.193598958099825608e-01
2.335000000000000131e-01 1.210870864205334241e-01
2.344999999999999862e-01 1.219690560940061980e-01
2.354999999999999871e-01 1.254601860515026091e-01
2.364999999999999880e-01 1.250192012147662290e-01
2.374999999999999889e-01 1.279223513899474529e-01
2.384999999999999898e-01 1.293923008457354140e-01
2.394999999999999907e-01 1.245782163780298352e-01
2.404999999999999916e-01 1.286205773814467213e-01
2.414999999999999925e-01 1.326996871212583196e-01
2.424999999999999933e-01 1.366318019154911245e-01
2.434999999999999942e-01 1.411151477556444045e-01
2.444999999999999951e-01 1.382487463168578790e-01
2.454999999999999960e-01 1.466274582148492656e-01
2.464999999999999969e-01 1.511108040550025455e-01
2.474999999999999978e-01 1.459659809597446956e-01
2.484999999999999987e-01 1.500450906995562939e-01
2.494999999999999996e-01 1.486118899801630311e-01
2.505000000000000004e-01 1.499715932267668972e-01
2.515000000000000013e-01 1.590117823798628538e-01
2.525000000000000022e-01 1.548959239036565572e-01
2.535000000000000031e-01 1.596365108985727532e-01
2.545000000000000040e-01 1.611799578271501110e-01
2.555000000000000049e-01 1.621354249734122677e-01
2.565000000000000058e-01 1.687869462608528048e-01
2.575000000000000067e-01 1.684562076333005198e-01
2.585000000000000075e-01 1.694116747795627043e-01
2.595000000000000084e-01 1.671700018594860504e-01
2.605000000000000093e-01 1.755854624938721353e-01
2.615000000000000102e-01 1.771289094224494931e-01
2.625000000000000111e-01 1.774228993136070798e-01
2.635000000000000120e-01 1.812815166350504881e-01
2.645000000000000129e-01 1.826779686180490525e-01
2.655000000000000138e-01 1.907994393612775508e-01
2.665000000000000147e-01 1.945845592099315624e-01
2.675000000000000155e-01 1.963484985568771102e-01
2.685000000000000164e-01 1.975612068579021829e-01
2.695000000000000173e-01 1.993986436776371274e-01
2.705000000000000182e-01 1.999866234599523007e-01
2.715000000000000191e-01 2.043597230909215134e-01
2.725000000000000200e-01 2.107907519599938329e-01
2.735000000000000209e-01 2.085490790399172067e-01
2.745000000000000218e-01 2.125179425705446823e-01
2.755000000000000226e-01 2.150536053817789228e-01
2.765000000000000235e-01 2.182507454481177611e-01
2.775000000000000244e-01 2.189489714396170295e-01
2.785000000000000253e-01 2.256739901998469633e-01
2.795000000000000262e-01 2.260047288273992483e-01
2.805000000000000271e-01 2.336484659974966682e-01
2.814999999999999725e-01 2.321050190689193105e-01
2.824999999999999734e-01 2.413657006403834571e-01
2.834999999999999742e-01 2.385360479379916299e-01
2.844999999999999751e-01 2.469147598359830165e-01
2.854999999999999760e-01 2.484949555009550726e-01
2.864999999999999769e-01 2.525373165043720003e-01
2.874999999999999778e-01 2.526843114499507936e-01
2.884999999999999787e-01 2.496341663291907487e-01
2.894999999999999796e-01 2.653993742425166391e-01
2.904999999999999805e-01 2.659506052884371141e-01
2.914999999999999813e-01 2.684862680996713546e-01
2.924999999999999822e-01 2.690007504091971868e-01
2.934999999999999831e-01 2.700297150282487402e-01
2.944999999999999840e-01 2.760565077969793779e-01
2.954999999999999849e-01 2.824140391932623007e-01
2.964999999999999858e-01 2.886613243803611839e-01
2.974999999999999867e-01 2.914909770827530111e-01
2.984999999999999876e-01 2.954965893497751850e-01
2.994999999999999885e-01 2.968195438599843250e-01
3.004999999999999893e-01 3.019276182188475044e-01
3.014999999999999902e-01 3.098285965437078127e-01
3.024999999999999911e-01 3.145324348022293104e-01
3.034999999999999920e-01 3.125847517733102432e-01
3.044999999999999929e-01 3.200814939978288698e-01
3.054999999999999938e-01 3.201182427342235681e-01
3.064999999999999947e-01 3.275047387495580442e-01
3.074999999999999956e-01 3.251160708839026525e-01
3.084999999999999964e-01 3.397788167053875652e-01
3.094999999999999973e-01 3.447766448550666496e-01
3.104999999999999982e-01 3.483045235489577451e-01
3.114999999999999991e-01 3.465038354656174713e-01
3.125000000000000000e-01 3.568302303925279251e-01
3.135000000000000009e-01 3.574549589112377967e-01
3.145000000000000018e-01 3.630040181068373562e-01
3.155000000000000027e-01 3.682958361476740272e-01
3.165000000000000036e-01 3.726321870422485416e-01
3.175000000000000044e-01 3.776300151919275705e-01
3.185000000000000053e-01 3.903450779844934715e-01
3.195000000000000062e-01 3.880666563280221193e-01
3.205000000000000071e-01 3.972538404266969247e-01
3.215000000000000080e-01 4.004142317566410370e-01
3.225000000000000089e-01 4.109243703655249269e-01
3.235000000000000098e-01 4.111816115202878708e-01
3.245000000000000107e-01 4.158487010424146146e-01
3.255000000000000115e-01 4.215080064471982690e-01
3.265000000000000124e-01 4.252931262958523084e-01
3.275000000000000133e-01 4.349212952312634384e-01
3.285000000000000142e-01 4.399191233809425228e-01
3.295000000000000151e-01 4.532589146922182954e-01
3.305000000000000160e-01 4.562723110765836143e-01
3.315000000000000169e-01 4.564560547585571060e-01
3.325000000000000178e-01 4.653125002296795709e-01
3.335000000000000187e-01 4.753081565290377397e-01
3.345000000000000195e-01 4.754919002110112314e-01
3.355000000000000204e-01 4.772925882943514497e-01
3.365000000000000213e-01 4.853405615647905513e-01
3.375000000000000222e-01 4.935722785172031446e-01
3.385000000000000231e-01 5.041191658624817329e-01
3.395000000000000240e-01 5.087495066482138339e-01
3.405000000000000249e-01 5.209500871312539028e-01
3.415000000000000258e-01 5.178631932740992427e-01
3.425000000000000266e-01 5.245514632979344505e-01
3.435000000000000275e-01 5.368622899901586143e-01
3.444999999999999729e-01 5.425950928677316654e-01
3.454999999999999738e-01 5.513412921296700908e-01
3.464999999999999747e-01 5.625129079936586063e-01
3.474999999999999756e-01 5.613369484290282596e-01
3.484999999999999765e-01 5.667390126790490257e-01
3.494999999999999774e-01 5.830554516382954189e-01
3.504999999999999782e-01 5.911401736451291633e-01
3.514999999999999791e-01 5.867303252777652522e-01
3.524999999999999800e-01 6.006580963713562538e-01
3.534999999999999809e-01 6.086325721690059032e-01
3.544999999999999818e-01 6.155413346112093009e-01
3.554999999999999827e-01 6.221928558986499214e-01
3.564999999999999836e-01 6.318210248340609958e-01
3.574999999999999845e-01 6.419269273426032596e-01
3.584999999999999853e-01 6.483212074752808807e-01
3.594999999999999862e-01 6.528780507882235851e-01
3.604999999999999871e-01 6.615875013137673122e-01
3.614999999999999880e-01 6.719873937134671626e-01
3.624999999999999889e-01 6.787491612100917671e-01
3.634999999999999898e-01 6.873483655264512882e-01
3.644999999999999907e-01 7.029298297578037147e-01
3.654999999999999916e-01 6.951390976421275569e-01
3.664999999999999925e-01 7.255670513769383323e-01
3.674999999999999933e-01 7.295726636439605617e-01
3.684999999999999942e-01 7.335415271745880927e-01
3.694999999999999951e-01 7.488290015147828216e-01
3.704999999999999960e-01 7.615073155709540798e-01
3.714999999999999969e-01 7.673871133941059242e-01
3.724999999999999978e-01 7.687835653771044608e-01
3.734999999999999987e-01 7.892893602853465751e-01
3.744999999999999996e-01 8.045400858891466056e-01
3.755000000000000004e-01 7.988440317479682529e-01
3.765000000000000013e-01 8.225837154589439315e-01
3.775000000000000022e-01 8.301172064198572009e-01
3.785000000000000031e-01 8.337920800593271453e-01
3.795000000000000040e-01 8.532321616121228969e-01
3.805000000000000049e-01 8.599204316359581046e-01
3.815000000000000058e-01 8.715330323366830001e-01
3.825000000000000067e-01 8.817124323180146606e-01
3.835000000000000075e-01 8.862692756309573650e-01
3.845000000000000084e-01 9.043129052007545798e-01
3.855000000000000093e-01 9.192328921770024364e-01
3.865000000000000102e-01 9.186816611310819614e-01
3.875000000000000111e-01 9.478234090920782950e-01
3.885000000000000120e-01 9.405471592859279140e-01
3.895000000000000129e-01 9.536297094424407428e-01
3.905000000000000138e-01 9.655730487707179233e-01
3.915000000000000147e-01 9.736577707775517787e-01
3.925000000000000155e-01 9.947882942045036536e-01
3.935000000000000164e-01 1.018307485497111031e+00
3.945000000000000173e-01 1.032014764172333843e+00
3.955000000000000182e-01 1.028192895587285216e+00
3.965000000000000191e-01 1.050242137424104660e+00
3.975000000000000200e-01 1.059539567731963450e+00
3.985000000000000209e-01 1.070931676014320155e+00
3.995000000000000218e-01 1.095075595825637516e+00
4.005000000000000226e-01 1.101580122167499232e+00
4.015000000000000235e-01 1.117823063653956117e+00
4.025000000000000244e-01 1.124952318514527816e+00
4.035000000000000253e-01 1.143988163966981997e+00
4.045000000000000262e-01 1.161113075126911642e+00
4.055000000000000271e-01 1.172835922036820744e+00
4.064999999999999725e-01 1.177650006504526337e+00
4.074999999999999734e-01 1.211054607887307677e+00
4.084999999999999742e-01 1.226048092336344819e+00
4.094999999999999751e-01 1.230237448285340651e+00
4.104999999999999760e-01 1.253205408532027443e+00
4.114999999999999769e-01 1.265589732697041114e+00
4.124999999999999778e-01 1.292122320374013755e+00
4.134999999999999787e-01 1.296973153578114157e+00
4.144999999999999796e-01 1.298700344188664868e+00
4.154999999999999805e-01 1.322513525372430054e+00
4.164999999999999813e-01 1.336147306574863247e+00
4.174999999999999822e-01 1.352426996797714942e+00
4.184999999999999831e-01 1.367126491355594720e+00
4.194999999999999840e-01 1.392556616940726411e+00
4.204999999999999849e-01 1.416406546860886184e+00
4.214999999999999858e-01 1.437941306388179630e+00
4.224999999999999867e-01 1.440697461617782116e+00
4.234999999999999876e-01 1.463885914282837319e+00
4.244999999999999885e-01 1.475094278883220422e+00
4.254999999999999893e-01 1.507580161856134415e+00
4.264999999999999902e-01 1.510703804449683885e+00
4.274999999999999911e-01 1.541425748075652358e+00
4.284999999999999920e-01 1.553442584876718824e+00
4.294999999999999929e-01 1.574867098194828507e+00
4.304999999999999938e-01 1.594895159529939432e+00
4.314999999999999947e-01 1.622346465616779643e+00
4.324999999999999956e-01 1.648217576038647714e+00
4.334999999999999964e-01 1.669348099465599811e+00
4.344999999999999973e-01 1.684378332651031762e+00
4.354999999999999982e-01 1.702973193266749341e+00
4.364999999999999991e-01 1.735312081294084541e+00
4.375000000000000000e-01 1.748688621341754956e+00
4.385000000000000009e-01 1.774890470391175423e+00
4.395000000000000018e-01 1.799953108612360131e+00
4.405000000000000027e-01 1.814248367069898116e+00
4.415000000000000036e-01 1.833247463785957487e+00
4.425000000000000044e-01 1.858236604534353020e+00
4.435000000000000053e-01 1.890208005197741237e+00
4.445000000000000062e-01 1.890355000143320030e+00
4.455000000000000071e-01 1.940296532903716065e+00
4.465000000000000080e-01 1.962419272213324906e+00
4.475000000000000089e-01 1.971459461366420696e+00
4.485000000000000098e-01 2.016586909659111360e+00
4.495000000000000107e-01 2.040914573152401879e+00
4.505000000000000115e-01 2.063184307407589735e+00
4.515000000000000124e-01 2.086519755018223510e+00
4.525000000000000133e-01 2.099161320338000181e+00
4.535000000000000142e-01 2.122386521739449972e+00
4.545000000000000151e-01 2.166668749095062019e+00
4.555000000000000160e-01 2.184455137510096456e+00
4.565000000000000169e-01 2.220432150440506902e+00
4.575000000000000178e-01 2.244686316461008246e+00
4.585000000000000187e-01 2.269491713527430399e+00
4.595000000000000195e-01 2.313553448464674478e+00
4.605000000000000204e-01 2.333875499690942767e+00
4.615000000000000213e-01 2.366875864973382537e+00
4.625000000000000222e-01 2.398810516900376388e+00
4.635000000000000231e-01 2.423138180393666907e+00
4.645000000000000240e-01 2.441622794800200502e+00
4.655000000000000249e-01 2.484030836599683489e+00
4.665000000000000258e-01 2.530922224239319451e+00
4.675000000000000266e-01 2.552383486293823722e+00
4.685000000000000275e-01 2.551832255247902914e+00
4.694999999999999729e-01 2.598980884042302097e+00
4.704999999999999738e-01 2.631760756906373455e+00
4.714999999999999747e-01 2.677292441299405912e+00
4.724999999999999756e-01 2.708198128607347765e+00
4.734999999999999765e-01 2.747225286658518062e+00
4.744999999999999774e-01 2.772618663507254944e+00
4.754999999999999782e-01 2.811609072822030875e+00
4.764999999999999791e-01 2.837259690825530534e+00
4.774999999999999800e-01 2.870370302317154731e+00
4.784999999999999809e-01 2.903370667599594501e+00
4.794999999999999818e-01 2.942067087023212402e+00
4.804999999999999827e-01 2.985724585860114910e+00
4.814999999999999836e-01 3.022326327309235339e+00
4.824999999999999845e-01 3.058854571285566148e+00
4.834999999999999853e-01 3.084358194343487458e+00
4.844999999999999862e-01 3.123752839758604516e+00
4.854999999999999871e-01 3.152343356673680486e+00
4.864999999999999880e-01 3.205151290872862990e+00
4.874999999999999889e-01 3.240907811384905468e+00
4.884999999999999898e-01 3.280522949218390938e+00
4.894999999999999907e-01 3.293385006956535577e+00
4.904999999999999916e-01 3.343510283398904992e+00
4.914999999999999925e-01 3.368058439310563923e+00
4.924999999999999933e-01 3.421748343183219188e+00
4.934999999999999942e-01 3.447251966241140497e+00
4.944999999999999951e-01 3.474666523591586120e+00
4.954999999999999960e-01 3.514134666479492797e+00
4.964999999999999969e-01 3.530157115547581714e+00
4.974999999999999978e-01 3.573814614384484223e+00
4.984999999999999987e-01 3.630848653269056925e+00
4.994999999999999996e-01 3.656830009900109424e+00
5.004999999999999449e-01 3.683693336204634239e+00
5.014999999999999458e-01 3.687404958580498882e+00
5.024999999999999467e-01 3.753038201781431660e+00
5.034999999999999476e-01 3.776336900655670625e+00
5.044999999999999485e-01 3.820729374220467101e+00
5.054999999999999494e-01 3.824220504177963331e+00
5.064999999999999503e-01 3.883532964719007996e+00
5.074999999999999512e-01 3.889118772651002143e+00
5.084999999999999520e-01 3.924177067171545019e+00
5.094999999999999529e-01 3.966768852653001165e+00
5.104999999999999538e-01 4.006751477850433396e+00
5.114999999999999547e-01 4.042471249626081509e+00
5.124999999999999556e-01 4.072053982423813778e+00
5.134999999999999565e-01 4.070363540549657877e+00
5.144999999999999574e-01 4.124751670413812299e+00
5.154999999999999583e-01 4.135298557759091054e+00
5.164999999999999591e-01 4.165101782975192179e+00
5.174999999999999600e-01 4.186563045029696006e+00
5.184999999999999609e-01 4.186452798820512022e+00
5.194999999999999618e-01 4.225810695499235159e+00
5.204999999999999627e-01 4.248006932281633397e+00
5.214999999999999636e-01 4.261824457166039970e+00
5.224999999999999645e-01 4.287107587805593312e+00
5.234999999999999654e-01 4.334550206491149638e+00
5.244999999999999662e-01 4.343921134271798046e+00
5.254999999999999671e-01 4.327457700366972304e+00
5.264999999999999680e-01 4.374055098115451123e+00
5.274999999999999689e-01 4.391253506748170388e+00
5.284999999999999698e-01 4.409701372418308729e+00
5.294999999999999707e-01 4.404189061959104201e+00
5.304999999999999716e-01 4.443583707374221703e+00
5.314999999999999725e-01 4.436270708831676401e+00
5.324999999999999734e-01 4.444024692210957639e+00
5.334999999999999742e-01 4.466220928993355876e+00
5.344999999999999751e-01 4.488233422093781400e+00
5.354999999999999760e-01 4.484374804772337519e+00
5.364999999999999769e-01 4.492790265406723549e+00
5.374999999999999778e-01 4.466441421411724733e+00
5.384999999999999787e-01 4.507820498592155722e+00
5.394999999999999796e-01 4.504072127479895826e+00
5.404999999999999805e-01 4.509327196784338021e+00
5.414999999999999813e-01 4.521197038639826360e+00
5.424999999999999822e-01 4.529612499274212389e+00
5.434999999999999831e-01 4.537697221281045579e+00
5.444999999999999840e-01 4.565442517259043598e+00
5.454999999999999849e-01 4.512377341905097872e+00
5.464999999999999858e-01 4.539461160627991099e+00
5.474999999999999867e-01 4.563788824121282062e+00
5.484999999999999876e-01 4.521785018422141533e+00
5.494999999999999885e-01 4.524320681233375829e+00
5.504999999999999893e-01 4.518734873301380794e+00
5.514999999999999902e-01 4.517558913736750448e+00
5.524999999999999911e-01 4.522777234304798277e+00
5.534999999999999920e-01 4.505431830726499776e+00
5.544999999999999929e-01 4.483015101525733570e+00
5.554999999999999938e-01 4.475555108037609919e+00
5.564999999999999947e-01 4.470300038733167725e+00
5.574999999999999956e-01 4.456703006267129119e+00
5.584999999999999964e-01 4.460782116006940967e+00
5.594999999999999973e-01 4.417198114642827633e+00
5.604999999999999982e-01 4.414809446777172575e+00
5.614999999999999991e-01 4.422453183947269828e+00
5.625000000000000000e-01 4.388019617945436934e+00
5.635000000000000009e-01 4.406724724770338497e+00
5.645000000000000018e-01 4.365014908962354667e+00
5.655000000000000027e-01 4.357848905365388603e+00
5.665000000000000036e-01 4.345501329936769963e+00
5.675000000000000044e-01 4.330985579060863344e+00
5.685000000000000053e-01 4.308605598596491504e+00
5.695000000000000062e-01 4.286372613077698901e+00
5.705000000000000071e-01 4.264874602286799821e+00
5.715000000000000080e-01 4.242421124349639250e+00
5.725000000000000089e-01 4.229669312820678151e+00
5.735000000000000098e-01 4.234667140970357124e+00
5.745000000000000107e-01 4.172855766354473417e+00
5.755000000000000115e-01 4.171275570689501500e+00
5.765000000000000124e-01 4.131182699282884840e+00
5.775000000000000133e-01 4.112624587403561627e+00
5.785000000000000142e-01 4.061764336233298245e+00
5.795000000000000151e-01 4.039274109559742421e+00
5.805000000000000160e-01 4.025640328357309450e+00
5.815000000000000169e-01 4.009948617916772484e+00
5.825000000000000178e-01 3.977719976098621490e+00
5.835000000000000187e-01 3.957581668554326360e+00
5.845000000000000195e-01 3.921237168259969152e+00
5.855000000000000204e-01 3.876146468703673520e+00
5.865000000000000213e-01 3.871369132972362515e+00
5.875000000000000222e-01 3.849466886081121864e+00
5.885000000000000231e-01 3.800958554040119175e+00
5.895000000000000240e-01 3.790742405322392816e+00
5.905000000000000249e-01 3.746790916594332721e+00
5.915000000000000258e-01 3.704419623531244543e+00
5.925000000000000266e-01 3.684538557141712189e+00
5.935000000000000275e-01 3.667707635872940131e+00
5.945000000000000284e-01 3.624895357973116017e+00
5.955000000000000293e-01 3.606484241039371597e+00
5.965000000000000302e-01 3.557020441852106529e+00
5.975000000000000311e-01 3.538058093872441745e+00
5.985000000000000320e-01 3.510717033994785741e+00
5.995000000000000329e-01 3.452764276700345469e+00
6.005000000000000338e-01 3.431303014645841198e+00
6.015000000000000346e-01 3.372284543995954564e+00
6.025000000000000355e-01 3.357732044383653580e+00
6.035000000000000364e-01 3.325613648774686570e+00
6.045000000000000373e-01 3.306320562167469834e+00
6.055000000000000382e-01 3.258730948536334271e+00
6.065000000000000391e-01 3.215771675690930920e+00
6.075000000000000400e-01 3.209891877867779186e+00
6.085000000000000409e-01 3.162963741491748415e+00
6.095000000000000417e-01 3.128456678017126347e+00
6.105000000000000426e-01 3.107399652062963646e+00
6.115000000000000435e-01 3.075832487499917001e+00
6.125000000000000444e-01 3.025045733802442793e+00
6.135000000000000453e-01 3.004980923730937281e+00
6.145000000000000462e-01 2.975912673242730122e+00
6.155000000000000471e-01 2.953532692778358726e+00
6.165000000000000480e-01 2.894146734764524886e+00
6.175000000000000488e-01 2.884445068356324526e+00
6.185000000000000497e-01 2.840677323310237590e+00
6.195000000000000506e-01 2.786693429546424738e+00
6.205000000000000515e-01 2.767804579039549573e+00
6.215000000000000524e-01 2.754648531410247347e+00
6.225000000000000533e-01 2.703861777712773140e+00
6.235000000000000542e-01 2.705625717059718660e+00
6.245000000000000551e-01 2.651752069505089793e+00
6.254999999999999449e-01 2.616546780038968123e+00
6.264999999999999458e-01 2.589977443625600895e+00
6.274999999999999467e-01 2.559512741154395421e+00
6.284999999999999476e-01 2.538712956354995498e+00
6.294999999999999485e-01 2.479106505922793691e+00
6.304999999999999494e-01 2.455954801994133074e+00
6.314999999999999503e-01 2.433244082902209282e+00
6.324999999999999512e-01 2.412554544311993787e+00
6.334999999999999520e-01 2.385617720534679354e+00
6.344999999999999529e-01 2.343393422417169969e+00
6.354999999999999538e-01 2.315096895393251586e+00
6.364999999999999547e-01 2.298118979178900734e+00
6.374999999999999556e-01 2.241819915022221998e+00
6.384999999999999565e-01 2.233036967023888764e+00
6.394999999999999574e-01 2.195296014746532798e+00
6.404999999999999583e-01 2.175341450884211270e+00
6.414999999999999591e-01 2.161082941163067872e+00
6.424999999999999600e-01 2.130434495009888796e+00
6.434999999999999609e-01 2.099933043802288513e+00
6.444999999999999618e-01 2.072150999087896128e+00
6.454999999999999627e-01 2.045250924046976504e+00
6.464999999999999636e-01 2.027207294477179289e+00
6.474999999999999645e-01 2.008722680070645694e+00
6.484999999999999654e-01 1.960986071493931560e+00
6.494999999999999662e-01 1.950145194257495218e+00
6.504999999999999671e-01 1.917438818866213035e+00
6.514999999999999680e-01 1.880837077417092829e+00
6.524999999999999689e-01 1.878962891860963325e+00
6.534999999999999698e-01 1.845595039214576571e+00
6.544999999999999707e-01 1.816784029881132412e+00
6.554999999999999716e-01 1.791317155559605911e+00
6.564999999999999725e-01 1.774045249454097473e+00
6.574999999999999734e-01 1.762212156335004387e+00
6.584999999999999742e-01 1.722450023555939902e+00
6.594999999999999751e-01 1.717121456778708533e+00
6.604999999999999760e-01 1.684231337705452969e+00
6.614999999999999769e-01 1.663284557960474475e+00
6.624999999999999778e-01 1.658874709593110452e+00
6.634999999999999787e-01 1.617275139994311273e+00
6.644999999999999796e-01 1.603788353737456651e+00
6.654999999999999805e-01 1.565679914096153702e+00
6.664999999999999813e-01 1.555757755269584930e+00
6.674999999999999822e-01 1.542711953849466688e+00
6.684999999999999831e-01 1.521838671577277591e+00
6.694999999999999840e-01 1.506146961136741291e+00
6.704999999999999849e-01 1.485530920019314971e+00
6.714999999999999858e-01 1.473991816791379472e+00
6.724999999999999867e-01 1.454625232711373117e+00
6.734999999999999876e-01 1.427872152616032286e+00
6.744999999999999885e-01 1.411923201020732765e+00
6.754999999999999893e-01 1.393071099250252187e+00
6.764999999999999902e-01 1.375872690617532923e+00
6.774999999999999911e-01 1.358600784512024484e+00
6.784999999999999920e-01 1.335669573001732280e+00
6.794999999999999929e-01 1.311709396872388522e+00
6.804999999999999938e-01 1.323983474828217988e+00
6.814999999999999947e-01 1.287308235906308163e+00
6.824999999999999956e-01 1.270771304528693690e+00
6.834999999999999964e-01 1.250412504566030369e+00
6.844999999999999973e-01 1.248722062691874246e+00
6.854999999999999982e-01 1.219102581157746723e+00
6.864999999999999991e-01 1.207783970348179414e+00
6.875000000000000000e-01 1.190585561715460372e+00
6.885000000000000009e-01 1.180994141516443774e+00
6.895000000000000018e-01 1.153359091747630183e+00
6.905000000000000027e-01 1.150970423881974680e+00
6.915000000000000036e-01 1.137998119934646057e+00
6.925000000000000044e-01 1.106651447789967602e+00
6.935000000000000053e-01 1.109040115655623104e+00
6.945000000000000062e-01 1.081147824732046514e+00
6.955000000000000071e-01 1.071960640633371709e+00
6.965000000000000080e-01 1.066668822592535149e+00
6.975000000000000089e-01 1.041201948271008648e+00
6.985000000000000098e-01 1.020144922316845948e+00
6.995000000000000107e-01 1.027090433495444266e+00
7.005000000000000115e-01 1.015110345430772387e+00
7.015000000000000124e-01 9.944943043133460669e-01
7.025000000000000133e-01 9.921791339204800719e-01
7.035000000000000142e-01 9.766711671619170421e-01
7.045000000000000151e-01 9.590685224288562072e-01
7.055000000000000160e-01 9.664917671805853816e-01
7.065000000000000169e-01 9.447732639713182223e-01
7.075000000000000178e-01 9.266928856651263091e-01
7.085000000000000187e-01 9.128386120443248153e-01
7.095000000000000195e-01 9.032471918453083282e-01
7.105000000000000204e-01 8.874084864591930133e-01
7.115000000000000213e-01 8.746199261938377711e-01
7.125000000000000222e-01 8.649917572584265857e-01
7.135000000000000231e-01 8.560985630509094779e-01
7.145000000000000240e-01 8.576420099794868079e-01
7.155000000000000249e-01 8.358500092974302520e-01
7.165000000000000258e-01 8.224367205133651382e-01
7.175000000000000266e-01 8.126615566323751594e-01
7.185000000000000275e-01 7.970065949282333362e-01
7.195000000000000284e-01 8.029598902241745773e-01
7.205000000000000293e-01 7.844385270812462840e-01
7.215000000000000302e-01 7.725686852257585002e-01
7.225000000000000311e-01 7.706577509332340759e-01
7.235000000000000320e-01 7.495272275062820899e-01
7.245000000000000329e-01 7.357832000946646911e-01
7.255000000000000338e-01 7.373266470232420211e-01
7.265000000000000346e-01 7.336885221201668861e-01
7.275000000000000355e-01 7.217451827918895946e-01
7.285000000000000364e-01 7.163431185418688285e-01
7.295000000000000373e-01 6.947348615417858753e-01
7.305000000000000382e-01 6.911334853751053275e-01
7.315000000000000391e-01 6.889653099278181259e-01
7.325000000000000400e-01 6.731633532780975093e-01
7.335000000000000409e-01 6.566631706368776245e-01
7.345000000000000417e-01 6.596030695484534911e-01
7.355000000000000426e-01 6.521430760603296184e-01
7.365000000000000435e-01 6.342464414361111968e-01
7.375000000000000444e-01 6.378845663391863319e-01
7.385000000000000453e-01 6.302775779054836658e-01
7.395000000000000462e-01 6.195469468782315303e-01
7.405000000000000471e-01 6.067583866128762882e-01
7.415000000000000480e-01 6.017238097268025054e-01
7.425000000000000488e-01 5.933083490924163650e-01
7.435000000000000497e-01 5.820264870192437545e-01
7.445000000000000506e-01 5.748237346858827701e-01
7.455000000000000515e-01 5.701933939001506690e-01
7.465000000000000524e-01 5.693114242266779090e-01
7.475000000000000533e-01 5.533624726313784992e-01
7.485000000000000542e-01 5.376340134544472793e-01
7.495000000000000551e-01 5.416028769850748104e-01
7.504999999999999449e-01 5.367887925173692176e-01
7.514999999999999458e-01 5.283365831465884899e-01
7.524999999999999467e-01 5.221627954322790588e-01
7.534999999999999476e-01 5.156215203540225334e-01
7.544999999999999485e-01 5.051113817451386989e-01
7.554999999999999494e-01 4.969899110019101451e-01
7.564999999999999503e-01 4.949687305002017368e-01
7.574999999999999512e-01 4.863327774474474063e-01
7.584999999999999520e-01 4.897136611957597641e-01
7.594999999999999529e-01 4.771088446123779581e-01
7.604999999999999538e-01 4.760431312569317064e-01
7.614999999999999547e-01 4.687301327143865715e-01
7.624999999999999556e-01 4.601309283980269949e-01
7.634999999999999565e-01 4.507232518809840549e-01
7.644999999999999574e-01 4.465338959319883338e-01
7.654999999999999583e-01 4.370159732057612989e-01
7.664999999999999591e-01 4.305849443366889240e-01
7.674999999999999600e-01 4.261383472329303701e-01
7.684999999999999609e-01 4.291149948809009906e-01
7.694999999999999618e-01 4.255503674506151968e-01
7.704999999999999627e-01 4.152974699964941396e-01
7.714999999999999636e-01 4.069922555712921497e-01
7.724999999999999645e-01 4.068085118893186580e-01
7.734999999999999654e-01 4.017739350032448753e-01
7.744999999999999662e-01 3.975845790542492098e-01
7.754999999999999671e-01 3.867069530814182809e-01
7.764999999999999680e-01 3.840610440609999454e-01
7.774999999999999689e-01 3.776300151919275705e-01
7.784999999999999698e-01 3.679650975201217422e-01
7.794999999999999707e-01 3.679283487837270439e-01
7.804999999999999716e-01 3.675241126833853622e-01
7.814999999999999725e-01 3.526041257071375057e-01
7.824999999999999734e-01 3.544048137904777795e-01
7.834999999999999742e-01 3.552867834639505396e-01
7.844999999999999751e-01 3.488925033312729185e-01
7.854999999999999760e-01 3.380148773584419897e-01
7.864999999999999769e-01 3.353689683380236541e-01
7.874999999999999778e-01 3.300771502971869831e-01
7.884999999999999787e-01 3.185012983328567859e-01
7.894999999999999796e-01 3.212574535624592165e-01
7.904999999999999805e-01 3.186115445420408809e-01
7.914999999999999813e-01 3.145691835386240087e-01
7.924999999999999822e-01 3.179500672869363109e-01
7.934999999999999831e-01 3.082484008787357843e-01
7.944999999999999840e-01 3.000166839263231910e-01
7.954999999999999849e-01 2.959008254501168667e-01
7.964999999999999858e-01 2.963418102868532467e-01
7.974999999999999867e-01 2.947983633582759166e-01
7.984999999999999876e-01 2.871546261881784967e-01
7.994999999999999885e-01 2.749540457051384279e-01
8.004999999999999893e-01 2.773794623071885734e-01
8.014999999999999902e-01 2.741823222408497074e-01
8.024999999999999911e-01 2.686700117816448463e-01
8.034999999999999920e-01 2.626799677493089069e-01
8.044999999999999929e-01 2.636354348955711191e-01
8.054999999999999938e-01 2.603647973564428564e-01
8.064999999999999947e-01 2.579761294907874647e-01
8.074999999999999956e-01 2.533457887050553636e-01
8.084999999999999964e-01 2.489726890740861787e-01
8.094999999999999973e-01 2.454448103801950554e-01
8.104999999999999982e-01 2.472087497271406031e-01
8.114999999999999991e-01 2.417699367407251387e-01
8.125000000000000000e-01 2.300838385672108466e-01
8.135000000000000009e-01 2.313700443410253160e-01
8.145000000000000018e-01 2.279524118563183155e-01
8.155000000000000027e-01 2.277686681743447961e-01
8.165000000000000036e-01 2.263722161913462316e-01
8.175000000000000044e-01 2.177730118749866550e-01
8.185000000000000053e-01 2.139143945535432467e-01
8.195000000000000062e-01 2.227708400246657394e-01
8.205000000000000071e-01 2.139511432899379728e-01
8.215000000000000080e-01 2.115624754242825256e-01
8.225000000000000089e-01 2.085490790399172067e-01
8.235000000000000098e-01 2.022650451164236529e-01
8.245000000000000107e-01 2.020445526980554629e-01
8.255000000000000115e-01 1.939230819548269646e-01
8.265000000000000124e-01 1.960545086657195235e-01
8.275000000000000133e-01 1.905054494701199641e-01
8.285000000000000142e-01 1.860588523663613547e-01
8.295000000000000151e-01 1.904319519973305674e-01
8.305000000000000160e-01 1.865733346758871591e-01
8.315000000000000169e-01 1.806935368527353147e-01
8.325000000000000178e-01 1.827514660908384492e-01
8.335000000000000187e-01 1.747402415567940459e-01
8.345000000000000195e-01 1.745932466112152526e-01
8.355000000000000204e-01 1.761734422761873087e-01
8.365000000000000213e-01 1.730130509462431965e-01
8.375000000000000222e-01 1.766879245857131131e-01
8.385000000000000231e-01 1.665085246043814526e-01
8.395000000000000240e-01 1.647813339938306032e-01
8.405000000000000249e-01 1.605184805720455132e-01
8.415000000000000258e-01 1.564761195686286133e-01
8.425000000000000266e-01 1.604449830992561166e-01
8.435000000000000275e-01 1.606287267812296082e-01
8.445000000000000284e-01 1.589750336434681555e-01
8.455000000000000293e-01 1.473991816791379583e-01
8.465000000000000302e-01 1.488323823985312211e-01
8.475000000000000311e-01 1.496408545992145844e-01
8.485000000000000320e-01 1.446430264495355278e-01
8.495000000000000329e-01 1.424381022658535723e-01
8.505000000000000338e-01 1.449002676042984161e-01
8.515000000000000346e-01 1.383589925260419740e-01
8.525000000000000355e-01 1.373300279069904206e-01
8.535000000000000364e-01 1.344268777318091690e-01
8.545000000000000373e-01 1.314502300838385485e-01
8.555000000000000382e-01 1.301640243100240790e-01
8.565000000000000391e-01 1.318912149205749562e-01
8.575000000000000400e-01 1.324791947028901296e-01
8.585000000000000409e-01 1.232552618678206674e-01
8.595000000000000417e-01 1.254969347878973074e-01
8.605000000000000426e-01 1.268566380345011735e-01
8.615000000000000435e-01 1.216383174664539130e-01
8.625000000000000444e-01 1.195803882283507646e-01
8.635000000000000453e-01 1.155380272249338647e-01
8.645000000000000462e-01 1.149867961790133758e-01
8.655000000000000471e-01 1.142518214511193952e-01
8.665000000000000480e-01 1.157585196433020547e-01
8.675000000000000488e-01 1.119366510582533586e-01
8.685000000000000497e-01 1.109076864392017775e-01
8.695000000000000506e-01 1.108709377028070792e-01
8.705000000000000515e-01 1.066448330174166875e-01
8.715000000000000524e-01 1.046971499884976342e-01
8.725000000000000533e-01 1.026759694867891842e-01
8.735000000000000542e-01 1.058731095531280086e-01
8.745000000000000551e-01 9.793538249187301592e-02
8.754999999999999449e-01 1.005812915122913376e-01
8.764999999999999458e-01 9.675942292724264149e-02
8.774999999999999467e-01 9.363578033369321374e-02
8.784999999999999476e-01 9.602444819934866094e-02
8.794999999999999485e-01 9.411351390682430595e-02
8.804999999999999494e-01 9.257006697824694819e-02
8.814999999999999503e-01 9.418701137961370262e-02
8.824999999999999512e-01 8.981391174864451765e-02
8.834999999999999520e-01 8.966691680306572432e-02
8.844999999999999529e-01 8.658002294591099490e-02
8.854999999999999538e-01 8.816021861088306488e-02
8.864999999999999547e-01 8.599204316359580769e-02
8.874999999999999556e-01 8.261115941528350548e-02
8.884999999999999565e-01 8.404436013467676825e-02
8.894999999999999574e-01 8.000199913125986828e-02
8.904999999999999583e-01 8.209667710575771493e-02
8.914999999999999591e-01 8.125145616867963938e-02
8.924999999999999600e-01 7.893628577581358885e-02
8.934999999999999609e-01 7.735609011084153275e-02
8.944999999999999618e-01 7.816456231152490997e-02
8.954999999999999627e-01 7.412220130810801000e-02
8.964999999999999636e-01 7.717234642886804108e-02
8.974999999999999645e-01 7.371796520776632833e-02
8.984999999999999654e-01 7.305648795266174444e-02
8.994999999999999662e-01 7.110880492374269113e-02
9.004999999999999671e-01 6.930811684040243115e-02
9.014999999999999680e-01 6.993284535911231670e-02
9.024999999999999689e-01 6.842614716692965726e-02
9.034999999999999698e-01 6.636821792882650894e-02
9.044999999999999707e-01 6.743393128427278838e-02
9.054999999999999716e-01 6.702969518393109283e-02
9.064999999999999725e-01 6.386930385398698062e-02
9.074999999999999734e-01 6.482477100024915118e-02
9.084999999999999742e-01 6.070891252404285454e-02
9.094999999999999751e-01 6.221561071622552092e-02
9.104999999999999760e-01 6.320782659888239674e-02
9.114999999999999769e-01 6.129689230635804176e-02
9.124999999999999778e-01 5.868773202233440456e-02
9.134999999999999787e-01 5.894497317709729983e-02
9.144999999999999796e-01 5.846723960396621456e-02
9.154999999999999805e-01 5.644605910225776457e-02
9.164999999999999813e-01 5.982694285057008066e-02
9.174999999999999822e-01 5.615206921110017096e-02
9.184999999999999831e-01 5.427788365497052125e-02
9.194999999999999840e-01 5.306517535394544849e-02
9.204999999999999849e-01 5.435138112775991792e-02
9.214999999999999858e-01 5.493936091007510514e-02
9.224999999999999867e-01 5.141148221618399572e-02
9.234999999999999876e-01 5.115424106142110044e-02
9.244999999999999885e-01 4.847158330460806658e-02
9.254999999999999893e-01 5.111749232502640211e-02
9.264999999999999902e-01 4.953729666005433907e-02
9.274999999999999911e-01 4.667089522126781354e-02
9.284999999999999920e-01 4.792035225868758463e-02
9.294999999999999929e-01 4.692813637603070881e-02
9.304999999999999938e-01 4.498045334711165549e-02
9.314999999999999947e-01 4.589917175697913465e-02
9.324999999999999956e-01 4.362075010050778939e-02
9.334999999999999964e-01 4.251828800866681857e-02
9.344999999999999973e-01 4.277552916342971384e-02
9.354999999999999982e-01 4.362075010050778939e-02
9.364999999999999991e-01 4.196705696274632968e-02
9.375000000000000000e-01 4.182006201716753635e-02
9.385000000000000009e-01 3.994587646103788664e-02
9.395000000000000018e-01 4.057060497974776525e-02
9.405000000000000027e-01 4.042361003416897192e-02
9.415000000000000036e-01 3.836568079606582360e-02
9.425000000000000044e-01 3.939464541511739776e-02
9.435000000000000053e-01 3.924765046953860442e-02
9.445000000000000062e-01 3.722646996783015444e-02
9.455000000000000071e-01 3.788794722293473832e-02
9.465000000000000080e-01 3.663849018551496722e-02
9.475000000000000089e-01 3.505829452054291112e-02
9.485000000000000098e-01 3.549927935727929806e-02
9.495000000000000107e-01 3.391908369230723502e-02
9.505000000000000115e-01 3.388233495591253669e-02
9.515000000000000124e-01 3.362509380114964835e-02
9.525000000000000133e-01 3.542578188448990140e-02
9.535000000000000142e-01 3.266962665488747086e-02
9.545000000000000151e-01 3.200814939978288698e-02
9.555000000000000160e-01 3.145691835386239810e-02
9.565000000000000169e-01 3.208164687257228365e-02
9.575000000000000178e-01 3.171415950862529337e-02
9.585000000000000187e-01 3.013396384365323380e-02
9.595000000000000195e-01 3.042795373481082741e-02
9.605000000000000204e-01 2.837002449670767909e-02
9.615000000000000213e-01 2.943573785215395158e-02
9.625000000000000222e-01 2.961948153412744672e-02
9.635000000000000231e-01 2.748805482323490174e-02
9.645000000000000240e-01 2.767179850520839687e-02
9.655000000000000249e-01 3.028095878923203060e-02
9.665000000000000258e-01 2.734105987765610493e-02
9.675000000000000266e-01 2.708381872289320966e-02
9.685000000000000275e-01 2.690007504091971452e-02
9.695000000000000284e-01 2.781879345078719368e-02
9.705000000000000293e-01 2.487889453921126801e-02
9.715000000000000302e-01 2.381318118376499551e-02
9.725000000000000311e-01 2.664283388615682271e-02
9.735000000000000320e-01 2.425416602050138246e-02
9.745000000000000329e-01 2.476864833002716954e-02
9.755000000000000338e-01 2.484214580281656967e-02
9.765000000000000346e-01 2.050579490824207957e-02
9.775000000000000355e-01 2.414391981131728745e-02
9.785000000000000364e-01 2.219623678239823414e-02
9.795000000000000373e-01 2.370293497458089704e-02
9.805000000000000382e-01 2.267397035552932288e-02
9.815000000000000391e-01 2.237998046437172928e-02
9.825000000000000400e-01 2.322520140144980830e-02
9.835000000000000409e-01 2.138776458171485692e-02
9.845000000000000417e-01 2.153475952729365372e-02
9.855000000000000426e-01 2.168175447287244706e-02
9.865000000000000435e-01 2.131426710892545678e-02
9.875000000000000444e-01 2.043229743545267943e-02
9.885000000000000453e-01 2.050579490824207957e-02
9.895000000000000462e-01 1.958707649837460041e-02
9.905000000000000471e-01 1.918284039803291180e-02
9.915000000000000480e-01 1.914609166163821347e-02
9.925000000000000488e-01 1.896234797966471833e-02
9.935000000000000497e-01 1.749239852387675376e-02
9.945000000000000506e-01 1.808037830619194097e-02
9.955000000000000515e-01 1.756589599666615389e-02
9.965000000000000524e-01 1.716165989632446529e-02
9.975000000000000533e-01 1.690441874156157001e-02
9.985000000000000542e-01 1.797013209700784250e-02
9.995000000000000551e-01 1.833761946095483278e-02
1.000499999999999945e+00 1.616944401366758946e-02
