5.000000000000000104e-04 0.000000000000000000e+00
1.500000000000000031e-03 0.000000000000000000e+00
2.500000000000000052e-03 0.000000000000000000e+00
3.500000000000000073e-03 0.000000000000000000e+00
4.499999999999999660e-03 0.000000000000000000e+00
5.499999999999999681e-03 0.000000000000000000e+00
6.499999999999999702e-03 0.000000000000000000e+00
7.499999999999999722e-03 0.000000000000000000e+00
8.500000000000000611e-03 0.000000000000000000e+00
9.499999999999999764e-03 0.000000000000000000e+00
1.050000000000000065e-02 0.000000000000000000e+00
1.149999999999999981e-02 0.000000000000000000e+00
1.250000000000000069e-02 0.000000000000000000e+00
1.349999999999999985e-02 0.000000000000000000e+00
1.450000000000000074e-02 0.000000000000000000e+00
1.549999999999999989e-02 0.000000000000000000e+00
1.650000000000000078e-02 0.000000000000000000e+00
1.750000000000000167e-02 0.000000000000000000e+00
1.849999999999999908e-02 0.000000000000000000e+00
1.949999999999999997e-02 0.000000000000000000e+00
2.050000000000000086e-02 0.000000000000000000e+00
2.149999999999999828e-02 0.000000000000000000e+00
2.249999999999999917e-02 0.000000000000000000e+00
2.350000000000000006e-02 0.000000000000000000e+00
2.450000000000000094e-02 0.000000000000000000e+00
2.549999999999999836e-02 0.000000000000000000e+00
2.649999999999999925e-02 0.000000000000000000e+00
2.750000000000000014e-02 0.000000000000000000e+00
2.850000000000000103e-02 0.000000000000000000e+00
2.949999999999999845e-02 0.000000000000000000e+00
3.049999999999999933e-02 0.000000000000000000e+00
3.150000000000000022e-02 0.000000000000000000e+00
3.250000000000000111e-02 0.000000000000000000e+00
3.350000000000000200e-02 0.000000000000000000e+00
3.450000000000000289e-02 0.000000000000000000e+00
3.549999999999999684e-02 0.000000000000000000e+00
3.649999999999999772e-02 0.000000000000000000e+00
3.749999999999999861e-02 0.000000000000000000e+00
3.849999999999999950e-02 0.000000000000000000e+00
3.950000000000000039e-02 0.000000000000000000e+00
4.050000000000000128e-02 0.000000000000000000e+00
4.150000000000000216e-02 0.000000000000000000e+00
4.250000000000000305e-02 0.000000000000000000e+00
4.349999999999999700e-02 0.000000000000000000e+00
4.449999999999999789e-02 0.000000000000000000e+00
4.549999999999999878e-02 0.000000000000000000e+00
4.649999999999999967e-02 0.000000000000000000e+00
4.750000000000000056e-02 0.000000000000000000e+00
4.850000000000000144e-02 0.000000000000000000e+00
4.950000000000000233e-02 0.000000000000000000e+00
5.050000000000000322e-02 0.000000000000000000e+00
5.149999999999999717e-02 0.000000000000000000e+00
5.249999999999999806e-02 0.000000000000000000e+00
5.349999999999999895e-02 0.000000000000000000e+00
5.449999999999999983e-02 0.000000000000000000e+00
5.550000000000000072e-02 0.000000000000000000e+00
5.650000000000000161e-02 9.999999999999999547e-08
5.750000000000000250e-02 9.999999999999999547e-08
5.850000000000000339e-02 9.999999999999999547e-08
5.949999999999999734e-02 9.999999999999999547e-08
6.049999999999999822e-02 1.999999999999999909e-07
6.149999999999999911e-02 1.999999999999999909e-07
6.250000000000000000e-02 1.999999999999999909e-07
6.350000000000000089e-02 2.999999999999999864e-07
6.450000000000000178e-02 3.999999999999999819e-07
6.550000000000000266e-02 4.999999999999999774e-07
6.650000000000000355e-02 5.999999999999999728e-07
6.750000000000000444e-02 7.999999999999999638e-07
6.850000000000000533e-02 9.999999999999999547e-07
6.950000000000000622e-02 1.199999999999999946e-06
7.049999999999999323e-02 1.500000000000000038e-06
7.149999999999999412e-02 1.900000000000000020e-06
7.249999999999999500e-02 2.300000000000000002e-06
7.349999999999999589e-02 2.900000000000000186e-06
7.449999999999999678e-02 3.599999999999999837e-06
7.549999999999999767e-02 4.400000000000000224e-06
7.649999999999999856e-02 5.399999999999999967e-06
7.749999999999999944e-02 6.700000000000000226e-06
7.850000000000000033e-02 8.300000000000000154e-06
7.950000000000000122e-02 1.020000000000000060e-05
8.050000000000000211e-02 1.250000000000000060e-05
8.150000000000000300e-02 1.529999999999999920e-05
8.250000000000000389e-02 1.870000000000000053e-05
8.350000000000000477e-02 2.290000000000000098e-05
8.450000000000000566e-02 2.790000000000000054e-05
8.550000000000000655e-02 3.399999999999999973e-05
8.649999999999999356e-02 4.130000000000000099e-05
8.749999999999999445e-02 5.020000000000000048e-05
8.849999999999999534e-02 6.080000000000000064e-05
8.949999999999999623e-02 7.360000000000000006e-05
9.049999999999999711e-02 8.890000000000000604e-05
9.149999999999999800e-02 1.073000000000000061e-04
9.249999999999999889e-02 1.292999999999999987e-04
9.349999999999999978e-02 1.555000000000000121e-04
9.450000000000000067e-02 1.867000000000000116e-04
9.550000000000000155e-02 2.238999999999999942e-04
9.650000000000000244e-02 2.680000000000000090e-04
9.750000000000000333e-02 3.201999999999999768e-04
9.850000000000000422e-02 3.821000000000000178e-04
9.950000000000000511e-02 4.553000000000000081e-04
1.005000000000000060e-01 5.414999999999999892e-04
1.015000000000000069e-01 6.432000000000000217e-04
1.024999999999999939e-01 7.625999999999999966e-04
1.034999999999999948e-01 9.028999999999999916e-04
1.044999999999999957e-01 1.067299999999999976e-03
1.054999999999999966e-01 1.259600000000000043e-03
1.064999999999999974e-01 1.484199999999999972e-03
1.074999999999999983e-01 1.746200000000000052e-03
1.084999999999999992e-01 2.051199999999999985e-03
1.095000000000000001e-01 2.405700000000000199e-03
1.105000000000000010e-01 2.817099999999999899e-03
1.115000000000000019e-01 3.293599999999999826e-03
1.125000000000000028e-01 3.844800000000000214e-03
1.135000000000000037e-01 4.481299999999999693e-03
1.145000000000000046e-01 5.214899999999999744e-03
1.155000000000000054e-01 6.059300000000000103e-03
1.165000000000000063e-01 7.029500000000000158e-03
1.174999999999999933e-01 8.142299999999999885e-03
1.184999999999999942e-01 9.416700000000000070e-03
1.194999999999999951e-01 1.087379999999999944e-02
1.204999999999999960e-01 1.253690000000000013e-02
1.214999999999999969e-01 1.443209999999999979e-02
1.224999999999999978e-01 1.658820000000000086e-02
1.234999999999999987e-01 1.903710000000000124e-02
1.244999999999999996e-01 2.181390000000000065e-02
1.255000000000000004e-01 2.495730000000000171e-02
1.265000000000000013e-01 2.850990000000000121e-02
1.275000000000000022e-01 3.251840000000000286e-02
1.285000000000000031e-01 3.703379999999999866e-02
1.295000000000000040e-01 4.211179999999999785e-02
1.305000000000000049e-01 4.781309999999999727e-02
1.315000000000000058e-01 5.420359999999999762e-02
1.325000000000000067e-01 6.135480000000000100e-02
1.335000000000000075e-01 6.934410000000000573e-02
1.345000000000000084e-01 7.825500000000000511e-02
1.355000000000000093e-01 8.817740000000000300e-02
1.365000000000000102e-01 9.920779999999999876e-02
1.375000000000000111e-01 1.114499000000000045e-01
1.385000000000000120e-01 1.250140999999999891e-01
1.395000000000000129e-01 1.400185999999999931e-01
1.405000000000000138e-01 1.565888000000000002e-01
1.414999999999999869e-01 1.748579000000000105e-01
1.424999999999999878e-01 1.949667999999999957e-01
1.434999999999999887e-01 2.170642000000000127e-01
1.444999999999999896e-01 2.413065000000000071e-01
1.454999999999999905e-01 2.678579999999999850e-01
1.464999999999999913e-01 2.968905000000000016e-01
1.474999999999999922e-01 3.285834000000000255e-01
1.484999999999999931e-01 3.631229000000000262e-01
1.494999999999999940e-01 4.007026000000000199e-01
1.504999999999999949e-01 4.415221999999999758e-01
1.514999999999999958e-01 4.857874999999999832e-01
1.524999999999999967e-01 5.337094999999999478e-01
1.534999999999999976e-01 5.855042999999999775e-01
1.544999999999999984e-01 6.413917000000000090e-01
1.554999999999999993e-01 7.015947000000000155e-01
1.565000000000000002e-01 7.663385999999999809e-01
1.575000000000000011e-01 8.358497999999999761e-01
1.585000000000000020e-01 9.103546000000000138e-01
1.595000000000000029e-01 9.900784999999999725e-01
1.605000000000000038e-01 1.075244000000000089e+00
1.615000000000000047e-01 1.166070299999999893e+00
1.625000000000000056e-01 1.262770900000000029e+00
1.635000000000000064e-01 1.365552600000000005e+00
1.645000000000000073e-01 1.474613699999999916e+00
1.655000000000000082e-01 1.590142500000000014e+00
1.665000000000000091e-01 1.712315400000000043e+00
1.675000000000000100e-01 1.841295300000000079e+00
1.685000000000000109e-01 1.977230000000000043e+00
1.695000000000000118e-01 2.120249999999999968e+00
1.705000000000000127e-01 2.270467099999999849e+00
1.715000000000000135e-01 2.427972599999999925e+00
1.724999999999999867e-01 2.592835599999999907e+00
1.734999999999999876e-01 2.765101200000000148e+00
1.744999999999999885e-01 2.944788799999999984e+00
1.754999999999999893e-01 3.131891099999999817e+00
1.764999999999999902e-01 3.326372099999999943e+00
1.774999999999999911e-01 3.528166099999999972e+00
1.784999999999999920e-01 3.737176100000000112e+00
1.794999999999999929e-01 3.953273400000000048e+00
1.804999999999999938e-01 4.176296100000000067e+00
1.814999999999999947e-01 4.406048600000000093e+00
1.824999999999999956e-01 4.642301100000000069e+00
1.834999999999999964e-01 4.884788799999999931e+00
1.844999999999999973e-01 5.133212200000000003e+00
1.854999999999999982e-01 5.387237200000000392e+00
1.864999999999999991e-01 5.646494500000000194e+00
1.875000000000000000e-01 5.910580999999999641e+00
1.885000000000000009e-01 6.179060100000000055e+00
1.895000000000000018e-01 6.451462199999999925e+00
1.905000000000000027e-01 6.727286399999999666e+00
1.915000000000000036e-01 7.006001600000000273e+00
1.925000000000000044e-01 7.287047900000000134e+00
1.935000000000000053e-01 7.569838400000000078e+00
1.945000000000000062e-01 7.853761399999999782e+00
1.955000000000000071e-01 8.138182000000000471e+00
1.965000000000000080e-01 8.422444999999999737e+00
1.975000000000000089e-01 8.705876999999999200e+00
1.985000000000000098e-01 8.987789100000000531e+00
1.995000000000000107e-01 9.267479599999999706e+00
2.005000000000000115e-01 9.544237000000000748e+00
2.015000000000000124e-01 9.817343199999999825e+00
2.025000000000000133e-01 1.008607590000000087e+01
2.034999999999999865e-01 1.034971239999999959e+01
2.044999999999999873e-01 1.060753240000000019e+01
2.054999999999999882e-01 1.085882130000000068e+01
2.064999999999999891e-01 1.110287360000000056e+01
2.074999999999999900e-01 1.133899569999999990e+01
2.084999999999999909e-01 1.156650939999999927e+01
2.094999999999999918e-01 1.178475470000000058e+01
2.104999999999999927e-01 1.199309309999999940e+01
2.114999999999999936e-01 1.219091060000000049e+01
2.124999999999999944e-01 1.237762009999999968e+01
2.134999999999999953e-01 1.255266459999999995e+01
2.144999999999999962e-01 1.271551930000000041e+01
2.154999999999999971e-01 1.286569459999999943e+01
2.164999999999999980e-01 1.300273789999999963e+01
2.174999999999999989e-01 1.312623549999999994e+01
2.184999999999999998e-01 1.323581519999999934e+01
2.195000000000000007e-01 1.333114720000000020e+01
2.205000000000000016e-01 1.341194619999999915e+01
2.215000000000000024e-01 1.347797219999999996e+01
2.225000000000000033e-01 1.352903180000000027e+01
2.235000000000000042e-01 1.356497869999999928e+01
2.245000000000000051e-01 1.358571479999999987e+01
2.255000000000000060e-01 1.359118999999999922e+01
2.265000000000000069e-01 1.358140279999999933e+01
2.275000000000000078e-01 1.355639979999999944e+01
2.285000000000000087e-01 1.351627550000000078e+01
2.295000000000000095e-01 1.346117190000000008e+01
2.305000000000000104e-01 1.339127760000000045e+01
2.315000000000000113e-01 1.330682660000000084e+01
2.325000000000000122e-01 1.320809730000000037e+01
2.335000000000000131e-01 1.309541139999999970e+01
2.344999999999999862e-01 1.296913160000000076e+01
2.354999999999999871e-01 1.282966030000000046e+01
2.364999999999999880e-01 1.267743759999999931e+01
2.374999999999999889e-01 1.251293910000000054e+01
2.384999999999999898e-01 1.233667359999999924e+01
2.394999999999999907e-01 1.214918079999999989e+01
2.404999999999999916e-01 1.195102870000000017e+01
2.414999999999999925e-01 1.174281090000000027e+01
2.424999999999999933e-01 1.152514399999999917e+01
2.434999999999999942e-01 1.129866490000000034e+01
2.444999999999999951e-01 1.106402740000000051e+01
2.454999999999999960e-01 1.082189999999999941e+01
2.464999999999999969e-01 1.057296219999999920e+01
2.474999999999999978e-01 1.031790239999999947e+01
2.484999999999999987e-01 1.005741390000000024e+01
2.494999999999999996e-01 9.792192899999999867e+00
2.505000000000000004e-01 9.522935000000000372e+00
2.515000000000000013e-01 9.250332500000000735e+00
2.525000000000000022e-01 8.975071599999999705e+00
2.535000000000000031e-01 8.697829999999999728e+00
2.545000000000000040e-01 8.419273499999999189e+00
2.555000000000000049e-01 8.140054299999999188e+00
2.565000000000000058e-01 7.860808099999999854e+00
2.575000000000000067e-01 7.582152299999999734e+00
2.585000000000000075e-01 7.304683400000000049e+00
2.595000000000000084e-01 7.028975400000000207e+00
2.605000000000000093e-01 6.755577800000000188e+00
2.615000000000000102e-01 6.485014200000000173e+00
2.625000000000000111e-01 6.217780799999999886e+00
2.635000000000000120e-01 5.954345100000000279e+00
2.645000000000000129e-01 5.695144899999999843e+00
2.655000000000000138e-01 5.440587400000000073e+00
2.665000000000000147e-01 5.191048499999999954e+00
2.675000000000000155e-01 4.946872400000000169e+00
2.685000000000000164e-01 4.708371299999999593e+00
2.695000000000000173e-01 4.475825200000000059e+00
2.705000000000000182e-01 4.249482200000000098e+00
2.715000000000000191e-01 4.029558200000000312e+00
2.725000000000000200e-01 3.816237899999999961e+00
2.735000000000000209e-01 3.609675000000000189e+00
2.745000000000000218e-01 3.409993300000000005e+00
2.755000000000000226e-01 3.217286899999999950e+00
2.765000000000000235e-01 3.031621700000000086e+00
2.775000000000000244e-01 2.853036400000000139e+00
2.785000000000000253e-01 2.681543399999999799e+00
2.795000000000000262e-01 2.517130600000000218e+00
2.805000000000000271e-01 2.359762200000000032e+00
2.814999999999999725e-01 2.209380299999999853e+00
2.824999999999999734e-01 2.065906800000000043e+00
2.834999999999999742e-01 1.929244200000000076e+00
2.844999999999999751e-01 1.799277599999999921e+00
2.854999999999999760e-01 1.675876200000000038e+00
2.864999999999999769e-01 1.558894800000000025e+00
2.874999999999999778e-01 1.448175200000000107e+00
2.884999999999999787e-01 1.343548100000000023e+00
2.894999999999999796e-01 1.244834299999999949e+00
2.904999999999999805e-01 1.151846099999999984e+00
2.914999999999999813e-01 1.064389000000000030e+00
2.924999999999999822e-01 9.822632000000000030e-01
2.934999999999999831e-01 9.052641000000000160e-01
2.944999999999999840e-01 8.331847000000000003e-01
2.954999999999999849e-01 7.658158000000000465e-01
2.964999999999999858e-01 7.029476000000000058e-01
2.974999999999999867e-01 6.443708000000000213e-01
2.984999999999999876e-01 5.898771000000000431e-01
2.994999999999999885e-01 5.392607000000000372e-01
3.004999999999999893e-01 4.923183999999999894e-01
3.014999999999999902e-01 4.488511000000000029e-01
3.024999999999999911e-01 4.086637000000000186e-01
3.034999999999999920e-01 3.715662000000000131e-01
3.044999999999999929e-01 3.373739000000000043e-01
3.054999999999999938e-01 3.059078000000000075e-01
3.064999999999999947e-01 2.769952999999999999e-01
3.074999999999999956e-01 2.504700000000000260e-01
3.084999999999999964e-01 2.261723999999999957e-01
3.094999999999999973e-01 2.039495000000000058e-01
3.104999999999999982e-01 1.836556000000000022e-01
3.114999999999999991e-01 1.651516000000000095e-01
3.125000000000000000e-01 1.483055000000000068e-01
3.135000000000000009e-01 1.329925000000000135e-01
3.145000000000000018e-01 1.190943000000000002e-01
3.155000000000000027e-01 1.064995999999999998e-01
3.165000000000000036e-01 9.510369999999999935e-02
3.175000000000000044e-01 8.480820000000000025e-02
3.185000000000000053e-01 7.552119999999999667e-02
3.195000000000000062e-01 6.715659999999999685e-02
3.205000000000000071e-01 5.963450000000000001e-02
3.215000000000000080e-01 5.288040000000000102e-02
3.225000000000000089e-01 4.682499999999999857e-02
3.235000000000000098e-01 4.140449999999999686e-02
3.245000000000000107e-01 3.655959999999999765e-02
3.255000000000000115e-01 3.223600000000000076e-02
3.265000000000000124e-01 2.838339999999999960e-02
3.275000000000000133e-01 2.495570000000000080e-02
3.285000000000000142e-01 2.191080000000000111e-02
3.295000000000000151e-01 1.921000000000000138e-02
3.305000000000000160e-01 1.681809999999999902e-02
3.315000000000000169e-01 1.470310000000000020e-02
3.325000000000000178e-01 1.283560000000000083e-02
3.335000000000000187e-01 1.118940000000000039e-02
3.345000000000000195e-01 9.740300000000000347e-03
3.355000000000000204e-01 8.466700000000000614e-03
3.365000000000000213e-01 7.349099999999999903e-03
3.375000000000000222e-01 6.369900000000000388e-03
3.385000000000000231e-01 5.513200000000000219e-03
3.395000000000000240e-01 4.764899999999999865e-03
3.405000000000000249e-01 4.112199999999999883e-03
3.415000000000000258e-01 3.543800000000000162e-03
3.425000000000000266e-01 3.049599999999999967e-03
3.435000000000000275e-01 2.620499999999999999e-03
3.444999999999999729e-01 2.248500000000000065e-03
3.454999999999999738e-01 1.926600000000000101e-03
3.464999999999999747e-01 1.648299999999999895e-03
3.474999999999999756e-01 1.408200000000000077e-03
3.484999999999999765e-01 1.201400000000000037e-03
3.494999999999999774e-01 1.023400000000000047e-03
3.504999999999999782e-01 8.704999999999999630e-04
3.514999999999999791e-01 7.393999999999999748e-04
3.524999999999999800e-01 6.271000000000000098e-04
3.534999999999999809e-01 5.310999999999999532e-04
3.544999999999999818e-01 4.492000000000000224e-04
3.554999999999999827e-01 3.793000000000000039e-04
3.564999999999999836e-01 3.198000000000000213e-04
3.574999999999999845e-01 2.692999999999999864e-04
3.584999999999999853e-01 2.264000000000000008e-04
3.594999999999999862e-01 1.901000000000000129e-04
3.604999999999999871e-01 1.593999999999999985e-04
3.614999999999999880e-01 1.333999999999999899e-04
3.624999999999999889e-01 1.114999999999999997e-04
3.634999999999999898e-01 9.309999999999999970e-05
3.644999999999999907e-01 7.760000000000000242e-05
3.654999999999999916e-01 6.449999999999999570e-05
3.664999999999999925e-01 5.360000000000000181e-05
3.674999999999999933e-01 4.449999999999999746e-05
3.684999999999999942e-01 3.690000000000000246e-05
3.694999999999999951e-01 3.049999999999999936e-05
3.704999999999999960e-01 2.519999999999999928e-05
3.714999999999999969e-01 2.080000000000000075e-05
3.724999999999999978e-01 1.709999999999999891e-05
3.734999999999999987e-01 1.410000000000000053e-05
3.744999999999999996e-01 1.160000000000000075e-05
3.755000000000000004e-01 9.500000000000000523e-06
3.765000000000000013e-01 7.799999999999999859e-06
3.775000000000000022e-01 6.399999999999999710e-06
3.785000000000000031e-01 5.200000000000000188e-06
3.795000000000000040e-01 4.199999999999999598e-06
3.805000000000000049e-01 3.400000000000000058e-06
3.815000000000000058e-01 2.799999999999999873e-06
3.825000000000000067e-01 2.300000000000000002e-06
3.835000000000000075e-01 1.799999999999999919e-06
3.845000000000000084e-01 1.500000000000000038e-06
3.855000000000000093e-01 1.199999999999999946e-06
3.865000000000000102e-01 9.999999999999999547e-07
3.875000000000000111e-01 7.999999999999999638e-07
3.885000000000000120e-01 5.999999999999999728e-07
3.895000000000000129e-01 4.999999999999999774e-07
3.905000000000000138e-01 3.999999999999999819e-07
3.915000000000000147e-01 2.999999999999999864e-07
3.925000000000000155e-01 2.999999999999999864e-07
3.935000000000000164e-01 1.999999999999999909e-07
3.945000000000000173e-01 1.999999999999999909e-07
3.955000000000000182e-01 9.999999999999999547e-08
3.965000000000000191e-01 9.999999999999999547e-08
3.975000000000000200e-01 9.999999999999999547e-08
3.985000000000000209e-01 9.999999999999999547e-08
3.995000000000000218e-01 9.999999999999999547e-08
4.005000000000000226e-01 0.000000000000000000e+00
4.015000000000000235e-01 0.000000000000000000e+00
4.025000000000000244e-01 0.000000000000000000e+00
4.035000000000000253e-01 0.000000000000000000e+00
4.045000000000000262e-01 0.000000000000000000e+00
4.055000000000000271e-01 0.000000000000000000e+00
4.064999999999999725e-01 0.000000000000000000e+00
4.074999999999999734e-01 0.000000000000000000e+00
4.084999999999999742e-01 0.000000000000000000e+00
4.094999999999999751e-01 0.000000000000000000e+00
4.104999999999999760e-01 0.000000000000000000e+00
4.114999999999999769e-01 0.000000000000000000e+00
4.124999999999999778e-01 0.000000000000000000e+00
4.134999999999999787e-01 0.000000000000000000e+00
4.144999999999999796e-01 0.000000000000000000e+00
4.154999999999999805e-01 0.000000000000000000e+00
4.164999999999999813e-01 0.000000000000000000e+00
4.174999999999999822e-01 0.000000000000000000e+00
4.184999999999999831e-01 0.000000000000000000e+00
4.194999999999999840e-01 0.000000000000000000e+00
4.204999999999999849e-01 0.000000000000000000e+00
4.214999999999999858e-01 0.000000000000000000e+00
4.224999999999999867e-01 0.000000000000000000e+00
4.234999999999999876e-01 0.000000000000000000e+00
4.244999999999999885e-01 0.000000000000000000e+00
4.254999999999999893e-01 0.000000000000000000e+00
4.264999999999999902e-01 0.000000000000000000e+00
4.274999999999999911e-01 0.000000000000000000e+00
4.284999999999999920e-01 0.000000000000000000e+00
4.294999999999999929e-01 0.000000000000000000e+00
4.304999999999999938e-01 0.000000000000000000e+00
4.314999999999999947e-01 0.000000000000000000e+00
4.324999999999999956e-01 0.000000000000000000e+00
4.334999999999999964e-01 0.000000000000000000e+00
4.344999999999999973e-01 0.000000000000000000e+00
4.354999999999999982e-01 0.000000000000000000e+00
4.364999999999999991e-01 0.000000000000000000e+00
4.375000000000000000e-01 0.000000000000000000e+00
4.385000000000000009e-01 0.000000000000000000e+00
4.395000000000000018e-01 0.000000000000000000e+00
4.405000000000000027e-01 0.000000000000000000e+00
4.415000000000000036e-01 0.000000000000000000e+00
4.425000000000000044e-01 0.000000000000000000e+00
4.435000000000000053e-01 0.000000000000000000e+00
4.445000000000000062e-01 0.000000000000000000e+00
4.455000000000000071e-01 0.000000000000000000e+00
4.465000000000000080e-01 0.000000000000000000e+00
4.475000000000000089e-01 0.000000000000000000e+00
4.485000000000000098e-01 0.000000000000000000e+00
4.495000000000000107e-01 0.000000000000000000e+00
4.505000000000000115e-01 0.000000000000000000e+00
4.515000000000000124e-01 0.000000000000000000e+00
4.525000000000000133e-01 0.000000000000000000e+00
4.535000000000000142e-01 0.000000000000000000e+00
4.545000000000000151e-01 0.000000000000000000e+00
4.555000000000000160e-01 0.000000000000000000e+00
4.565000000000000169e-01 0.000000000000000000e+00
4.575000000000000178e-01 0.000000000000000000e+00
4.585000000000000187e-01 0.000000000000000000e+00
4.595000000000000195e-01 0.000000000000000000e+00
4.605000000000000204e-01 0.000000000000000000e+00
4.615000000000000213e-01 0.000000000000000000e+00
4.625000000000000222e-01 0.000000000000000000e+00
4.635000000000000231e-01 0.000000000000000000e+00
4.645000000000000240e-01 0.000000000000000000e+00
4.655000000000000249e-01 0.000000000000000000e+00
4.665000000000000258e-01 0.000000000000000000e+00
4.675000000000000266e-01 0.000000000000000000e+00
4.685000000000000275e-01 0.000000000000000000e+00
4.694999999999999729e-01 0.000000000000000000e+00
4.704999999999999738e-01 0.000000000000000000e+00
4.714999999999999747e-01 0.000000000000000000e+00
4.724999999999999756e-01 0.000000000000000000e+00
4.734999999999999765e-01 0.000000000000000000e+00
4.744999999999999774e-01 0.000000000000000000e+00
4.754999999999999782e-01 0.000000000000000000e+00
4.764999999999999791e-01 0.000000000000000000e+00
4.774999999999999800e-01 0.000000000000000000e+00
4.784999999999999809e-01 0.000000000000000000e+00
4.794999999999999818e-01 0.000000000000000000e+00
4.804999999999999827e-01 0.000000000000000000e+00
4.814999999999999836e-01 0.000000000000000000e+00
4.824999999999999845e-01 0.000000000000000000e+00
4.834999999999999853e-01 0.000000000000000000e+00
4.844999999999999862e-01 0.000000000000000000e+00
4.854999999999999871e-01 0.000000000000000000e+00
4.864999999999999880e-01 0.000000000000000000e+00
4.874999999999999889e-01 0.000000000000000000e+00
4.884999999999999898e-01 0.000000000000000000e+00
4.894999999999999907e-01 0.000000000000000000e+00
4.904999999999999916e-01 0.000000000000000000e+00
4.914999999999999925e-01 0.000000000000000000e+00
4.924999999999999933e-01 0.000000000000000000e+00
4.934999999999999942e-01 0.000000000000000000e+00
4.944999999999999951e-01 0.000000000000000000e+00
4.954999999999999960e-01 0.000000000000000000e+00
4.964999999999999969e-01 0.000000000000000000e+00
4.974999999999999978e-01 0.000000000000000000e+00
4.984999999999999987e-01 0.000000000000000000e+00
4.994999999999999996e-01 0.000000000000000000e+00
5.004999999999999449e-01 0.000000000000000000e+00
5.014999999999999458e-01 0.000000000000000000e+00
5.024999999999999467e-01 0.000000000000000000e+00
5.034999999999999476e-01 0.000000000000000000e+00
5.044999999999999485e-01 0.000000000000000000e+00
5.054999999999999494e-01 0.000000000000000000e+00
5.064999999999999503e-01 0.000000000000000000e+00
5.074999999999999512e-01 0.000000000000000000e+00
5.084999999999999520e-01 0.000000000000000000e+00
5.094999999999999529e-01 0.000000000000000000e+00
5.104999999999999538e-01 0.000000000000000000e+00
5.114999999999999547e-01 0.000000000000000000e+00
5.124999999999999556e-01 0.000000000000000000e+00
5.134999999999999565e-01 0.000000000000000000e+00
5.144999999999999574e-01 0.000000000000000000e+00
5.154999999999999583e-01 0.000000000000000000e+00
5.164999999999999591e-01 0.000000000000000000e+00
5.174999999999999600e-01 0.000000000000000000e+00
5.184999999999999609e-01 0.000000000000000000e+00
5.194999999999999618e-01 0.000000000000000000e+00
5.204999999999999627e-01 0.000000000000000000e+00
5.214999999999999636e-01 0.000000000000000000e+00
5.224999999999999645e-01 0.000000000000000000e+00
5.234999999999999654e-01 0.000000000000000000e+00
5.244999999999999662e-01 0.000000000000000000e+00
5.254999999999999671e-01 0.000000000000000000e+00
5.264999999999999680e-01 0.000000000000000000e+00
5.274999999999999689e-01 0.000000000000000000e+00
5.284999999999999698e-01 0.000000000000000000e+00
5.294999999999999707e-01 0.000000000000000000e+00
5.304999999999999716e-01 0.000000000000000000e+00
5.314999999999999725e-01 0.000000000000000000e+00
5.324999999999999734e-01 0.000000000000000000e+00
5.334999999999999742e-01 0.000000000000000000e+00
5.344999999999999751e-01 0.000000000000000000e+00
5.354999999999999760e-01 0.000000000000000000e+00
5.364999999999999769e-01 0.000000000000000000e+00
5.374999999999999778e-01 0.000000000000000000e+00
5.384999999999999787e-01 0.000000000000000000e+00
5.394999999999999796e-01 0.000000000000000000e+00
5.404999999999999805e-01 0.000000000000000000e+00
5.414999999999999813e-01 0.000000000000000000e+00
5.424999999999999822e-01 0.000000000000000000e+00
5.434999999999999831e-01 0.000000000000000000e+00
5.444999999999999840e-01 0.000000000000000000e+00
5.454999999999999849e-01 0.000000000000000000e+00
5.464999999999999858e-01 0.000000000000000000e+00
5.474999999999999867e-01 0.000000000000000000e+00
5.484999999999999876e-01 0.000000000000000000e+00
5.494999999999999885e-01 0.000000000000000000e+00
5.504999999999999893e-01 0.000000000000000000e+00
5.514999999999999902e-01 0.000000000000000000e+00
5.524999999999999911e-01 0.000000000000000000e+00
5.534999999999999920e-01 0.000000000000000000e+00
5.544999999999999929e-01 0.000000000000000000e+00
5.554999999999999938e-01 0.000000000000000000e+00
5.564999999999999947e-01 0.000000000000000000e+00
5.574999999999999956e-01 0.000000000000000000e+00
5.584999999999999964e-01 0.000000000000000000e+00
5.594999999999999973e-01 0.000000000000000000e+00
5.604999999999999982e-01 0.000000000000000000e+00
5.614999999999999991e-01 0.000000000000000000e+00
5.625000000000000000e-01 0.000000000000000000e+00
5.635000000000000009e-01 0.000000000000000000e+00
5.645000000000000018e-01 0.000000000000000000e+00
5.655000000000000027e-01 0.000000000000000000e+00
5.665000000000000036e-01 0.000000000000000000e+00
5.675000000000000044e-01 0.000000000000000000e+00
5.685000000000000053e-01 0.000000000000000000e+00
5.695000000000000062e-01 0.000000000000000000e+00
5.705000000000000071e-01 0.000000000000000000e+00
5.715000000000000080e-01 0.000000000000000000e+00
5.725000000000000089e-01 0.000000000000000000e+00
5.735000000000000098e-01 0.000000000000000000e+00
5.745000000000000107e-01 0.000000000000000000e+00
5.755000000000000115e-01 0.000000000000000000e+00
5.765000000000000124e-01 0.000000000000000000e+00
5.775000000000000133e-01 0.000000000000000000e+00
5.785000000000000142e-01 0.000000000000000000e+00
5.795000000000000151e-01 0.000000000000000000e+00
5.805000000000000160e-01 0.000000000000000000e+00
5.815000000000000169e-01 0.000000000000000000e+00
5.825000000000000178e-01 0.000000000000000000e+00
5.835000000000000187e-01 0.000000000000000000e+00
5.845000000000000195e-01 0.000000000000000000e+00
5.855000000000000204e-01 0.000000000000000000e+00
5.865000000000000213e-01 0.000000000000000000e+00
5.875000000000000222e-01 0.000000000000000000e+00
5.885000000000000231e-01 0.000000000000000000e+00
5.895000000000000240e-01 0.000000000000000000e+00
5.905000000000000249e-01 0.000000000000000000e+00
5.915000000000000258e-01 0.000000000000000000e+00
5.925000000000000266e-01 0.000000000000000000e+00
5.935000000000000275e-01 0.000000000000000000e+00
5.945000000000000284e-01 0.000000000000000000e+00
5.955000000000000293e-01 0.000000000000000000e+00
5.965000000000000302e-01 0.000000000000000000e+00
5.975000000000000311e-01 0.000000000000000000e+00
5.985000000000000320e-01 0.000000000000000000e+00
5.995000000000000329e-01 0.000000000000000000e+00
6.005000000000000338e-01 0.000000000000000000e+00
6.015000000000000346e-01 0.000000000000000000e+00
6.025000000000000355e-01 0.000000000000000000e+00
6.035000000000000364e-01 0.000000000000000000e+00
6.045000000000000373e-01 0.000000000000000000e+00
6.055000000000000382e-01 0.000000000000000000e+00
6.065000000000000391e-01 0.000000000000000000e+00
6.075000000000000400e-01 0.000000000000000000e+00
6.085000000000000409e-01 0.000000000000000000e+00
6.095000000000000417e-01 0.000000000000000000e+00
6.105000000000000426e-01 0.000000000000000000e+00
6.115000000000000435e-01 0.000000000000000000e+00
6.125000000000000444e-01 0.000000000000000000e+00
6.135000000000000453e-01 0.000000000000000000e+00
6.145000000000000462e-01 0.000000000000000000e+00
6.155000000000000471e-01 0.000000000000000000e+00
6.165000000000000480e-01 0.000000000000000000e+00
6.175000000000000488e-01 0.000000000000000000e+00
6.185000000000000497e-01 0.000000000000000000e+00
6.195000000000000506e-01 0.000000000000000000e+00
6.205000000000000515e-01 0.000000000000000000e+00
6.215000000000000524e-01 0.000000000000000000e+00
6.225000000000000533e-01 0.000000000000000000e+00
6.235000000000000542e-01 0.000000000000000000e+00
6.245000000000000551e-01 0.000000000000000000e+00
6.254999999999999449e-01 0.000000000000000000e+00
6.264999999999999458e-01 0.000000000000000000e+00
6.274999999999999467e-01 0.000000000000000000e+00
6.284999999999999476e-01 0.000000000000000000e+00
6.294999999999999485e-01 0.000000000000000000e+00
6.304999999999999494e-01 0.000000000000000000e+00
6.314999999999999503e-01 0.000000000000000000e+00
6.324999999999999512e-01 0.000000000000000000e+00
6.334999999999999520e-01 0.000000000000000000e+00
6.344999999999999529e-01 0.000000000000000000e+00
6.354999999999999538e-01 0.000000000000000000e+00
6.364999999999999547e-01 0.000000000000000000e+00
6.374999999999999556e-01 0.000000000000000000e+00
6.384999999999999565e-01 0.000000000000000000e+00
6.394999999999999574e-01 0.000000000000000000e+00
6.404999999999999583e-01 0.000000000000000000e+00
6.414999999999999591e-01 0.000000000000000000e+00
6.424999999999999600e-01 0.000000000000000000e+00
6.434999999999999609e-01 0.000000000000000000e+00
6.444999999999999618e-01 0.000000000000000000e+00
6.454999999999999627e-01 0.000000000000000000e+00
6.464999999999999636e-01 0.000000000000000000e+00
6.474999999999999645e-01 0.000000000000000000e+00
6.484999999999999654e-01 0.000000000000000000e+00
6.494999999999999662e-01 0.000000000000000000e+00
6.504999999999999671e-01 0.000000000000000000e+00
6.514999999999999680e-01 0.000000000000000000e+00
6.524999999999999689e-01 0.000000000000000000e+00
6.534999999999999698e-01 0.000000000000000000e+00
6.544999999999999707e-01 0.000000000000000000e+00
6.554999999999999716e-01 0.000000000000000000e+00
6.564999999999999725e-01 0.000000000000000000e+00
6.574999999999999734e-01 0.000000000000000000e+00
6.584999999999999742e-01 0.000000000000000000e+00
6.594999999999999751e-01 0.000000000000000000e+00
6.604999999999999760e-01 0.000000000000000000e+00
6.614999999999999769e-01 0.000000000000000000e+00
6.624999999999999778e-01 0.000000000000000000e+00
6.634999999999999787e-01 0.000000000000000000e+00
6.644999999999999796e-01 0.000000000000000000e+00
6.654999999999999805e-01 0.000000000000000000e+00
6.664999999999999813e-01 0.000000000000000000e+00
6.674999999999999822e-01 0.000000000000000000e+00
6.684999999999999831e-01 0.000000000000000000e+00
6.694999999999999840e-01 0.000000000000000000e+00
6.704999999999999849e-01 0.000000000000000000e+00
6.714999999999999858e-01 0.000000000000000000e+00
6.724999999999999867e-01 0.000000000000000000e+00
6.734999999999999876e-01 0.000000000000000000e+00
6.744999999999999885e-01 0.000000000000000000e+00
6.754999999999999893e-01 0.000000000000000000e+00
6.764999999999999902e-01 0.000000000000000000e+00
6.774999999999999911e-01 0.000000000000000000e+00
6.784999999999999920e-01 0.000000000000000000e+00
6.794999999999999929e-01 0.000000000000000000e+00
6.804999999999999938e-01 0.000000000000000000e+00
6.814999999999999947e-01 0.000000000000000000e+00
6.824999999999999956e-01 0.000000000000000000e+00
6.834999999999999964e-01 0.000000000000000000e+00
6.844999999999999973e-01 0.000000000000000000e+00
6.854999999999999982e-01 0.000000000000000000e+00
6.864999999999999991e-01 0.000000000000000000e+00
6.875000000000000000e-01 0.000000000000000000e+00
6.885000000000000009e-01 0.000000000000000000e+00
6.895000000000000018e-01 0.000000000000000000e+00
6.905000000000000027e-01 0.000000000000000000e+00
6.915000000000000036e-01 0.000000000000000000e+00
6.925000000000000044e-01 0.000000000000000000e+00
6.935000000000000053e-01 0.000000000000000000e+00
6.945000000000000062e-01 0.000000000000000000e+00
6.955000000000000071e-01 0.000000000000000000e+00
6.965000000000000080e-01 0.000000000000000000e+00
6.975000000000000089e-01 0.000000000000000000e+00
6.985000000000000098e-01 0.000000000000000000e+00
6.995000000000000107e-01 0.000000000000000000e+00
7.005000000000000115e-01 0.000000000000000000e+00
7.015000000000000124e-01 0.000000000000000000e+00
7.025000000000000133e-01 0.000000000000000000e+00
7.035000000000000142e-01 0.000000000000000000e+00
7.045000000000000151e-01 0.000000000000000000e+00
7.055000000000000160e-01 0.000000000000000000e+00
7.065000000000000169e-01 0.000000000000000000e+00
7.075000000000000178e-01 0.000000000000000000e+00
7.085000000000000187e-01 0.000000000000000000e+00
7.095000000000000195e-01 0.000000000000000000e+00
7.105000000000000204e-01 0.000000000000000000e+00
7.115000000000000213e-01 0.000000000000000000e+00
7.125000000000000222e-01 0.000000000000000000e+00
7.135000000000000231e-01 0.000000000000000000e+00
7.145000000000000240e-01 0.000000000000000000e+00
7.155000000000000249e-01 0.000000000000000000e+00
7.165000000000000258e-01 0.000000000000000000e+00
7.175000000000000266e-01 0.000000000000000000e+00
7.185000000000000275e-01 0.000000000000000000e+00
7.195000000000000284e-01 0.000000000000000000e+00
7.205000000000000293e-01 0.000000000000000000e+00
7.215000000000000302e-01 0.000000000000000000e+00
7.225000000000000311e-01 0.000000000000000000e+00
7.235000000000000320e-01 0.000000000000000000e+00
7.245000000000000329e-01 0.000000000000000000e+00
7.255000000000000338e-01 0.000000000000000000e+00
7.265000000000000346e-01 0.000000000000000000e+00
7.275000000000000355e-01 0.000000000000000000e+00
7.285000000000000364e-01 0.000000000000000000e+00
7.295000000000000373e-01 0.000000000000000000e+00
7.305000000000000382e-01 0.000000000000000000e+00
7.315000000000000391e-01 0.000000000000000000e+00
7.325000000000000400e-01 0.000000000000000000e+00
7.335000000000000409e-01 0.000000000000000000e+00
7.345000000000000417e-01 0.000000000000000000e+00
7.355000000000000426e-01 0.000000000000000000e+00
7.365000000000000435e-01 0.000000000000000000e+00
7.375000000000000444e-01 0.000000000000000000e+00
7.385000000000000453e-01 0.000000000000000000e+00
7.395000000000000462e-01 0.000000000000000000e+00
7.405000000000000471e-01 0.000000000000000000e+00
7.415000000000000480e-01 0.000000000000000000e+00
7.425000000000000488e-01 0.000000000000000000e+00
7.435000000000000497e-01 0.000000000000000000e+00
7.445000000000000506e-01 0.000000000000000000e+00
7.455000000000000515e-01 0.000000000000000000e+00
7.465000000000000524e-01 0.000000000000000000e+00
7.475000000000000533e-01 0.000000000000000000e+00
7.485000000000000542e-01 0.000000000000000000e+00
7.495000000000000551e-01 0.000000000000000000e+00
7.504999999999999449e-01 0.000000000000000000e+00
7.514999999999999458e-01 0.000000000000000000e+00
7.524999999999999467e-01 0.000000000000000000e+00
7.534999999999999476e-01 0.000000000000000000e+00
7.544999999999999485e-01 0.000000000000000000e+00
7.554999999999999494e-01 0.000000000000000000e+00
7.564999999999999503e-01 0.000000000000000000e+00
7.574999999999999512e-01 0.000000000000000000e+00
7.584999999999999520e-01 0.000000000000000000e+00
7.594999999999999529e-01 0.000000000000000000e+00
7.604999999999999538e-01 0.000000000000000000e+00
7.614999999999999547e-01 0.000000000000000000e+00
7.624999999999999556e-01 0.000000000000000000e+00
7.634999999999999565e-01 0.000000000000000000e+00
7.644999999999999574e-01 0.000000000000000000e+00
7.654999999999999583e-01 0.000000000000000000e+00
7.664999999999999591e-01 0.000000000000000000e+00
7.674999999999999600e-01 0.000000000000000000e+00
7.684999999999999609e-01 0.000000000000000000e+00
7.694999999999999618e-01 0.000000000000000000e+00
7.704999999999999627e-01 0.000000000000000000e+00
7.714999999999999636e-01 0.000000000000000000e+00
7.724999999999999645e-01 0.000000000000000000e+00
7.734999999999999654e-01 0.000000000000000000e+00
7.744999999999999662e-01 0.000000000000000000e+00
7.754999999999999671e-01 0.000000000000000000e+00
7.764999999999999680e-01 0.000000000000000000e+00
7.774999999999999689e-01 0.000000000000000000e+00
7.784999999999999698e-01 0.000000000000000000e+00
7.794999999999999707e-01 0.000000000000000000e+00
7.804999999999999716e-01 0.000000000000000000e+00
7.814999999999999725e-01 0.000000000000000000e+00
7.824999999999999734e-01 0.000000000000000000e+00
7.834999999999999742e-01 0.000000000000000000e+00
7.844999999999999751e-01 0.000000000000000000e+00
7.854999999999999760e-01 0.000000000000000000e+00
7.864999999999999769e-01 0.000000000000000000e+00
7.874999999999999778e-01 0.000000000000000000e+00
7.884999999999999787e-01 0.000000000000000000e+00
7.894999999999999796e-01 0.000000000000000000e+00
7.904999999999999805e-01 0.000000000000000000e+00
7.914999999999999813e-01 0.000000000000000000e+00
7.924999999999999822e-01 0.000000000000000000e+00
7.934999999999999831e-01 0.000000000000000000e+00
7.944999999999999840e-01 0.000000000000000000e+00
7.954999999999999849e-01 0.000000000000000000e+00
7.964999999999999858e-01 0.000000000000000000e+00
7.974999999999999867e-01 0.000000000000000000e+00
7.984999999999999876e-01 0.000000000000000000e+00
7.994999999999999885e-01 0.000000000000000000e+00
8.004999999999999893e-01 0.000000000000000000e+00
8.014999999999999902e-01 0.000000000000000000e+00
8.024999999999999911e-01 0.000000000000000000e+00
8.034999999999999920e-01 0.000000000000000000e+00
8.044999999999999929e-01 0.000000000000000000e+00
8.054999999999999938e-01 0.000000000000000000e+00
8.064999999999999947e-01 0.000000000000000000e+00
8.074999999999999956e-01 0.000000000000000000e+00
8.084999999999999964e-01 0.000000000000000000e+00
8.094999999999999973e-01 0.000000000000000000e+00
8.104999999999999982e-01 0.000000000000000000e+00
8.114999999999999991e-01 0.000000000000000000e+00
8.125000000000000000e-01 0.000000000000000000e+00
8.135000000000000009e-01 0.000000000000000000e+00
8.145000000000000018e-01 0.000000000000000000e+00
8.155000000000000027e-01 0.000000000000000000e+00
8.165000000000000036e-01 0.000000000000000000e+00
8.175000000000000044e-01 0.000000000000000000e+00
8.185000000000000053e-01 0.000000000000000000e+00
8.195000000000000062e-01 0.000000000000000000e+00
8.205000000000000071e-01 0.000000000000000000e+00
8.215000000000000080e-01 0.000000000000000000e+00
8.225000000000000089e-01 0.000000000000000000e+00
8.235000000000000098e-01 0.000000000000000000e+00
8.245000000000000107e-01 0.000000000000000000e+00
8.255000000000000115e-01 0.000000000000000000e+00
8.265000000000000124e-01 0.000000000000000000e+00
8.275000000000000133e-01 0.000000000000000000e+00
8.285000000000000142e-01 0.000000000000000000e+00
8.295000000000000151e-01 0.000000000000000000e+00
8.305000000000000160e-01 0.000000000000000000e+00
8.315000000000000169e-01 0.000000000000000000e+00
8.325000000000000178e-01 0.000000000000000000e+00
8.335000000000000187e-01 0.000000000000000000e+00
8.345000000000000195e-01 0.000000000000000000e+00
8.355000000000000204e-01 0.000000000000000000e+00
8.365000000000000213e-01 0.000000000000000000e+00
8.375000000000000222e-01 0.000000000000000000e+00
8.385000000000000231e-01 0.000000000000000000e+00
8.395000000000000240e-01 0.000000000000000000e+00
8.405000000000000249e-01 0.000000000000000000e+00
8.415000000000000258e-01 0.000000000000000000e+00
8.425000000000000266e-01 0.000000000000000000e+00
8.435000000000000275e-01 0.000000000000000000e+00
8.445000000000000284e-01 0.000000000000000000e+00
8.455000000000000293e-01 0.000000000000000000e+00
8.465000000000000302e-01 0.000000000000000000e+00
8.475000000000000311e-01 0.000000000000000000e+00
8.485000000000000320e-01 0.000000000000000000e+00
8.495000000000000329e-01 0.000000000000000000e+00
8.505000000000000338e-01 0.000000000000000000e+00
8.515000000000000346e-01 0.000000000000000000e+00
8.525000000000000355e-01 0.000000000000000000e+00
8.535000000000000364e-01 0.000000000000000000e+00
8.545000000000000373e-01 0.000000000000000000e+00
8.555000000000000382e-01 0.000000000000000000e+00
8.565000000000000391e-01 0.000000000000000000e+00
8.575000000000000400e-01 0.000000000000000000e+00
8.585000000000000409e-01 0.000000000000000000e+00
8.595000000000000417e-01 0.000000000000000000e+00
8.605000000000000426e-01 0.000000000000000000e+00
8.615000000000000435e-01 0.000000000000000000e+00
8.625000000000000444e-01 0.000000000000000000e+00
8.635000000000000453e-01 0.000000000000000000e+00
8.645000000000000462e-01 0.000000000000000000e+00
8.655000000000000471e-01 0.000000000000000000e+00
8.665000000000000480e-01 0.000000000000000000e+00
8.675000000000000488e-01 0.000000000000000000e+00
8.685000000000000497e-01 0.000000000000000000e+00
8.695000000000000506e-01 0.000000000000000000e+00
8.705000000000000515e-01 0.000000000000000000e+00
8.715000000000000524e-01 0.000000000000000000e+00
8.725000000000000533e-01 0.000000000000000000e+00
8.735000000000000542e-01 0.000000000000000000e+00
8.745000000000000551e-01 0.000000000000000000e+00
8.754999999999999449e-01 0.000000000000000000e+00
8.764999999999999458e-01 0.000000000000000000e+00
8.774999999999999467e-01 0.000000000000000000e+00
8.784999999999999476e-01 0.000000000000000000e+00
8.794999999999999485e-01 0.000000000000000000e+00
8.804999999999999494e-01 0.000000000000000000e+00
8.814999999999999503e-01 0.000000000000000000e+00
8.824999999999999512e-01 0.000000000000000000e+00
8.834999999999999520e-01 0.000000000000000000e+00
8.844999999999999529e-01 0.000000000000000000e+00
8.854999999999999538e-01 0.000000000000000000e+00
8.864999999999999547e-01 0.000000000000000000e+00
8.874999999999999556e-01 0.000000000000000000e+00
8.884999999999999565e-01 0.000000000000000000e+00
8.894999999999999574e-01 0.000000000000000000e+00
8.904999999999999583e-01 0.000000000000000000e+00
8.914999999999999591e-01 0.000000000000000000e+00
8.924999999999999600e-01 0.000000000000000000e+00
8.934999999999999609e-01 0.000000000000000000e+00
8.944999999999999618e-01 0.000000000000000000e+00
8.954999999999999627e-01 0.000000000000000000e+00
8.964999999999999636e-01 0.000000000000000000e+00
8.974999999999999645e-01 0.000000000000000000e+00
8.984999999999999654e-01 0.000000000000000000e+00
8.994999999999999662e-01 0.000000000000000000e+00
9.004999999999999671e-01 0.000000000000000000e+00
9.014999999999999680e-01 0.000000000000000000e+00
9.024999999999999689e-01 0.000000000000000000e+00
9.034999999999999698e-01 0.000000000000000000e+00
9.044999999999999707e-01 0.000000000000000000e+00
9.054999999999999716e-01 0.000000000000000000e+00
9.064999999999999725e-01 0.000000000000000000e+00
9.074999999999999734e-01 0.000000000000000000e+00
9.084999999999999742e-01 0.000000000000000000e+00
9.094999999999999751e-01 0.000000000000000000e+00
9.104999999999999760e-01 0.000000000000000000e+00
9.114999999999999769e-01 0.000000000000000000e+00
9.124999999999999778e-01 0.000000000000000000e+00
9.134999999999999787e-01 0.000000000000000000e+00
9.144999999999999796e-01 0.000000000000000000e+00
9.154999999999999805e-01 0.000000000000000000e+00
9.164999999999999813e-01 0.000000000000000000e+00
9.174999999999999822e-01 0.000000000000000000e+00
9.184999999999999831e-01 0.000000000000000000e+00
9.194999999999999840e-01 0.000000000000000000e+00
9.204999999999999849e-01 0.000000000000000000e+00
9.214999999999999858e-01 0.000000000000000000e+00
9.224999999999999867e-01 0.000000000000000000e+00
9.234999999999999876e-01 0.000000000000000000e+00
9.244999999999999885e-01 0.000000000000000000e+00
9.254999999999999893e-01 0.000000000000000000e+00
9.264999999999999902e-01 0.000000000000000000e+00
9.274999999999999911e-01 0.000000000000000000e+00
9.284999999999999920e-01 0.000000000000000000e+00
9.294999999999999929e-01 0.000000000000000000e+00
9.304999999999999938e-01 0.000000000000000000e+00
9.314999999999999947e-01 0.000000000000000000e+00
9.324999999999999956e-01 0.000000000000000000e+00
9.334999999999999964e-01 0.000000000000000000e+00
9.344999999999999973e-01 0.000000000000000000e+00
9.354999999999999982e-01 0.000000000000000000e+00
9.364999999999999991e-01 0.000000000000000000e+00
9.375000000000000000e-01 0.000000000000000000e+00
9.385000000000000009e-01 0.000000000000000000e+00
9.395000000000000018e-01 0.000000000000000000e+00
9.405000000000000027e-01 0.000000000000000000e+00
9.415000000000000036e-01 0.000000000000000000e+00
9.425000000000000044e-01 0.000000000000000000e+00
9.435000000000000053e-01 0.000000000000000000e+00
9.445000000000000062e-01 0.000000000000000000e+00
9.455000000000000071e-01 0.000000000000000000e+00
9.465000000000000080e-01 0.000000000000000000e+00
9.475000000000000089e-01 0.000000000000000000e+00
9.485000000000000098e-01 0.000000000000000000e+00
9.495000000000000107e-01 0.000000000000000000e+00
9.505000000000000115e-01 0.000000000000000000e+00
9.515000000000000124e-01 0.000000000000000000e+00
9.525000000000000133e-01 0.000000000000000000e+00
9.535000000000000142e-01 0.000000000000000000e+00
9.545000000000000151e-01 0.000000000000000000e+00
9.555000000000000160e-01 0.000000000000000000e+00
9.565000000000000169e-01 0.000000000000000000e+00
9.575000000000000178e-01 0.000000000000000000e+00
9.585000000000000187e-01 0.000000000000000000e+00
9.595000000000000195e-01 0.000000000000000000e+00
9.605000000000000204e-01 0.000000000000000000e+00
9.615000000000000213e-01 0.000000000000000000e+00
9.625000000000000222e-01 0.000000000000000000e+00
9.635000000000000231e-01 0.000000000000000000e+00
9.645000000000000240e-01 0.000000000000000000e+00
9.655000000000000249e-01 0.000000000000000000e+00
9.665000000000000258e-01 0.000000000000000000e+00
9.675000000000000266e-01 0.000000000000000000e+00
9.685000000000000275e-01 0.000000000000000000e+00
9.695000000000000284e-01 0.000000000000000000e+00
9.705000000000000293e-01 0.000000000000000000e+00
9.715000000000000302e-01 0.000000000000000000e+00
9.725000000000000311e-01 0.000000000000000000e+00
9.735000000000000320e-01 0.000000000000000000e+00
9.745000000000000329e-01 0.000000000000000000e+00
9.755000000000000338e-01 0.000000000000000000e+00
9.765000000000000346e-01 0.000000000000000000e+00
9.775000000000000355e-01 0.000000000000000000e+00
9.785000000000000364e-01 0.000000000000000000e+00
9.795000000000000373e-01 0.000000000000000000e+00
9.805000000000000382e-01 0.000000000000000000e+00
9.815000000000000391e-01 0.000000000000000000e+00
9.825000000000000400e-01 0.000000000000000000e+00
9.835000000000000409e-01 0.000000000000000000e+00
9.845000000000000417e-01 0.000000000000000000e+00
9.855000000000000426e-01 0.000000000000000000e+00
9.865000000000000435e-01 0.000000000000000000e+00
9.875000000000000444e-01 0.000000000000000000e+00
9.885000000000000453e-01 0.000000000000000000e+00
9.895000000000000462e-01 0.000000000000000000e+00
9.905000000000000471e-01 0.000000000000000000e+00
9.915000000000000480e-01 0.000000000000000000e+00
9.925000000000000488e-01 0.000000000000000000e+00
9.935000000000000497e-01 0.000000000000000000e+00
9.945000000000000506e-01 0.000000000000000000e+00
9.955000000000000515e-01 0.000000000000000000e+00
9.965000000000000524e-01 0.000000000000000000e+00
9.975000000000000533e-01 0.000000000000000000e+00
9.985000000000000542e-01 0.000000000000000000e+00
9.995000000000000551e-01 0.000000000000000000e+00
