5.000000000000000104e-04 0.000000000000000000e+00
1.500000000000000031e-03 0.000000000000000000e+00
2.500000000000000052e-03 0.000000000000000000e+00
3.500000000000000073e-03 0.000000000000000000e+00
4.499999999999999660e-03 0.000000000000000000e+00
5.499999999999999681e-03 0.000000000000000000e+00
6.499999999999999702e-03 0.000000000000000000e+00
7.499999999999999722e-03 0.000000000000000000e+00
8.500000000000000611e-03 0.000000000000000000e+00
9.499999999999999764e-03 0.000000000000000000e+00
1.050000000000000065e-02 0.000000000000000000e+00
1.149999999999999981e-02 0.000000000000000000e+00
1.250000000000000069e-02 0.000000000000000000e+00
1.349999999999999985e-02 0.000000000000000000e+00
1.450000000000000074e-02 0.000000000000000000e+00
1.549999999999999989e-02 0.000000000000000000e+00
1.650000000000000078e-02 0.000000000000000000e+00
1.750000000000000167e-02 0.000000000000000000e+00
1.849999999999999908e-02 0.000000000000000000e+00
1.949999999999999997e-02 0.000000000000000000e+00
2.050000000000000086e-02 0.000000000000000000e+00
2.149999999999999828e-02 0.000000000000000000e+00
2.249999999999999917e-02 0.000000000000000000e+00
2.350000000000000006e-02 0.000000000000000000e+00
2.450000000000000094e-02 0.000000000000000000e+00
2.549999999999999836e-02 0.000000000000000000e+00
2.649999999999999925e-02 0.000000000000000000e+00
2.750000000000000014e-02 0.000000000000000000e+00
2.850000000000000103e-02 0.000000000000000000e+00
2.949999999999999845e-02 0.000000000000000000e+00
3.049999999999999933e-02 0.000000000000000000e+00
3.150000000000000022e-02 0.000000000000000000e+00
3.250000000000000111e-02 0.000000000000000000e+00
3.350000000000000200e-02 0.000000000000000000e+00
3.450000000000000289e-02 0.000000000000000000e+00
3.549999999999999684e-02 0.000000000000000000e+00
3.649999999999999772e-02 0.000000000000000000e+00
3.749999999999999861e-02 0.000000000000000000e+00
3.849999999999999950e-02 0.000000000000000000e+00
3.950000000000000039e-02 0.000000000000000000e+00
4.050000000000000128e-02 0.000000000000000000e+00
4.150000000000000216e-02 0.000000000000000000e+00
4.250000000000000305e-02 0.000000000000000000e+00
4.349999999999999700e-02 0.000000000000000000e+00
4.449999999999999789e-02 0.000000000000000000e+00
4.549999999999999878e-02 0.000000000000000000e+00
4.649999999999999967e-02 0.000000000000000000e+00
4.750000000000000056e-02 0.000000000000000000e+00
4.850000000000000144e-02 0.000000000000000000e+00
4.950000000000000233e-02 0.000000000000000000e+00
5.050000000000000322e-02 0.000000000000000000e+00
5.149999999999999717e-02 0.000000000000000000e+00
5.249999999999999806e-02 0.000000000000000000e+00
5.349999999999999895e-02 0.000000000000000000e+00
5.449999999999999983e-02 0.000000000000000000e+00
5.550000000000000072e-02 0.000000000000000000e+00
5.650000000000000161e-02 0.000000000000000000e+00
5.750000000000000250e-02 0.000000000000000000e+00
5.850000000000000339e-02 0.000000000000000000e+00
5.949999999999999734e-02 0.000000000000000000e+00
6.049999999999999822e-02 0.000000000000000000e+00
6.149999999999999911e-02 0.000000000000000000e+00
6.250000000000000000e-02 0.000000000000000000e+00
6.350000000000000089e-02 0.000000000000000000e+00
6.450000000000000178e-02 0.000000000000000000e+00
6.550000000000000266e-02 0.000000000000000000e+00
6.650000000000000355e-02 0.000000000000000000e+00
6.750000000000000444e-02 0.000000000000000000e+00
6.850000000000000533e-02 0.000000000000000000e+00
6.950000000000000622e-02 0.000000000000000000e+00
7.049999999999999323e-02 0.000000000000000000e+00
7.149999999999999412e-02 0.000000000000000000e+00
7.249999999999999500e-02 0.000000000000000000e+00
7.349999999999999589e-02 0.000000000000000000e+00
7.449999999999999678e-02 0.000000000000000000e+00
7.549999999999999767e-02 0.000000000000000000e+00
7.649999999999999856e-02 0.000000000000000000e+00
7.749999999999999944e-02 0.000000000000000000e+00
7.850000000000000033e-02 0.000000000000000000e+00
7.950000000000000122e-02 0.000000000000000000e+00
8.050000000000000211e-02 0.000000000000000000e+00
8.150000000000000300e-02 0.000000000000000000e+00
8.250000000000000389e-02 0.000000000000000000e+00
8.350000000000000477e-02 0.000000000000000000e+00
8.450000000000000566e-02 0.000000000000000000e+00
8.550000000000000655e-02 0.000000000000000000e+00
8.649999999999999356e-02 0.000000000000000000e+00
8.749999999999999445e-02 0.000000000000000000e+00
8.849999999999999534e-02 0.000000000000000000e+00
8.949999999999999623e-02 0.000000000000000000e+00
9.049999999999999711e-02 0.000000000000000000e+00
9.149999999999999800e-02 0.000000000000000000e+00
9.249999999999999889e-02 0.000000000000000000e+00
9.349999999999999978e-02 0.000000000000000000e+00
9.450000000000000067e-02 0.000000000000000000e+00
9.550000000000000155e-02 0.000000000000000000e+00
9.650000000000000244e-02 0.000000000000000000e+00
9.750000000000000333e-02 0.000000000000000000e+00
9.850000000000000422e-02 0.000000000000000000e+00
9.950000000000000511e-02 0.000000000000000000e+00
1.005000000000000060e-01 0.000000000000000000e+00
1.015000000000000069e-01 0.000000000000000000e+00
1.024999999999999939e-01 0.000000000000000000e+00
1.034999999999999948e-01 0.000000000000000000e+00
1.044999999999999957e-01 0.000000000000000000e+00
1.054999999999999966e-01 0.000000000000000000e+00
1.064999999999999974e-01 0.000000000000000000e+00
1.074999999999999983e-01 0.000000000000000000e+00
1.084999999999999992e-01 0.000000000000000000e+00
1.095000000000000001e-01 0.000000000000000000e+00
1.105000000000000010e-01 0.000000000000000000e+00
1.115000000000000019e-01 0.000000000000000000e+00
1.125000000000000028e-01 0.000000000000000000e+00
1.135000000000000037e-01 0.000000000000000000e+00
1.145000000000000046e-01 0.000000000000000000e+00
1.155000000000000054e-01 0.000000000000000000e+00
1.165000000000000063e-01 0.000000000000000000e+00
1.174999999999999933e-01 0.000000000000000000e+00
1.184999999999999942e-01 0.000000000000000000e+00
1.194999999999999951e-01 0.000000000000000000e+00
1.204999999999999960e-01 0.000000000000000000e+00
1.214999999999999969e-01 0.000000000000000000e+00
1.224999999999999978e-01 0.000000000000000000e+00
1.234999999999999987e-01 0.000000000000000000e+00
1.244999999999999996e-01 0.000000000000000000e+00
1.255000000000000004e-01 0.000000000000000000e+00
1.265000000000000013e-01 0.000000000000000000e+00
1.275000000000000022e-01 0.000000000000000000e+00
1.285000000000000031e-01 0.000000000000000000e+00
1.295000000000000040e-01 0.000000000000000000e+00
1.305000000000000049e-01 0.000000000000000000e+00
1.315000000000000058e-01 0.000000000000000000e+00
1.325000000000000067e-01 0.000000000000000000e+00
1.335000000000000075e-01 0.000000000000000000e+00
1.345000000000000084e-01 0.000000000000000000e+00
1.355000000000000093e-01 0.000000000000000000e+00
1.365000000000000102e-01 0.000000000000000000e+00
1.375000000000000111e-01 0.000000000000000000e+00
1.385000000000000120e-01 0.000000000000000000e+00
1.395000000000000129e-01 0.000000000000000000e+00
1.405000000000000138e-01 0.000000000000000000e+00
1.414999999999999869e-01 0.000000000000000000e+00
1.424999999999999878e-01 0.000000000000000000e+00
1.434999999999999887e-01 0.000000000000000000e+00
1.444999999999999896e-01 0.000000000000000000e+00
1.454999999999999905e-01 0.000000000000000000e+00
1.464999999999999913e-01 0.000000000000000000e+00
1.474999999999999922e-01 0.000000000000000000e+00
1.484999999999999931e-01 0.000000000000000000e+00
1.494999999999999940e-01 0.000000000000000000e+00
1.504999999999999949e-01 0.000000000000000000e+00
1.514999999999999958e-01 0.000000000000000000e+00
1.524999999999999967e-01 0.000000000000000000e+00
1.534999999999999976e-01 0.000000000000000000e+00
1.544999999999999984e-01 0.000000000000000000e+00
1.554999999999999993e-01 0.000000000000000000e+00
1.565000000000000002e-01 0.000000000000000000e+00
1.575000000000000011e-01 0.000000000000000000e+00
1.585000000000000020e-01 0.000000000000000000e+00
1.595000000000000029e-01 0.000000000000000000e+00
1.605000000000000038e-01 0.000000000000000000e+00
1.615000000000000047e-01 0.000000000000000000e+00
1.625000000000000056e-01 0.000000000000000000e+00
1.635000000000000064e-01 0.000000000000000000e+00
1.645000000000000073e-01 0.000000000000000000e+00
1.655000000000000082e-01 0.000000000000000000e+00
1.665000000000000091e-01 0.000000000000000000e+00
1.675000000000000100e-01 0.000000000000000000e+00
1.685000000000000109e-01 0.000000000000000000e+00
1.695000000000000118e-01 0.000000000000000000e+00
1.705000000000000127e-01 0.000000000000000000e+00
1.715000000000000135e-01 0.000000000000000000e+00
1.724999999999999867e-01 0.000000000000000000e+00
1.734999999999999876e-01 0.000000000000000000e+00
1.744999999999999885e-01 0.000000000000000000e+00
1.754999999999999893e-01 0.000000000000000000e+00
1.764999999999999902e-01 0.000000000000000000e+00
1.774999999999999911e-01 0.000000000000000000e+00
1.784999999999999920e-01 0.000000000000000000e+00
1.794999999999999929e-01 0.000000000000000000e+00
1.804999999999999938e-01 0.000000000000000000e+00
1.814999999999999947e-01 0.000000000000000000e+00
1.824999999999999956e-01 0.000000000000000000e+00
1.834999999999999964e-01 0.000000000000000000e+00
1.844999999999999973e-01 0.000000000000000000e+00
1.854999999999999982e-01 0.000000000000000000e+00
1.864999999999999991e-01 0.000000000000000000e+00
1.875000000000000000e-01 0.000000000000000000e+00
1.885000000000000009e-01 0.000000000000000000e+00
1.895000000000000018e-01 0.000000000000000000e+00
1.905000000000000027e-01 0.000000000000000000e+00
1.915000000000000036e-01 0.000000000000000000e+00
1.925000000000000044e-01 0.000000000000000000e+00
1.935000000000000053e-01 0.000000000000000000e+00
1.945000000000000062e-01 0.000000000000000000e+00
1.955000000000000071e-01 0.000000000000000000e+00
1.965000000000000080e-01 0.000000000000000000e+00
1.975000000000000089e-01 0.000000000000000000e+00
1.985000000000000098e-01 0.000000000000000000e+00
1.995000000000000107e-01 0.000000000000000000e+00
2.005000000000000115e-01 0.000000000000000000e+00
2.015000000000000124e-01 0.000000000000000000e+00
2.025000000000000133e-01 0.000000000000000000e+00
2.034999999999999865e-01 0.000000000000000000e+00
2.044999999999999873e-01 0.000000000000000000e+00
2.054999999999999882e-01 0.000000000000000000e+00
2.064999999999999891e-01 0.000000000000000000e+00
2.074999999999999900e-01 0.000000000000000000e+00
2.084999999999999909e-01 0.000000000000000000e+00
2.094999999999999918e-01 0.000000000000000000e+00
2.104999999999999927e-01 0.000000000000000000e+00
2.114999999999999936e-01 0.000000000000000000e+00
2.124999999999999944e-01 0.000000000000000000e+00
2.134999999999999953e-01 0.000000000000000000e+00
2.144999999999999962e-01 0.000000000000000000e+00
2.154999999999999971e-01 0.000000000000000000e+00
2.164999999999999980e-01 0.000000000000000000e+00
2.174999999999999989e-01 0.000000000000000000e+00
2.184999999999999998e-01 0.000000000000000000e+00
2.195000000000000007e-01 0.000000000000000000e+00
2.205000000000000016e-01 0.000000000000000000e+00
2.215000000000000024e-01 0.000000000000000000e+00
2.225000000000000033e-01 0.000000000000000000e+00
2.235000000000000042e-01 0.000000000000000000e+00
2.245000000000000051e-01 0.000000000000000000e+00
2.255000000000000060e-01 0.000000000000000000e+00
2.265000000000000069e-01 0.000000000000000000e+00
2.275000000000000078e-01 0.000000000000000000e+00
2.285000000000000087e-01 0.000000000000000000e+00
2.295000000000000095e-01 0.000000000000000000e+00
2.305000000000000104e-01 0.000000000000000000e+00
2.315000000000000113e-01 0.000000000000000000e+00
2.325000000000000122e-01 0.000000000000000000e+00
2.335000000000000131e-01 0.000000000000000000e+00
2.344999999999999862e-01 0.000000000000000000e+00
2.354999999999999871e-01 0.000000000000000000e+00
2.364999999999999880e-01 0.000000000000000000e+00
2.374999999999999889e-01 9.999999999999999547e-08
2.384999999999999898e-01 9.999999999999999547e-08
2.394999999999999907e-01 9.999999999999999547e-08
2.404999999999999916e-01 9.999999999999999547e-08
2.414999999999999925e-01 9.999999999999999547e-08
2.424999999999999933e-01 9.999999999999999547e-08
2.434999999999999942e-01 9.999999999999999547e-08
2.444999999999999951e-01 9.999999999999999547e-08
2.454999999999999960e-01 9.999999999999999547e-08
2.464999999999999969e-01 1.999999999999999909e-07
2.474999999999999978e-01 1.999999999999999909e-07
2.484999999999999987e-01 1.999999999999999909e-07
2.494999999999999996e-01 1.999999999999999909e-07
2.505000000000000004e-01 2.999999999999999864e-07
2.515000000000000013e-01 2.999999999999999864e-07
2.525000000000000022e-01 3.999999999999999819e-07
2.535000000000000031e-01 3.999999999999999819e-07
2.545000000000000040e-01 4.999999999999999774e-07
2.555000000000000049e-01 4.999999999999999774e-07
2.565000000000000058e-01 5.999999999999999728e-07
2.575000000000000067e-01 6.999999999999999683e-07
2.585000000000000075e-01 6.999999999999999683e-07
2.595000000000000084e-01 7.999999999999999638e-07
2.605000000000000093e-01 8.999999999999999593e-07
2.615000000000000102e-01 9.999999999999999547e-07
2.625000000000000111e-01 1.199999999999999946e-06
2.635000000000000120e-01 1.300000000000000047e-06
2.645000000000000129e-01 1.500000000000000038e-06
2.655000000000000138e-01 1.700000000000000029e-06
2.665000000000000147e-01 1.900000000000000020e-06
2.675000000000000155e-01 2.099999999999999799e-06
2.685000000000000164e-01 2.399999999999999891e-06
2.695000000000000173e-01 2.699999999999999984e-06
2.705000000000000182e-01 3.000000000000000076e-06
2.715000000000000191e-01 3.400000000000000058e-06
2.725000000000000200e-01 3.800000000000000040e-06
2.735000000000000209e-01 4.199999999999999598e-06
2.745000000000000218e-01 4.699999999999999893e-06
2.755000000000000226e-01 5.300000000000000078e-06
2.765000000000000235e-01 5.900000000000000262e-06
2.775000000000000244e-01 6.600000000000000337e-06
2.785000000000000253e-01 7.400000000000000300e-06
2.795000000000000262e-01 8.199999999999999417e-06
2.805000000000000271e-01 9.200000000000000007e-06
2.814999999999999725e-01 1.020000000000000060e-05
2.824999999999999734e-01 1.139999999999999927e-05
2.834999999999999742e-01 1.270000000000000038e-05
2.844999999999999751e-01 1.419999999999999957e-05
2.854999999999999760e-01 1.580000000000000119e-05
2.864999999999999769e-01 1.749999999999999847e-05
2.874999999999999778e-01 1.949999999999999965e-05
2.884999999999999787e-01 2.169999999999999891e-05
2.894999999999999796e-01 2.409999999999999965e-05
2.904999999999999805e-01 2.680000000000000090e-05
2.914999999999999813e-01 2.970000000000000024e-05
2.924999999999999822e-01 3.300000000000000253e-05
2.934999999999999831e-01 3.660000000000000194e-05
2.944999999999999840e-01 4.059999999999999753e-05
2.954999999999999849e-01 4.500000000000000283e-05
2.964999999999999858e-01 4.989999999999999997e-05
2.974999999999999867e-01 5.520000000000000004e-05
2.984999999999999876e-01 6.109999999999999438e-05
2.994999999999999885e-01 6.760000000000000329e-05
3.004999999999999893e-01 7.480000000000000212e-05
3.014999999999999902e-01 8.260000000000000198e-05
3.024999999999999911e-01 9.129999999999999661e-05
3.034999999999999920e-01 1.007999999999999971e-04
3.044999999999999929e-01 1.112000000000000060e-04
3.054999999999999938e-01 1.227000000000000009e-04
3.064999999999999947e-01 1.353000000000000090e-04
3.074999999999999956e-01 1.490999999999999921e-04
3.084999999999999964e-01 1.643000000000000092e-04
3.094999999999999973e-01 1.809000000000000061e-04
3.104999999999999982e-01 1.990999999999999877e-04
3.114999999999999991e-01 2.191000000000000131e-04
3.125000000000000000e-01 2.409000000000000009e-04
3.135000000000000009e-01 2.647999999999999855e-04
3.145000000000000018e-01 2.909000000000000236e-04
3.155000000000000027e-01 3.194000000000000116e-04
3.165000000000000036e-01 3.505000000000000086e-04
3.175000000000000044e-01 3.846000000000000243e-04
3.185000000000000053e-01 4.217000000000000045e-04
3.195000000000000062e-01 4.622000000000000132e-04
3.205000000000000071e-01 5.063999999999999491e-04
3.215000000000000080e-01 5.544999999999999799e-04
3.225000000000000089e-01 6.068999999999999525e-04
3.235000000000000098e-01 6.639999999999999852e-04
3.245000000000000107e-01 7.261000000000000310e-04
3.255000000000000115e-01 7.935999999999999912e-04
3.265000000000000124e-01 8.670999999999999888e-04
3.275000000000000133e-01 9.468000000000000287e-04
3.285000000000000142e-01 1.033499999999999914e-03
3.295000000000000151e-01 1.127500000000000030e-03
3.305000000000000160e-01 1.229599999999999964e-03
3.315000000000000169e-01 1.340299999999999998e-03
3.325000000000000178e-01 1.460200000000000040e-03
3.335000000000000187e-01 1.590199999999999947e-03
3.345000000000000195e-01 1.730900000000000060e-03
3.355000000000000204e-01 1.883300000000000078e-03
3.365000000000000213e-01 2.048100000000000181e-03
3.375000000000000222e-01 2.226300000000000067e-03
3.385000000000000231e-01 2.418899999999999870e-03
3.395000000000000240e-01 2.626999999999999995e-03
3.405000000000000249e-01 2.851600000000000142e-03
3.415000000000000258e-01 3.094099999999999802e-03
3.425000000000000266e-01 3.355599999999999816e-03
3.435000000000000275e-01 3.637500000000000108e-03
3.444999999999999729e-01 3.941400000000000285e-03
3.454999999999999738e-01 4.268700000000000272e-03
3.464999999999999747e-01 4.621100000000000381e-03
3.474999999999999756e-01 5.000199999999999784e-03
3.484999999999999765e-01 5.407999999999999613e-03
3.494999999999999774e-01 5.846399999999999861e-03
3.504999999999999782e-01 6.317500000000000199e-03
3.514999999999999791e-01 6.823400000000000298e-03
3.524999999999999800e-01 7.366499999999999784e-03
3.534999999999999809e-01 7.949200000000000016e-03
3.544999999999999818e-01 8.574099999999999430e-03
3.554999999999999827e-01 9.243899999999999340e-03
3.564999999999999836e-01 9.961499999999999869e-03
3.574999999999999845e-01 1.072990000000000055e-02
3.584999999999999853e-01 1.155240000000000086e-02
3.594999999999999862e-01 1.243230000000000030e-02
3.604999999999999871e-01 1.337310000000000061e-02
3.614999999999999880e-01 1.437869999999999947e-02
3.624999999999999889e-01 1.545279999999999918e-02
3.634999999999999898e-01 1.659969999999999848e-02
3.644999999999999907e-01 1.782370000000000135e-02
3.654999999999999916e-01 1.912929999999999839e-02
3.664999999999999925e-01 2.052129999999999926e-02
3.674999999999999933e-01 2.200459999999999916e-02
3.684999999999999942e-01 2.358460000000000070e-02
3.694999999999999951e-01 2.526660000000000017e-02
3.704999999999999960e-01 2.705640000000000128e-02
3.714999999999999969e-01 2.895990000000000023e-02
3.724999999999999978e-01 3.098350000000000062e-02
3.734999999999999987e-01 3.313359999999999916e-02
3.744999999999999996e-01 3.541699999999999710e-02
3.755000000000000004e-01 3.784080000000000082e-02
3.765000000000000013e-01 4.041240000000000110e-02
3.775000000000000022e-01 4.313949999999999729e-02
3.785000000000000031e-01 4.602989999999999859e-02
3.795000000000000040e-01 4.909220000000000250e-02
3.805000000000000049e-01 5.233480000000000076e-02
3.815000000000000058e-01 5.576659999999999950e-02
3.825000000000000067e-01 5.939710000000000129e-02
3.835000000000000075e-01 6.323579999999999479e-02
3.845000000000000084e-01 6.729259999999999409e-02
3.855000000000000093e-01 7.157779999999999698e-02
3.865000000000000102e-01 7.610210000000000585e-02
3.875000000000000111e-01 8.087650000000000394e-02
3.885000000000000120e-01 8.591239999999999988e-02
3.895000000000000129e-01 9.122139999999999416e-02
3.905000000000000138e-01 9.681560000000000166e-02
3.915000000000000147e-01 1.027074999999999932e-01
3.925000000000000155e-01 1.089099000000000039e-01
3.935000000000000164e-01 1.154358999999999941e-01
3.945000000000000173e-01 1.222990000000000049e-01
3.955000000000000182e-01 1.295130999999999921e-01
3.965000000000000191e-01 1.370924000000000031e-01
3.975000000000000200e-01 1.450516000000000028e-01
3.985000000000000209e-01 1.534055000000000002e-01
3.995000000000000218e-01 1.621693999999999913e-01
4.005000000000000226e-01 1.713589000000000084e-01
4.015000000000000235e-01 1.809899000000000091e-01
4.025000000000000244e-01 1.910785999999999873e-01
4.035000000000000253e-01 2.016417000000000070e-01
4.045000000000000262e-01 2.126959999999999962e-01
4.055000000000000271e-01 2.242584999999999995e-01
4.064999999999999725e-01 2.363467999999999958e-01
4.074999999999999734e-01 2.489783999999999886e-01
4.084999999999999742e-01 2.621712999999999960e-01
4.094999999999999751e-01 2.759436000000000111e-01
4.104999999999999760e-01 2.903137000000000079e-01
4.114999999999999769e-01 3.053000000000000158e-01
4.124999999999999778e-01 3.209213000000000204e-01
4.134999999999999787e-01 3.371963000000000044e-01
4.144999999999999796e-01 3.541442000000000201e-01
4.154999999999999805e-01 3.717837999999999976e-01
4.164999999999999813e-01 3.901342999999999894e-01
4.174999999999999822e-01 4.092149999999999954e-01
4.184999999999999831e-01 4.290449000000000068e-01
4.194999999999999840e-01 4.496433000000000235e-01
4.204999999999999849e-01 4.710291999999999812e-01
4.214999999999999858e-01 4.932216999999999851e-01
4.224999999999999867e-01 5.162398000000000264e-01
4.234999999999999876e-01 5.401021999999999768e-01
4.244999999999999885e-01 5.648275999999999852e-01
4.254999999999999893e-01 5.904342999999999675e-01
4.264999999999999902e-01 6.169404000000000554e-01
4.274999999999999911e-01 6.443638999999999895e-01
4.284999999999999920e-01 6.727220999999999895e-01
4.294999999999999929e-01 7.020321999999999951e-01
4.304999999999999938e-01 7.323110000000000452e-01
4.314999999999999947e-01 7.635747000000000506e-01
4.324999999999999956e-01 7.958389999999999631e-01
4.334999999999999964e-01 8.291191999999999451e-01
4.344999999999999973e-01 8.634298000000000251e-01
4.354999999999999982e-01 8.987848999999999977e-01
4.364999999999999991e-01 9.351977000000000206e-01
4.375000000000000000e-01 9.726808999999999594e-01
4.385000000000000009e-01 1.011246300000000042e+00
4.395000000000000018e-01 1.050904999999999978e+00
4.405000000000000027e-01 1.091666900000000107e+00
4.415000000000000036e-01 1.133541600000000038e+00
4.425000000000000044e-01 1.176537200000000061e+00
4.435000000000000053e-01 1.220661100000000054e+00
4.445000000000000062e-01 1.265919500000000086e+00
4.455000000000000071e-01 1.312317900000000037e+00
4.465000000000000080e-01 1.359860199999999963e+00
4.475000000000000089e-01 1.408549400000000063e+00
4.485000000000000098e-01 1.458387399999999889e+00
4.495000000000000107e-01 1.509374599999999900e+00
4.505000000000000115e-01 1.561510399999999965e+00
4.515000000000000124e-01 1.614792699999999970e+00
4.525000000000000133e-01 1.669218199999999985e+00
4.535000000000000142e-01 1.724782100000000096e+00
4.545000000000000151e-01 1.781478300000000070e+00
4.555000000000000160e-01 1.839299299999999970e+00
4.565000000000000169e-01 1.898236100000000093e+00
4.575000000000000178e-01 1.958278100000000022e+00
4.585000000000000187e-01 2.019413300000000078e+00
4.595000000000000195e-01 2.081628300000000209e+00
4.605000000000000204e-01 2.144908000000000037e+00
4.615000000000000213e-01 2.209235699999999802e+00
4.625000000000000222e-01 2.274593299999999818e+00
4.635000000000000231e-01 2.340961099999999906e+00
4.645000000000000240e-01 2.408317700000000006e+00
4.655000000000000249e-01 2.476640100000000011e+00
4.665000000000000258e-01 2.545903899999999886e+00
4.675000000000000266e-01 2.616082899999999878e+00
4.685000000000000275e-01 2.687149400000000021e+00
4.694999999999999729e-01 2.759074200000000143e+00
4.704999999999999738e-01 2.831826400000000188e+00
4.714999999999999747e-01 2.905373599999999890e+00
4.724999999999999756e-01 2.979681900000000105e+00
4.734999999999999765e-01 3.054715799999999870e+00
4.744999999999999774e-01 3.130438499999999902e+00
4.754999999999999782e-01 3.206811399999999868e+00
4.764999999999999791e-01 3.283794799999999903e+00
4.774999999999999800e-01 3.361347299999999816e+00
4.784999999999999809e-01 3.439426399999999884e+00
4.794999999999999818e-01 3.517987999999999893e+00
4.804999999999999827e-01 3.596986999999999934e+00
4.814999999999999836e-01 3.676376799999999889e+00
4.824999999999999845e-01 3.756109700000000107e+00
4.834999999999999853e-01 3.836136799999999791e+00
4.844999999999999862e-01 3.916408199999999784e+00
4.854999999999999871e-01 3.996872799999999781e+00
4.864999999999999880e-01 4.077478700000000345e+00
4.874999999999999889e-01 4.158172999999999675e+00
4.884999999999999898e-01 4.238901700000000439e+00
4.894999999999999907e-01 4.319610299999999903e+00
4.904999999999999916e-01 4.400243500000000196e+00
4.914999999999999925e-01 4.480745299999999709e+00
4.924999999999999933e-01 4.561059000000000196e+00
4.934999999999999942e-01 4.641127400000000236e+00
4.944999999999999951e-01 4.720893000000000228e+00
4.954999999999999960e-01 4.800297699999999779e+00
4.964999999999999969e-01 4.879283299999999990e+00
4.974999999999999978e-01 4.957791199999999954e+00
4.984999999999999987e-01 5.035762700000000258e+00
4.994999999999999996e-01 5.113139000000000323e+00
5.004999999999999449e-01 5.189861299999999567e+00
5.014999999999999458e-01 5.265870900000000354e+00
5.024999999999999467e-01 5.341109300000000282e+00
5.034999999999999476e-01 5.415518099999999890e+00
5.044999999999999485e-01 5.489039199999999674e+00
5.054999999999999494e-01 5.561615200000000314e+00
5.064999999999999503e-01 5.633188699999999827e+00
5.074999999999999512e-01 5.703703199999999640e+00
5.084999999999999520e-01 5.773102699999999921e+00
5.094999999999999529e-01 5.841331799999999852e+00
5.104999999999999538e-01 5.908336099999999647e+00
5.114999999999999547e-01 5.974061700000000030e+00
5.124999999999999556e-01 6.038455899999999765e+00
5.134999999999999565e-01 6.101467000000000418e+00
5.144999999999999574e-01 6.163044000000000189e+00
5.154999999999999583e-01 6.223137499999999989e+00
5.164999999999999591e-01 6.281698900000000307e+00
5.174999999999999600e-01 6.338681000000000232e+00
5.184999999999999609e-01 6.394037899999999830e+00
5.194999999999999618e-01 6.447725000000000151e+00
5.204999999999999627e-01 6.499699299999999624e+00
5.214999999999999636e-01 6.549919000000000047e+00
5.224999999999999645e-01 6.598344100000000267e+00
5.234999999999999654e-01 6.644936000000000398e+00
5.244999999999999662e-01 6.689657699999999707e+00
5.254999999999999671e-01 6.732473999999999847e+00
5.264999999999999680e-01 6.773351299999999853e+00
5.274999999999999689e-01 6.812257899999999644e+00
5.284999999999999698e-01 6.849163599999999796e+00
5.294999999999999707e-01 6.884040200000000276e+00
5.304999999999999716e-01 6.916861400000000160e+00
5.314999999999999725e-01 6.947602599999999740e+00
5.324999999999999734e-01 6.976241199999999587e+00
5.334999999999999742e-01 7.002756399999999992e+00
5.344999999999999751e-01 7.027129500000000029e+00
5.354999999999999760e-01 7.049343699999999657e+00
5.364999999999999769e-01 7.069383900000000054e+00
5.374999999999999778e-01 7.087237400000000243e+00
5.384999999999999787e-01 7.102893100000000182e+00
5.394999999999999796e-01 7.116342099999999782e+00
5.404999999999999805e-01 7.127577399999999841e+00
5.414999999999999813e-01 7.136593900000000268e+00
5.424999999999999822e-01 7.143388599999999755e+00
5.434999999999999831e-01 7.147960399999999659e+00
5.444999999999999840e-01 7.150310099999999558e+00
5.454999999999999849e-01 7.150440599999999591e+00
5.464999999999999858e-01 7.148356500000000224e+00
5.474999999999999867e-01 7.144064499999999818e+00
5.484999999999999876e-01 7.137573100000000004e+00
5.494999999999999885e-01 7.128892699999999749e+00
5.504999999999999893e-01 7.118035500000000404e+00
5.514999999999999902e-01 7.105015500000000372e+00
5.524999999999999911e-01 7.089848599999999834e+00
5.534999999999999920e-01 7.072552400000000183e+00
5.544999999999999929e-01 7.053146100000000196e+00
5.554999999999999938e-01 7.031650700000000143e+00
5.564999999999999947e-01 7.008088899999999732e+00
5.574999999999999956e-01 6.982484900000000216e+00
5.584999999999999964e-01 6.954864599999999619e+00
5.594999999999999973e-01 6.925255299999999892e+00
5.604999999999999982e-01 6.893685999999999758e+00
5.614999999999999991e-01 6.860186800000000140e+00
5.625000000000000000e-01 6.824789599999999901e+00
5.635000000000000009e-01 6.787527400000000100e+00
5.645000000000000018e-01 6.748434500000000114e+00
5.655000000000000027e-01 6.707546699999999973e+00
5.665000000000000036e-01 6.664900799999999848e+00
5.675000000000000044e-01 6.620534799999999720e+00
5.685000000000000053e-01 6.574487900000000273e+00
5.695000000000000062e-01 6.526800200000000274e+00
5.705000000000000071e-01 6.477513000000000076e+00
5.715000000000000080e-01 6.426668399999999615e+00
5.725000000000000089e-01 6.374309600000000131e+00
5.735000000000000098e-01 6.320480400000000110e+00
5.745000000000000107e-01 6.265225499999999670e+00
5.755000000000000115e-01 6.208590400000000287e+00
5.765000000000000124e-01 6.150621199999999789e+00
5.775000000000000133e-01 6.091364699999999743e+00
5.785000000000000142e-01 6.030868299999999849e+00
5.795000000000000151e-01 5.969179800000000036e+00
5.805000000000000160e-01 5.906347600000000142e+00
5.815000000000000169e-01 5.842420399999999958e+00
5.825000000000000178e-01 5.777447300000000396e+00
5.835000000000000187e-01 5.711477799999999938e+00
5.845000000000000195e-01 5.644561500000000009e+00
5.855000000000000204e-01 5.576748199999999933e+00
5.865000000000000213e-01 5.508087999999999873e+00
5.875000000000000222e-01 5.438630999999999993e+00
5.885000000000000231e-01 5.368427200000000177e+00
5.895000000000000240e-01 5.297526900000000261e+00
5.905000000000000249e-01 5.225979999999999848e+00
5.915000000000000258e-01 5.153836599999999990e+00
5.925000000000000266e-01 5.081146300000000338e+00
5.935000000000000275e-01 5.007958699999999652e+00
5.945000000000000284e-01 4.934323199999999687e+00
5.955000000000000293e-01 4.860288599999999626e+00
5.965000000000000302e-01 4.785903700000000427e+00
5.975000000000000311e-01 4.711216699999999591e+00
5.985000000000000320e-01 4.636275300000000321e+00
5.995000000000000329e-01 4.561126899999999651e+00
6.005000000000000338e-01 4.485818199999999756e+00
6.015000000000000346e-01 4.410395399999999633e+00
6.025000000000000355e-01 4.334903999999999868e+00
6.035000000000000364e-01 4.259389099999999928e+00
6.045000000000000373e-01 4.183894900000000305e+00
6.055000000000000382e-01 4.108464900000000419e+00
6.065000000000000391e-01 4.033141800000000110e+00
6.075000000000000400e-01 3.957967599999999919e+00
6.085000000000000409e-01 3.882983400000000085e+00
6.095000000000000417e-01 3.808229700000000051e+00
6.105000000000000426e-01 3.733745700000000056e+00
6.115000000000000435e-01 3.659569900000000153e+00
6.125000000000000444e-01 3.585739900000000091e+00
6.135000000000000453e-01 3.512292400000000203e+00
6.145000000000000462e-01 3.439262799999999842e+00
6.155000000000000471e-01 3.366685899999999787e+00
6.165000000000000480e-01 3.294595199999999835e+00
6.175000000000000488e-01 3.223023200000000088e+00
6.185000000000000497e-01 3.152001299999999784e+00
6.195000000000000506e-01 3.081560099999999913e+00
6.205000000000000515e-01 3.011728699999999925e+00
6.215000000000000524e-01 2.942535299999999854e+00
6.225000000000000533e-01 2.874007199999999873e+00
6.235000000000000542e-01 2.806170100000000112e+00
6.245000000000000551e-01 2.739048899999999787e+00
6.254999999999999449e-01 2.672667300000000079e+00
6.264999999999999458e-01 2.607047899999999974e+00
6.274999999999999467e-01 2.542212099999999975e+00
6.284999999999999476e-01 2.478180000000000049e+00
6.294999999999999485e-01 2.414970999999999979e+00
6.304999999999999494e-01 2.352602800000000105e+00
6.314999999999999503e-01 2.291092400000000140e+00
6.324999999999999512e-01 2.230455500000000146e+00
6.334999999999999520e-01 2.170706599999999931e+00
6.344999999999999529e-01 2.111859299999999884e+00
6.354999999999999538e-01 2.053925800000000024e+00
6.364999999999999547e-01 1.996917400000000065e+00
6.374999999999999556e-01 1.940844299999999967e+00
6.384999999999999565e-01 1.885715599999999936e+00
6.394999999999999574e-01 1.831539299999999981e+00
6.404999999999999583e-01 1.778322399999999970e+00
6.414999999999999591e-01 1.726070900000000075e+00
6.424999999999999600e-01 1.674789700000000048e+00
6.434999999999999609e-01 1.624482800000000005e+00
6.444999999999999618e-01 1.575153199999999920e+00
6.454999999999999627e-01 1.526802900000000074e+00
6.464999999999999636e-01 1.479433100000000056e+00
6.474999999999999645e-01 1.433043899999999926e+00
6.484999999999999654e-01 1.387634699999999999e+00
6.494999999999999662e-01 1.343204000000000065e+00
6.504999999999999671e-01 1.299749299999999996e+00
6.514999999999999680e-01 1.257267499999999982e+00
6.524999999999999689e-01 1.215754699999999966e+00
6.534999999999999698e-01 1.175206100000000031e+00
6.544999999999999707e-01 1.135616200000000076e+00
6.554999999999999716e-01 1.096978999999999926e+00
6.564999999999999725e-01 1.059287599999999996e+00
6.574999999999999734e-01 1.022534499999999902e+00
6.584999999999999742e-01 9.867116000000000220e-01
6.594999999999999751e-01 9.518102999999999980e-01
6.604999999999999760e-01 9.178212000000000037e-01
6.614999999999999769e-01 8.847346000000000377e-01
6.624999999999999778e-01 8.525401999999999703e-01
6.634999999999999787e-01 8.212272999999999934e-01
6.644999999999999796e-01 7.907845000000000013e-01
6.654999999999999805e-01 7.612001999999999935e-01
6.664999999999999813e-01 7.324625000000000163e-01
6.674999999999999822e-01 7.045588000000000406e-01
6.684999999999999831e-01 6.774763999999999786e-01
6.694999999999999840e-01 6.512023000000000117e-01
6.704999999999999849e-01 6.257230000000000292e-01
6.714999999999999858e-01 6.010250000000000314e-01
6.724999999999999867e-01 5.770944000000000074e-01
6.734999999999999876e-01 5.539171999999999985e-01
6.744999999999999885e-01 5.314790000000000347e-01
6.754999999999999893e-01 5.097654999999999825e-01
6.764999999999999902e-01 4.887621999999999800e-01
6.774999999999999911e-01 4.684542999999999902e-01
6.784999999999999920e-01 4.488270999999999789e-01
6.794999999999999929e-01 4.298657000000000172e-01
6.804999999999999938e-01 4.115554000000000157e-01
6.814999999999999947e-01 3.938810999999999840e-01
6.824999999999999956e-01 3.768279999999999963e-01
6.834999999999999964e-01 3.603811000000000098e-01
6.844999999999999973e-01 3.445255999999999874e-01
6.854999999999999982e-01 3.292466000000000004e-01
6.864999999999999991e-01 3.145294000000000145e-01
6.875000000000000000e-01 3.003592999999999957e-01
6.885000000000000009e-01 2.867217000000000238e-01
6.895000000000000018e-01 2.736020000000000119e-01
6.905000000000000027e-01 2.609859999999999958e-01
6.915000000000000036e-01 2.488593000000000055e-01
6.925000000000000044e-01 2.372080000000000022e-01
6.935000000000000053e-01 2.260179999999999967e-01
6.945000000000000062e-01 2.152756999999999865e-01
6.955000000000000071e-01 2.049673999999999940e-01
6.965000000000000080e-01 1.950797999999999977e-01
6.975000000000000089e-01 1.855997000000000063e-01
6.985000000000000098e-01 1.765142000000000100e-01
6.995000000000000107e-01 1.678103999999999985e-01
7.005000000000000115e-01 1.594758000000000009e-01
7.015000000000000124e-01 1.514981999999999995e-01
7.025000000000000133e-01 1.438655000000000073e-01
7.035000000000000142e-01 1.365657000000000121e-01
7.045000000000000151e-01 1.295873999999999915e-01
7.055000000000000160e-01 1.229192000000000062e-01
7.065000000000000169e-01 1.165500000000000008e-01
7.075000000000000178e-01 1.104688999999999949e-01
7.085000000000000187e-01 1.046653000000000028e-01
7.095000000000000195e-01 9.912899999999999490e-02
7.105000000000000204e-01 9.384979999999999711e-02
7.115000000000000213e-01 8.881780000000000230e-02
7.125000000000000222e-01 8.402370000000000672e-02
7.135000000000000231e-01 7.945789999999999798e-02
7.145000000000000240e-01 7.511160000000000059e-02
7.155000000000000249e-01 7.097580000000000555e-02
7.165000000000000258e-01 6.704200000000000437e-02
7.175000000000000266e-01 6.330199999999999716e-02
7.185000000000000275e-01 5.974770000000000081e-02
7.195000000000000284e-01 5.637129999999999919e-02
7.205000000000000293e-01 5.316520000000000273e-02
7.215000000000000302e-01 5.012219999999999870e-02
7.225000000000000311e-01 4.723510000000000209e-02
7.235000000000000320e-01 4.449709999999999777e-02
7.245000000000000329e-01 4.190170000000000006e-02
7.255000000000000338e-01 3.944240000000000246e-02
7.265000000000000346e-01 3.711300000000000016e-02
7.275000000000000355e-01 3.490769999999999984e-02
7.285000000000000364e-01 3.282079999999999720e-02
7.295000000000000373e-01 3.084659999999999833e-02
7.305000000000000382e-01 2.897989999999999941e-02
7.315000000000000391e-01 2.721550000000000011e-02
7.325000000000000400e-01 2.554870000000000058e-02
7.335000000000000409e-01 2.397459999999999869e-02
7.345000000000000417e-01 2.248870000000000036e-02
7.355000000000000426e-01 2.108660000000000048e-02
7.365000000000000435e-01 1.976429999999999854e-02
7.375000000000000444e-01 1.851759999999999864e-02
7.385000000000000453e-01 1.734279999999999849e-02
7.395000000000000462e-01 1.623619999999999924e-02
7.405000000000000471e-01 1.519419999999999972e-02
7.415000000000000480e-01 1.421350000000000044e-02
7.425000000000000488e-01 1.329089999999999959e-02
7.435000000000000497e-01 1.242329999999999997e-02
7.445000000000000506e-01 1.160779999999999972e-02
7.455000000000000515e-01 1.084150000000000044e-02
7.465000000000000524e-01 1.012189999999999965e-02
7.475000000000000533e-01 9.446299999999999489e-03
7.485000000000000542e-01 8.812300000000000341e-03
7.495000000000000551e-01 8.217600000000000252e-03
7.504999999999999449e-01 7.660000000000000142e-03
7.514999999999999458e-01 7.137400000000000341e-03
7.524999999999999467e-01 6.647899999999999990e-03
7.534999999999999476e-01 6.189499999999999690e-03
7.544999999999999485e-01 5.760399999999999722e-03
7.554999999999999494e-01 5.358899999999999775e-03
7.564999999999999503e-01 4.983500000000000082e-03
7.574999999999999512e-01 4.632500000000000333e-03
7.584999999999999520e-01 4.304500000000000166e-03
7.594999999999999529e-01 3.998200000000000365e-03
7.604999999999999538e-01 3.712099999999999862e-03
7.614999999999999547e-01 3.445199999999999825e-03
7.624999999999999556e-01 3.196200000000000169e-03
7.634999999999999565e-01 2.964000000000000055e-03
7.644999999999999574e-01 2.747600000000000216e-03
7.654999999999999583e-01 2.546000000000000086e-03
7.664999999999999591e-01 2.358199999999999966e-03
7.674999999999999600e-01 2.183399999999999837e-03
7.684999999999999609e-01 2.020699999999999840e-03
7.694999999999999618e-01 1.869500000000000068e-03
7.704999999999999627e-01 1.728799999999999955e-03
7.714999999999999636e-01 1.598100000000000085e-03
7.724999999999999645e-01 1.476700000000000061e-03
7.734999999999999654e-01 1.363999999999999978e-03
7.744999999999999662e-01 1.259300000000000089e-03
7.754999999999999671e-01 1.162300000000000008e-03
7.764999999999999680e-01 1.072199999999999933e-03
7.774999999999999689e-01 9.887999999999999654e-04
7.784999999999999698e-01 9.114999999999999838e-04
7.794999999999999707e-01 8.398999999999999782e-04
7.804999999999999716e-01 7.736000000000000472e-04
7.814999999999999725e-01 7.121999999999999642e-04
7.824999999999999734e-01 6.555000000000000496e-04
7.834999999999999742e-01 6.030000000000000204e-04
7.844999999999999751e-01 5.544999999999999799e-04
7.854999999999999760e-01 5.096999999999999751e-04
7.864999999999999769e-01 4.684000000000000013e-04
7.874999999999999778e-01 4.301999999999999943e-04
7.884999999999999787e-01 3.949000000000000036e-04
7.894999999999999796e-01 3.624999999999999750e-04
7.904999999999999805e-01 3.325000000000000048e-04
7.914999999999999813e-01 3.048999999999999844e-04
7.924999999999999822e-01 2.795000000000000175e-04
7.934999999999999831e-01 2.560999999999999908e-04
7.944999999999999840e-01 2.345000000000000079e-04
7.954999999999999849e-01 2.146999999999999874e-04
7.964999999999999858e-01 1.965000000000000058e-04
7.974999999999999867e-01 1.798000000000000065e-04
7.984999999999999876e-01 1.644000000000000116e-04
7.994999999999999885e-01 1.501999999999999917e-04
8.004999999999999893e-01 1.373000000000000034e-04
8.014999999999999902e-01 1.254000000000000123e-04
8.024999999999999911e-01 1.144000000000000024e-04
8.034999999999999920e-01 1.044000000000000033e-04
8.044999999999999929e-01 9.529999999999999897e-05
8.054999999999999938e-01 8.689999999999999808e-05
8.064999999999999947e-01 7.920000000000000065e-05
8.074999999999999956e-01 7.210000000000000425e-05
8.084999999999999964e-01 6.569999999999999777e-05
8.094999999999999973e-01 5.979999999999999666e-05
8.104999999999999982e-01 5.440000000000000093e-05
8.114999999999999991e-01 4.949999999999999702e-05
8.125000000000000000e-01 4.500000000000000283e-05
8.135000000000000009e-01 4.089999999999999804e-05
8.145000000000000018e-01 3.720000000000000298e-05
8.155000000000000027e-01 3.369999999999999922e-05
8.165000000000000036e-01 3.059999999999999840e-05
8.175000000000000044e-01 2.780000000000000149e-05
8.185000000000000053e-01 2.519999999999999928e-05
8.195000000000000062e-01 2.290000000000000098e-05
8.205000000000000071e-01 2.069999999999999832e-05
8.215000000000000080e-01 1.879999999999999957e-05
8.225000000000000089e-01 1.699999999999999987e-05
8.235000000000000098e-01 1.540000000000000163e-05
8.245000000000000107e-01 1.390000000000000075e-05
8.255000000000000115e-01 1.259999999999999964e-05
8.265000000000000124e-01 1.139999999999999927e-05
8.275000000000000133e-01 1.029999999999999964e-05
8.285000000000000142e-01 9.300000000000000744e-06
8.295000000000000151e-01 8.399999999999999196e-06
8.305000000000000160e-01 7.600000000000000080e-06
8.315000000000000169e-01 6.800000000000000116e-06
8.325000000000000178e-01 6.199999999999999931e-06
8.335000000000000187e-01 5.499999999999999857e-06
8.345000000000000195e-01 5.000000000000000409e-06
8.355000000000000204e-01 4.500000000000000114e-06
8.365000000000000213e-01 4.099999999999999709e-06
8.375000000000000222e-01 3.599999999999999837e-06
8.385000000000000231e-01 3.300000000000000168e-06
8.395000000000000240e-01 3.000000000000000076e-06
8.405000000000000249e-01 2.699999999999999984e-06
8.415000000000000258e-01 2.399999999999999891e-06
8.425000000000000266e-01 2.099999999999999799e-06
8.435000000000000275e-01 1.900000000000000020e-06
8.445000000000000284e-01 1.700000000000000029e-06
8.455000000000000293e-01 1.500000000000000038e-06
8.465000000000000302e-01 1.399999999999999937e-06
8.475000000000000311e-01 1.199999999999999946e-06
8.485000000000000320e-01 1.100000000000000056e-06
8.495000000000000329e-01 9.999999999999999547e-07
8.505000000000000338e-01 8.999999999999999593e-07
8.515000000000000346e-01 7.999999999999999638e-07
8.525000000000000355e-01 6.999999999999999683e-07
8.535000000000000364e-01 5.999999999999999728e-07
8.545000000000000373e-01 5.999999999999999728e-07
8.555000000000000382e-01 4.999999999999999774e-07
8.565000000000000391e-01 4.999999999999999774e-07
8.575000000000000400e-01 3.999999999999999819e-07
8.585000000000000409e-01 3.999999999999999819e-07
8.595000000000000417e-01 2.999999999999999864e-07
8.605000000000000426e-01 2.999999999999999864e-07
8.615000000000000435e-01 2.999999999999999864e-07
8.625000000000000444e-01 1.999999999999999909e-07
8.635000000000000453e-01 1.999999999999999909e-07
8.645000000000000462e-01 1.999999999999999909e-07
8.655000000000000471e-01 1.999999999999999909e-07
8.665000000000000480e-01 9.999999999999999547e-08
8.675000000000000488e-01 9.999999999999999547e-08
8.685000000000000497e-01 9.999999999999999547e-08
8.695000000000000506e-01 9.999999999999999547e-08
8.705000000000000515e-01 9.999999999999999547e-08
8.715000000000000524e-01 9.999999999999999547e-08
8.725000000000000533e-01 9.999999999999999547e-08
8.735000000000000542e-01 9.999999999999999547e-08
8.745000000000000551e-01 9.999999999999999547e-08
8.754999999999999449e-01 0.000000000000000000e+00
8.764999999999999458e-01 0.000000000000000000e+00
8.774999999999999467e-01 0.000000000000000000e+00
8.784999999999999476e-01 0.000000000000000000e+00
8.794999999999999485e-01 0.000000000000000000e+00
8.804999999999999494e-01 0.000000000000000000e+00
8.814999999999999503e-01 0.000000000000000000e+00
8.824999999999999512e-01 0.000000000000000000e+00
8.834999999999999520e-01 0.000000000000000000e+00
8.844999999999999529e-01 0.000000000000000000e+00
8.854999999999999538e-01 0.000000000000000000e+00
8.864999999999999547e-01 0.000000000000000000e+00
8.874999999999999556e-01 0.000000000000000000e+00
8.884999999999999565e-01 0.000000000000000000e+00
8.894999999999999574e-01 0.000000000000000000e+00
8.904999999999999583e-01 0.000000000000000000e+00
8.914999999999999591e-01 0.000000000000000000e+00
8.924999999999999600e-01 0.000000000000000000e+00
8.934999999999999609e-01 0.000000000000000000e+00
8.944999999999999618e-01 0.000000000000000000e+00
8.954999999999999627e-01 0.000000000000000000e+00
8.964999999999999636e-01 0.000000000000000000e+00
8.974999999999999645e-01 0.000000000000000000e+00
8.984999999999999654e-01 0.000000000000000000e+00
8.994999999999999662e-01 0.000000000000000000e+00
9.004999999999999671e-01 0.000000000000000000e+00
9.014999999999999680e-01 0.000000000000000000e+00
9.024999999999999689e-01 0.000000000000000000e+00
9.034999999999999698e-01 0.000000000000000000e+00
9.044999999999999707e-01 0.000000000000000000e+00
9.054999999999999716e-01 0.000000000000000000e+00
9.064999999999999725e-01 0.000000000000000000e+00
9.074999999999999734e-01 0.000000000000000000e+00
9.084999999999999742e-01 0.000000000000000000e+00
9.094999999999999751e-01 0.000000000000000000e+00
9.104999999999999760e-01 0.000000000000000000e+00
9.114999999999999769e-01 0.000000000000000000e+00
9.124999999999999778e-01 0.000000000000000000e+00
9.134999999999999787e-01 0.000000000000000000e+00
9.144999999999999796e-01 0.000000000000000000e+00
9.154999999999999805e-01 0.000000000000000000e+00
9.164999999999999813e-01 0.000000000000000000e+00
9.174999999999999822e-01 0.000000000000000000e+00
9.184999999999999831e-01 0.000000000000000000e+00
9.194999999999999840e-01 0.000000000000000000e+00
9.204999999999999849e-01 0.000000000000000000e+00
9.214999999999999858e-01 0.000000000000000000e+00
9.224999999999999867e-01 0.000000000000000000e+00
9.234999999999999876e-01 0.000000000000000000e+00
9.244999999999999885e-01 0.000000000000000000e+00
9.254999999999999893e-01 0.000000000000000000e+00
9.264999999999999902e-01 0.000000000000000000e+00
9.274999999999999911e-01 0.000000000000000000e+00
9.284999999999999920e-01 0.000000000000000000e+00
9.294999999999999929e-01 0.000000000000000000e+00
9.304999999999999938e-01 0.000000000000000000e+00
9.314999999999999947e-01 0.000000000000000000e+00
9.324999999999999956e-01 0.000000000000000000e+00
9.334999999999999964e-01 0.000000000000000000e+00
9.344999999999999973e-01 0.000000000000000000e+00
9.354999999999999982e-01 0.000000000000000000e+00
9.364999999999999991e-01 0.000000000000000000e+00
9.375000000000000000e-01 0.000000000000000000e+00
9.385000000000000009e-01 0.000000000000000000e+00
9.395000000000000018e-01 0.000000000000000000e+00
9.405000000000000027e-01 0.000000000000000000e+00
9.415000000000000036e-01 0.000000000000000000e+00
9.425000000000000044e-01 0.000000000000000000e+00
9.435000000000000053e-01 0.000000000000000000e+00
9.445000000000000062e-01 0.000000000000000000e+00
9.455000000000000071e-01 0.000000000000000000e+00
9.465000000000000080e-01 0.000000000000000000e+00
9.475000000000000089e-01 0.000000000000000000e+00
9.485000000000000098e-01 0.000000000000000000e+00
9.495000000000000107e-01 0.000000000000000000e+00
9.505000000000000115e-01 0.000000000000000000e+00
9.515000000000000124e-01 0.000000000000000000e+00
9.525000000000000133e-01 0.000000000000000000e+00
9.535000000000000142e-01 0.000000000000000000e+00
9.545000000000000151e-01 0.000000000000000000e+00
9.555000000000000160e-01 0.000000000000000000e+00
9.565000000000000169e-01 0.000000000000000000e+00
9.575000000000000178e-01 0.000000000000000000e+00
9.585000000000000187e-01 0.000000000000000000e+00
9.595000000000000195e-01 0.000000000000000000e+00
9.605000000000000204e-01 0.000000000000000000e+00
9.615000000000000213e-01 0.000000000000000000e+00
9.625000000000000222e-01 0.000000000000000000e+00
9.635000000000000231e-01 0.000000000000000000e+00
9.645000000000000240e-01 0.000000000000000000e+00
9.655000000000000249e-01 0.000000000000000000e+00
9.665000000000000258e-01 0.000000000000000000e+00
9.675000000000000266e-01 0.000000000000000000e+00
9.685000000000000275e-01 0.000000000000000000e+00
9.695000000000000284e-01 0.000000000000000000e+00
9.705000000000000293e-01 0.000000000000000000e+00
9.715000000000000302e-01 0.000000000000000000e+00
9.725000000000000311e-01 0.000000000000000000e+00
9.735000000000000320e-01 0.000000000000000000e+00
9.745000000000000329e-01 0.000000000000000000e+00
9.755000000000000338e-01 0.000000000000000000e+00
9.765000000000000346e-01 0.000000000000000000e+00
9.775000000000000355e-01 0.000000000000000000e+00
9.785000000000000364e-01 0.000000000000000000e+00
9.795000000000000373e-01 0.000000000000000000e+00
9.805000000000000382e-01 0.000000000000000000e+00
9.815000000000000391e-01 0.000000000000000000e+00
9.825000000000000400e-01 0.000000000000000000e+00
9.835000000000000409e-01 0.000000000000000000e+00
9.845000000000000417e-01 0.000000000000000000e+00
9.855000000000000426e-01 0.000000000000000000e+00
9.865000000000000435e-01 0.000000000000000000e+00
9.875000000000000444e-01 0.000000000000000000e+00
9.885000000000000453e-01 0.000000000000000000e+00
9.895000000000000462e-01 0.000000000000000000e+00
9.905000000000000471e-01 0.000000000000000000e+00
9.915000000000000480e-01 0.000000000000000000e+00
9.925000000000000488e-01 0.000000000000000000e+00
9.935000000000000497e-01 0.000000000000000000e+00
9.945000000000000506e-01 0.000000000000000000e+00
9.955000000000000515e-01 0.000000000000000000e+00
9.965000000000000524e-01 0.000000000000000000e+00
9.975000000000000533e-01 0.000000000000000000e+00
9.985000000000000542e-01 0.000000000000000000e+00
9.995000000000000551e-01 0.000000000000000000e+00
