5.000000000000000104e-04 0.000000000000000000e+00
1.500000000000000031e-03 0.000000000000000000e+00
2.500000000000000052e-03 0.000000000000000000e+00
3.500000000000000073e-03 0.000000000000000000e+00
4.499999999999999660e-03 0.000000000000000000e+00
5.499999999999999681e-03 0.000000000000000000e+00
6.499999999999999702e-03 0.000000000000000000e+00
7.499999999999999722e-03 0.000000000000000000e+00
8.500000000000000611e-03 0.000000000000000000e+00
9.499999999999999764e-03 0.000000000000000000e+00
1.050000000000000065e-02 0.000000000000000000e+00
1.149999999999999981e-02 0.000000000000000000e+00
1.250000000000000069e-02 0.000000000000000000e+00
1.349999999999999985e-02 0.000000000000000000e+00
1.450000000000000074e-02 0.000000000000000000e+00
1.549999999999999989e-02 0.000000000000000000e+00
1.650000000000000078e-02 0.000000000000000000e+00
1.750000000000000167e-02 0.000000000000000000e+00
1.849999999999999908e-02 0.000000000000000000e+00
1.949999999999999997e-02 0.000000000000000000e+00
2.050000000000000086e-02 0.000000000000000000e+00
2.149999999999999828e-02 0.000000000000000000e+00
2.249999999999999917e-02 0.000000000000000000e+00
2.350000000000000006e-02 0.000000000000000000e+00
2.450000000000000094e-02 0.000000000000000000e+00
2.549999999999999836e-02 0.000000000000000000e+00
2.649999999999999925e-02 0.000000000000000000e+00
2.750000000000000014e-02 0.000000000000000000e+00
2.850000000000000103e-02 0.000000000000000000e+00
2.949999999999999845e-02 0.000000000000000000e+00
3.049999999999999933e-02 0.000000000000000000e+00
3.150000000000000022e-02 0.000000000000000000e+00
3.250000000000000111e-02 0.000000000000000000e+00
3.350000000000000200e-02 0.000000000000000000e+00
3.450000000000000289e-02 0.000000000000000000e+00
3.549999999999999684e-02 0.000000000000000000e+00
3.649999999999999772e-02 0.000000000000000000e+00
3.749999999999999861e-02 0.000000000000000000e+00
3.849999999999999950e-02 0.000000000000000000e+00
3.950000000000000039e-02 0.000000000000000000e+00
4.050000000000000128e-02 0.000000000000000000e+00
4.150000000000000216e-02 0.000000000000000000e+00
4.250000000000000305e-02 0.000000000000000000e+00
4.349999999999999700e-02 0.000000000000000000e+00
4.449999999999999789e-02 0.000000000000000000e+00
4.549999999999999878e-02 0.000000000000000000e+00
4.649999999999999967e-02 0.000000000000000000e+00
4.750000000000000056e-02 0.000000000000000000e+00
4.850000000000000144e-02 0.000000000000000000e+00
4.950000000000000233e-02 0.000000000000000000e+00
5.050000000000000322e-02 0.000000000000000000e+00
5.149999999999999717e-02 0.000000000000000000e+00
5.249999999999999806e-02 0.000000000000000000e+00
5.349999999999999895e-02 0.000000000000000000e+00
5.449999999999999983e-02 0.000000000000000000e+00
5.550000000000000072e-02 0.000000000000000000e+00
5.650000000000000161e-02 0.000000000000000000e+00
5.750000000000000250e-02 0.000000000000000000e+00
5.850000000000000339e-02 0.000000000000000000e+00
5.949999999999999734e-02 0.000000000000000000e+00
6.049999999999999822e-02 0.000000000000000000e+00
6.149999999999999911e-02 0.000000000000000000e+00
6.250000000000000000e-02 0.000000000000000000e+00
6.350000000000000089e-02 0.000000000000000000e+00
6.450000000000000178e-02 0.000000000000000000e+00
6.550000000000000266e-02 0.000000000000000000e+00
6.650000000000000355e-02 0.000000000000000000e+00
6.750000000000000444e-02 0.000000000000000000e+00
6.850000000000000533e-02 0.000000000000000000e+00
6.950000000000000622e-02 0.000000000000000000e+00
7.049999999999999323e-02 0.000000000000000000e+00
7.149999999999999412e-02 0.000000000000000000e+00
7.249999999999999500e-02 0.000000000000000000e+00
7.349999999999999589e-02 0.000000000000000000e+00
7.449999999999999678e-02 0.000000000000000000e+00
7.549999999999999767e-02 0.000000000000000000e+00
7.649999999999999856e-02 0.000000000000000000e+00
7.749999999999999944e-02 0.000000000000000000e+00
7.850000000000000033e-02 0.000000000000000000e+00
7.950000000000000122e-02 0.000000000000000000e+00
8.050000000000000211e-02 0.000000000000000000e+00
8.150000000000000300e-02 0.000000000000000000e+00
8.250000000000000389e-02 0.000000000000000000e+00
8.350000000000000477e-02 0.000000000000000000e+00
8.450000000000000566e-02 0.000000000000000000e+00
8.550000000000000655e-02 0.000000000000000000e+00
8.649999999999999356e-02 0.000000000000000000e+00
8.749999999999999445e-02 0.000000000000000000e+00
8.849999999999999534e-02 0.000000000000000000e+00
8.949999999999999623e-02 0.000000000000000000e+00
9.049999999999999711e-02 0.000000000000000000e+00
9.149999999999999800e-02 0.000000000000000000e+00
9.249999999999999889e-02 0.000000000000000000e+00
9.349999999999999978e-02 0.000000000000000000e+00
9.450000000000000067e-02 0.000000000000000000e+00
9.550000000000000155e-02 0.000000000000000000e+00
9.650000000000000244e-02 0.000000000000000000e+00
9.750000000000000333e-02 0.000000000000000000e+00
9.850000000000000422e-02 0.000000000000000000e+00
9.950000000000000511e-02 0.000000000000000000e+00
1.005000000000000060e-01 0.000000000000000000e+00
1.015000000000000069e-01 0.000000000000000000e+00
1.024999999999999939e-01 0.000000000000000000e+00
1.034999999999999948e-01 0.000000000000000000e+00
1.044999999999999957e-01 0.000000000000000000e+00
1.054999999999999966e-01 0.000000000000000000e+00
1.064999999999999974e-01 0.000000000000000000e+00
1.074999999999999983e-01 0.000000000000000000e+00
1.084999999999999992e-01 0.000000000000000000e+00
1.095000000000000001e-01 0.000000000000000000e+00
1.105000000000000010e-01 0.000000000000000000e+00
1.115000000000000019e-01 0.000000000000000000e+00
1.125000000000000028e-01 0.000000000000000000e+00
1.135000000000000037e-01 0.000000000000000000e+00
1.145000000000000046e-01 0.000000000000000000e+00
1.155000000000000054e-01 0.000000000000000000e+00
1.165000000000000063e-01 0.000000000000000000e+00
1.174999999999999933e-01 0.000000000000000000e+00
1.184999999999999942e-01 0.000000000000000000e+00
1.194999999999999951e-01 0.000000000000000000e+00
1.204999999999999960e-01 0.000000000000000000e+00
1.214999999999999969e-01 0.000000000000000000e+00
1.224999999999999978e-01 0.000000000000000000e+00
1.234999999999999987e-01 0.000000000000000000e+00
1.244999999999999996e-01 0.000000000000000000e+00
1.255000000000000004e-01 0.000000000000000000e+00
1.265000000000000013e-01 0.000000000000000000e+00
1.275000000000000022e-01 0.000000000000000000e+00
1.285000000000000031e-01 0.000000000000000000e+00
1.295000000000000040e-01 0.000000000000000000e+00
1.305000000000000049e-01 0.000000000000000000e+00
1.315000000000000058e-01 0.000000000000000000e+00
1.325000000000000067e-01 0.000000000000000000e+00
1.335000000000000075e-01 0.000000000000000000e+00
1.345000000000000084e-01 0.000000000000000000e+00
1.355000000000000093e-01 0.000000000000000000e+00
1.365000000000000102e-01 0.000000000000000000e+00
1.375000000000000111e-01 0.000000000000000000e+00
1.385000000000000120e-01 0.000000000000000000e+00
1.395000000000000129e-01 0.000000000000000000e+00
1.405000000000000138e-01 0.000000000000000000e+00
1.414999999999999869e-01 0.000000000000000000e+00
1.424999999999999878e-01 0.000000000000000000e+00
1.434999999999999887e-01 0.000000000000000000e+00
1.444999999999999896e-01 0.000000000000000000e+00
1.454999999999999905e-01 0.000000000000000000e+00
1.464999999999999913e-01 0.000000000000000000e+00
1.474999999999999922e-01 0.000000000000000000e+00
1.484999999999999931e-01 0.000000000000000000e+00
1.494999999999999940e-01 0.000000000000000000e+00
1.504999999999999949e-01 0.000000000000000000e+00
1.514999999999999958e-01 0.000000000000000000e+00
1.524999999999999967e-01 0.000000000000000000e+00
1.534999999999999976e-01 0.000000000000000000e+00
1.544999999999999984e-01 9.999999999999999547e-08
1.554999999999999993e-01 9.999999999999999547e-08
1.565000000000000002e-01 9.999999999999999547e-08
1.575000000000000011e-01 9.999999999999999547e-08
1.585000000000000020e-01 9.999999999999999547e-08
1.595000000000000029e-01 9.999999999999999547e-08
1.605000000000000038e-01 9.999999999999999547e-08
1.615000000000000047e-01 9.999999999999999547e-08
1.625000000000000056e-01 1.999999999999999909e-07
1.635000000000000064e-01 1.999999999999999909e-07
1.645000000000000073e-01 1.999999999999999909e-07
1.655000000000000082e-01 1.999999999999999909e-07
1.665000000000000091e-01 2.999999999999999864e-07
1.675000000000000100e-01 2.999999999999999864e-07
1.685000000000000109e-01 2.999999999999999864e-07
1.695000000000000118e-01 3.999999999999999819e-07
1.705000000000000127e-01 3.999999999999999819e-07
1.715000000000000135e-01 4.999999999999999774e-07
1.724999999999999867e-01 5.999999999999999728e-07
1.734999999999999876e-01 6.999999999999999683e-07
1.744999999999999885e-01 6.999999999999999683e-07
1.754999999999999893e-01 8.999999999999999593e-07
1.764999999999999902e-01 9.999999999999999547e-07
1.774999999999999911e-01 1.100000000000000056e-06
1.784999999999999920e-01 1.199999999999999946e-06
1.794999999999999929e-01 1.399999999999999937e-06
1.804999999999999938e-01 1.599999999999999928e-06
1.814999999999999947e-01 1.799999999999999919e-06
1.824999999999999956e-01 2.099999999999999799e-06
1.834999999999999964e-01 2.300000000000000002e-06
1.844999999999999973e-01 2.600000000000000094e-06
1.854999999999999982e-01 3.000000000000000076e-06
1.864999999999999991e-01 3.400000000000000058e-06
1.875000000000000000e-01 3.800000000000000040e-06
1.885000000000000009e-01 4.300000000000000335e-06
1.895000000000000018e-01 4.799999999999999783e-06
1.905000000000000027e-01 5.499999999999999857e-06
1.915000000000000036e-01 6.199999999999999931e-06
1.925000000000000044e-01 6.900000000000000005e-06
1.935000000000000053e-01 7.799999999999999859e-06
1.945000000000000062e-01 8.800000000000000449e-06
1.955000000000000071e-01 9.900000000000000081e-06
1.965000000000000080e-01 1.110000000000000045e-05
1.975000000000000089e-01 1.250000000000000060e-05
1.985000000000000098e-01 1.399999999999999979e-05
1.995000000000000107e-01 1.569999999999999876e-05
2.005000000000000115e-01 1.760000000000000090e-05
2.015000000000000124e-01 1.980000000000000016e-05
2.025000000000000133e-01 2.220000000000000090e-05
2.034999999999999865e-01 2.479999999999999972e-05
2.044999999999999873e-01 2.780000000000000149e-05
2.054999999999999882e-01 3.109999999999999700e-05
2.064999999999999891e-01 3.479999999999999885e-05
2.074999999999999900e-01 3.880000000000000121e-05
2.084999999999999909e-01 4.339999999999999782e-05
2.094999999999999918e-01 4.839999999999999739e-05
2.104999999999999927e-01 5.399999999999999798e-05
2.114999999999999936e-01 6.030000000000000204e-05
2.124999999999999944e-01 6.719999999999999357e-05
2.134999999999999953e-01 7.480000000000000212e-05
2.144999999999999962e-01 8.330000000000000544e-05
2.154999999999999971e-01 9.270000000000000353e-05
2.164999999999999980e-01 1.030999999999999988e-04
2.174999999999999989e-01 1.145999999999999938e-04
2.184999999999999998e-01 1.273000000000000043e-04
2.195000000000000007e-01 1.412999999999999922e-04
2.205000000000000016e-01 1.568999999999999919e-04
2.215000000000000024e-01 1.740000000000000010e-04
2.225000000000000033e-01 1.928999999999999996e-04
2.235000000000000042e-01 2.136999999999999902e-04
2.245000000000000051e-01 2.367000000000000072e-04
2.255000000000000060e-01 2.620000000000000258e-04
2.265000000000000069e-01 2.897999999999999968e-04
2.275000000000000078e-01 3.203999999999999817e-04
2.285000000000000087e-01 3.540999999999999877e-04
2.295000000000000095e-01 3.911000000000000197e-04
2.305000000000000104e-01 4.317999999999999790e-04
2.315000000000000113e-01 4.763999999999999789e-04
2.325000000000000122e-01 5.253000000000000291e-04
2.335000000000000131e-01 5.789999999999999791e-04
2.344999999999999862e-01 6.377999999999999989e-04
2.354999999999999871e-01 7.022000000000000464e-04
2.364999999999999880e-01 7.726999999999999711e-04
2.374999999999999889e-01 8.497999999999999478e-04
2.384999999999999898e-01 9.342000000000000477e-04
2.394999999999999907e-01 1.026299999999999955e-03
2.404999999999999916e-01 1.126999999999999964e-03
2.414999999999999925e-01 1.236899999999999979e-03
2.424999999999999933e-01 1.356800000000000020e-03
2.434999999999999942e-01 1.487500000000000107e-03
2.444999999999999951e-01 1.629900000000000099e-03
2.454999999999999960e-01 1.785099999999999968e-03
2.464999999999999969e-01 1.954000000000000008e-03
2.474999999999999978e-01 2.137700000000000190e-03
2.484999999999999987e-01 2.337500000000000168e-03
2.494999999999999996e-01 2.554600000000000187e-03
2.505000000000000004e-01 2.790500000000000012e-03
2.515000000000000013e-01 3.046399999999999889e-03
2.525000000000000022e-01 3.324199999999999811e-03
2.535000000000000031e-01 3.625300000000000137e-03
2.545000000000000040e-01 3.951600000000000425e-03
2.555000000000000049e-01 4.305100000000000073e-03
2.565000000000000058e-01 4.687700000000000373e-03
2.575000000000000067e-01 5.101699999999999811e-03
2.585000000000000075e-01 5.549300000000000066e-03
2.595000000000000084e-01 6.033000000000000168e-03
2.605000000000000093e-01 6.555400000000000289e-03
2.615000000000000102e-01 7.119399999999999687e-03
2.625000000000000111e-01 7.727900000000000220e-03
2.635000000000000120e-01 8.383899999999999686e-03
2.645000000000000129e-01 9.091000000000000122e-03
2.655000000000000138e-01 9.852500000000000147e-03
2.665000000000000147e-01 1.067219999999999974e-02
2.675000000000000155e-01 1.155420000000000058e-02
2.685000000000000164e-01 1.250249999999999972e-02
2.695000000000000173e-01 1.352159999999999994e-02
2.705000000000000182e-01 1.461609999999999993e-02
2.715000000000000191e-01 1.579109999999999889e-02
2.725000000000000200e-01 1.705169999999999950e-02
2.735000000000000209e-01 1.840340000000000031e-02
2.745000000000000218e-01 1.985189999999999871e-02
2.755000000000000226e-01 2.140330000000000010e-02
2.765000000000000235e-01 2.306410000000000057e-02
2.775000000000000244e-01 2.484079999999999969e-02
2.785000000000000253e-01 2.674069999999999919e-02
2.795000000000000262e-01 2.877089999999999856e-02
2.805000000000000271e-01 3.093939999999999885e-02
2.814999999999999725e-01 3.325410000000000171e-02
2.824999999999999734e-01 3.572360000000000119e-02
2.834999999999999742e-01 3.835670000000000052e-02
2.844999999999999751e-01 4.116279999999999939e-02
2.854999999999999760e-01 4.415140000000000037e-02
2.864999999999999769e-01 4.733269999999999839e-02
2.874999999999999778e-01 5.071719999999999701e-02
2.884999999999999787e-01 5.431590000000000029e-02
2.894999999999999796e-01 5.814020000000000299e-02
2.904999999999999805e-01 6.220180000000000153e-02
2.914999999999999813e-01 6.651329999999999742e-02
2.924999999999999822e-01 7.108720000000000316e-02
2.934999999999999831e-01 7.593690000000000162e-02
2.944999999999999840e-01 8.107620000000000104e-02
2.954999999999999849e-01 8.651910000000000156e-02
2.964999999999999858e-01 9.228060000000000429e-02
2.974999999999999867e-01 9.837559999999999361e-02
2.984999999999999876e-01 1.048199999999999965e-01
2.994999999999999885e-01 1.116299999999999931e-01
3.004999999999999893e-01 1.188220999999999999e-01
3.014999999999999902e-01 1.264135999999999871e-01
3.024999999999999911e-01 1.344220999999999888e-01
3.034999999999999920e-01 1.428657999999999872e-01
3.044999999999999929e-01 1.517632999999999899e-01
3.054999999999999938e-01 1.611336999999999908e-01
3.064999999999999947e-01 1.709965999999999986e-01
3.074999999999999956e-01 1.813717999999999997e-01
3.084999999999999964e-01 1.922801000000000093e-01
3.094999999999999973e-01 2.037421000000000093e-01
3.104999999999999982e-01 2.157792000000000043e-01
3.114999999999999991e-01 2.284131000000000078e-01
3.125000000000000000e-01 2.416658999999999891e-01
3.135000000000000009e-01 2.555601000000000123e-01
3.145000000000000018e-01 2.701182999999999779e-01
3.155000000000000027e-01 2.853636999999999979e-01
3.165000000000000036e-01 3.013196000000000208e-01
3.175000000000000044e-01 3.180098000000000091e-01
3.185000000000000053e-01 3.354578999999999755e-01
3.195000000000000062e-01 3.536881000000000053e-01
3.205000000000000071e-01 3.727247000000000199e-01
3.215000000000000080e-01 3.925917999999999908e-01
3.225000000000000089e-01 4.133140000000000147e-01
3.235000000000000098e-01 4.349157000000000162e-01
3.245000000000000107e-01 4.574212999999999751e-01
3.255000000000000115e-01 4.808553999999999884e-01
3.265000000000000124e-01 5.052421999999999747e-01
3.275000000000000133e-01 5.306058999999999637e-01
3.285000000000000142e-01 5.569705999999999824e-01
3.295000000000000151e-01 5.843599999999999905e-01
3.305000000000000160e-01 6.127976000000000534e-01
3.315000000000000169e-01 6.423065999999999498e-01
3.325000000000000178e-01 6.729095999999999966e-01
3.335000000000000187e-01 7.046289999999999498e-01
3.345000000000000195e-01 7.374865999999999921e-01
3.355000000000000204e-01 7.715033999999999503e-01
3.365000000000000213e-01 8.066999999999999726e-01
3.375000000000000222e-01 8.430963000000000207e-01
3.385000000000000231e-01 8.807114000000000331e-01
3.395000000000000240e-01 9.195632999999999724e-01
3.405000000000000249e-01 9.596694999999999531e-01
3.415000000000000258e-01 1.001046399999999892e+00
3.425000000000000266e-01 1.043709299999999951e+00
3.435000000000000275e-01 1.087672399999999984e+00
3.444999999999999729e-01 1.132948899999999925e+00
3.454999999999999738e-01 1.179550600000000005e+00
3.464999999999999747e-01 1.227488099999999971e+00
3.474999999999999756e-01 1.276770799999999983e+00
3.484999999999999765e-01 1.327406300000000039e+00
3.494999999999999774e-01 1.379401199999999994e+00
3.504999999999999782e-01 1.432760199999999928e+00
3.514999999999999791e-01 1.487486599999999992e+00
3.524999999999999800e-01 1.543582100000000068e+00
3.534999999999999809e-01 1.601046500000000039e+00
3.544999999999999818e-01 1.659877999999999965e+00
3.554999999999999827e-01 1.720072999999999963e+00
3.564999999999999836e-01 1.781625999999999932e+00
3.574999999999999845e-01 1.844529599999999991e+00
3.584999999999999853e-01 1.908774600000000099e+00
3.594999999999999862e-01 1.974349700000000096e+00
3.604999999999999871e-01 2.041241600000000211e+00
3.614999999999999880e-01 2.109434999999999949e+00
3.624999999999999889e-01 2.178912599999999866e+00
3.634999999999999898e-01 2.249654800000000066e+00
3.644999999999999907e-01 2.321640100000000206e+00
3.654999999999999916e-01 2.394844799999999996e+00
3.664999999999999925e-01 2.469243000000000077e+00
3.674999999999999933e-01 2.544806900000000205e+00
3.684999999999999942e-01 2.621506199999999787e+00
3.694999999999999951e-01 2.699308799999999842e+00
3.704999999999999960e-01 2.778180199999999989e+00
3.714999999999999969e-01 2.858083800000000174e+00
3.724999999999999978e-01 2.938981200000000182e+00
3.734999999999999987e-01 3.020831400000000055e+00
3.744999999999999996e-01 3.103591799999999790e+00
3.755000000000000004e-01 3.187217500000000037e+00
3.765000000000000013e-01 3.271661700000000117e+00
3.775000000000000022e-01 3.356875599999999960e+00
3.785000000000000031e-01 3.442808499999999938e+00
3.795000000000000040e-01 3.529407799999999984e+00
3.805000000000000049e-01 3.616619200000000145e+00
3.815000000000000058e-01 3.704386599999999863e+00
3.825000000000000067e-01 3.792652100000000193e+00
3.835000000000000075e-01 3.881356400000000040e+00
3.845000000000000084e-01 3.970438300000000087e+00
3.855000000000000093e-01 4.059835500000000152e+00
3.865000000000000102e-01 4.149484099999999565e+00
3.875000000000000111e-01 4.239319000000000059e+00
3.885000000000000120e-01 4.329273699999999891e+00
3.895000000000000129e-01 4.419280800000000120e+00
3.905000000000000138e-01 4.509271700000000216e+00
3.915000000000000147e-01 4.599176800000000398e+00
3.925000000000000155e-01 4.688925799999999811e+00
3.935000000000000164e-01 4.778447700000000076e+00
3.945000000000000173e-01 4.867670699999999684e+00
3.955000000000000182e-01 4.956522399999999884e+00
3.965000000000000191e-01 5.044930400000000148e+00
3.975000000000000200e-01 5.132821400000000089e+00
3.985000000000000209e-01 5.220122299999999882e+00
3.995000000000000218e-01 5.306759800000000027e+00
4.005000000000000226e-01 5.392660499999999857e+00
4.015000000000000235e-01 5.477751300000000434e+00
4.025000000000000244e-01 5.561959299999999828e+00
4.035000000000000253e-01 5.645211800000000224e+00
4.045000000000000262e-01 5.727436800000000439e+00
4.055000000000000271e-01 5.808562600000000131e+00
4.064999999999999725e-01 5.888518300000000316e+00
4.074999999999999734e-01 5.967234000000000371e+00
4.084999999999999742e-01 6.044640399999999580e+00
4.094999999999999751e-01 6.120669300000000312e+00
4.104999999999999760e-01 6.195253700000000308e+00
4.114999999999999769e-01 6.268327499999999830e+00
4.124999999999999778e-01 6.339826399999999751e+00
4.134999999999999787e-01 6.409686999999999912e+00
4.144999999999999796e-01 6.477847699999999875e+00
4.154999999999999805e-01 6.544248399999999855e+00
4.164999999999999813e-01 6.608830600000000111e+00
4.174999999999999822e-01 6.671537599999999735e+00
4.184999999999999831e-01 6.732314599999999594e+00
4.194999999999999840e-01 6.791108699999999665e+00
4.204999999999999849e-01 6.847868700000000253e+00
4.214999999999999858e-01 6.902545800000000398e+00
4.224999999999999867e-01 6.955093100000000028e+00
4.234999999999999876e-01 7.005465899999999912e+00
4.244999999999999885e-01 7.053621899999999556e+00
4.254999999999999893e-01 7.099520700000000240e+00
4.264999999999999902e-01 7.143124600000000157e+00
4.274999999999999911e-01 7.184397899999999559e+00
4.284999999999999920e-01 7.223307700000000331e+00
4.294999999999999929e-01 7.259823199999999588e+00
4.304999999999999938e-01 7.293916199999999961e+00
4.314999999999999947e-01 7.325560900000000153e+00
4.324999999999999956e-01 7.354734200000000222e+00
4.334999999999999964e-01 7.381415099999999896e+00
4.344999999999999973e-01 7.405585699999999605e+00
4.354999999999999982e-01 7.427230100000000057e+00
4.364999999999999991e-01 7.446335300000000323e+00
4.375000000000000000e-01 7.462890599999999708e+00
4.385000000000000009e-01 7.476887999999999757e+00
4.395000000000000018e-01 7.488322000000000145e+00
4.405000000000000027e-01 7.497189399999999893e+00
4.415000000000000036e-01 7.503489799999999654e+00
4.425000000000000044e-01 7.507225000000000037e+00
4.435000000000000053e-01 7.508399400000000057e+00
4.445000000000000062e-01 7.507019900000000412e+00
4.455000000000000071e-01 7.503095499999999696e+00
4.465000000000000080e-01 7.496637699999999960e+00
4.475000000000000089e-01 7.487660400000000216e+00
4.485000000000000098e-01 7.476179799999999709e+00
4.495000000000000107e-01 7.462214099999999739e+00
4.505000000000000115e-01 7.445783900000000344e+00
4.515000000000000124e-01 7.426911800000000063e+00
4.525000000000000133e-01 7.405622700000000336e+00
4.535000000000000142e-01 7.381943299999999653e+00
4.545000000000000151e-01 7.355902500000000011e+00
4.555000000000000160e-01 7.327530900000000180e+00
4.565000000000000169e-01 7.296861299999999773e+00
4.575000000000000178e-01 7.263927899999999660e+00
4.585000000000000187e-01 7.228767099999999779e+00
4.595000000000000195e-01 7.191416600000000159e+00
4.605000000000000204e-01 7.151916100000000220e+00
4.615000000000000213e-01 7.110306600000000365e+00
4.625000000000000222e-01 7.066630700000000154e+00
4.635000000000000231e-01 7.020932400000000406e+00
4.645000000000000240e-01 6.973257300000000214e+00
4.655000000000000249e-01 6.923651900000000303e+00
4.665000000000000258e-01 6.872164299999999670e+00
4.675000000000000266e-01 6.818843700000000396e+00
4.685000000000000275e-01 6.763740300000000261e+00
4.694999999999999729e-01 6.706905299999999848e+00
4.704999999999999738e-01 6.648391199999999834e+00
4.714999999999999747e-01 6.588250999999999635e+00
4.724999999999999756e-01 6.526538799999999974e+00
4.734999999999999765e-01 6.463309299999999702e+00
4.744999999999999774e-01 6.398618100000000197e+00
4.754999999999999782e-01 6.332521200000000405e+00
4.764999999999999791e-01 6.265075500000000019e+00
4.774999999999999800e-01 6.196337899999999621e+00
4.784999999999999809e-01 6.126366199999999651e+00
4.794999999999999818e-01 6.055218400000000223e+00
4.804999999999999827e-01 5.982952799999999627e+00
4.814999999999999836e-01 5.909627799999999986e+00
4.824999999999999845e-01 5.835302099999999825e+00
4.834999999999999853e-01 5.760034700000000285e+00
4.844999999999999862e-01 5.683884299999999890e+00
4.854999999999999871e-01 5.606909800000000388e+00
4.864999999999999880e-01 5.529169999999999696e+00
4.874999999999999889e-01 5.450723400000000218e+00
4.884999999999999898e-01 5.371628600000000198e+00
4.894999999999999907e-01 5.291943700000000028e+00
4.904999999999999916e-01 5.211726600000000431e+00
4.914999999999999925e-01 5.131034800000000118e+00
4.924999999999999933e-01 5.049925299999999950e+00
4.934999999999999942e-01 4.968454900000000229e+00
4.944999999999999951e-01 4.886679499999999621e+00
4.954999999999999960e-01 4.804654600000000109e+00
4.964999999999999969e-01 4.722435199999999611e+00
4.974999999999999978e-01 4.640075399999999739e+00
4.984999999999999987e-01 4.557628600000000141e+00
4.994999999999999996e-01 4.475147599999999670e+00
5.004999999999999449e-01 4.392684299999999986e+00
5.014999999999999458e-01 4.310289499999999663e+00
5.024999999999999467e-01 4.228013500000000313e+00
5.034999999999999476e-01 4.145905400000000185e+00
5.044999999999999485e-01 4.064013300000000051e+00
5.054999999999999494e-01 3.982384399999999935e+00
5.064999999999999503e-01 3.901064799999999888e+00
5.074999999999999512e-01 3.820099599999999818e+00
5.084999999999999520e-01 3.739532500000000148e+00
5.094999999999999529e-01 3.659406399999999948e+00
5.104999999999999538e-01 3.579762800000000134e+00
5.114999999999999547e-01 3.500641900000000195e+00
5.124999999999999556e-01 3.422083100000000044e+00
5.134999999999999565e-01 3.344123999999999874e+00
5.144999999999999574e-01 3.266801300000000019e+00
5.154999999999999583e-01 3.190150299999999994e+00
5.164999999999999591e-01 3.114205000000000112e+00
5.174999999999999600e-01 3.038997900000000030e+00
5.184999999999999609e-01 2.964560500000000154e+00
5.194999999999999618e-01 2.890922600000000120e+00
5.204999999999999627e-01 2.818112800000000195e+00
5.214999999999999636e-01 2.746158400000000110e+00
5.224999999999999645e-01 2.675085199999999830e+00
5.234999999999999654e-01 2.604917799999999950e+00
5.244999999999999662e-01 2.535679000000000016e+00
5.254999999999999671e-01 2.467390799999999995e+00
5.264999999999999680e-01 2.400073299999999854e+00
5.274999999999999689e-01 2.333745599999999865e+00
5.284999999999999698e-01 2.268425300000000089e+00
5.294999999999999707e-01 2.204128499999999935e+00
5.304999999999999716e-01 2.140870200000000168e+00
5.314999999999999725e-01 2.078663800000000172e+00
5.324999999999999734e-01 2.017521599999999804e+00
5.334999999999999742e-01 1.957454500000000097e+00
5.344999999999999751e-01 1.898472099999999996e+00
5.354999999999999760e-01 1.840582699999999905e+00
5.364999999999999769e-01 1.783793399999999973e+00
5.374999999999999778e-01 1.728110000000000035e+00
5.384999999999999787e-01 1.673537199999999947e+00
5.394999999999999796e-01 1.620078300000000082e+00
5.404999999999999805e-01 1.567735600000000007e+00
5.414999999999999813e-01 1.516510299999999978e+00
5.424999999999999822e-01 1.466402399999999995e+00
5.434999999999999831e-01 1.417410700000000023e+00
5.444999999999999840e-01 1.369533300000000065e+00
5.454999999999999849e-01 1.322766899999999968e+00
5.464999999999999858e-01 1.277107400000000004e+00
5.474999999999999867e-01 1.232549700000000081e+00
5.484999999999999876e-01 1.189087800000000028e+00
5.494999999999999885e-01 1.146714800000000034e+00
5.504999999999999893e-01 1.105423000000000044e+00
5.514999999999999902e-01 1.065203799999999923e+00
5.524999999999999911e-01 1.026047699999999896e+00
5.534999999999999920e-01 9.879447000000000090e-01
5.544999999999999929e-01 9.508839999999999515e-01
5.554999999999999938e-01 9.148538999999999977e-01
5.564999999999999947e-01 8.798424999999999718e-01
5.574999999999999956e-01 8.458368000000000553e-01
5.584999999999999964e-01 8.128237000000000378e-01
5.594999999999999973e-01 7.807891000000000137e-01
5.604999999999999982e-01 7.497186999999999601e-01
5.614999999999999991e-01 7.195977999999999541e-01
5.625000000000000000e-01 6.904109999999999969e-01
5.635000000000000009e-01 6.621426999999999730e-01
5.645000000000000018e-01 6.347768000000000299e-01
5.655000000000000027e-01 6.082971000000000350e-01
5.665000000000000036e-01 5.826869000000000076e-01
5.675000000000000044e-01 5.579292999999999614e-01
5.685000000000000053e-01 5.340072999999999626e-01
5.695000000000000062e-01 5.109034000000000075e-01
5.705000000000000071e-01 4.886002999999999874e-01
5.715000000000000080e-01 4.670803000000000038e-01
5.725000000000000089e-01 4.463256999999999919e-01
5.735000000000000098e-01 4.263186999999999949e-01
5.745000000000000107e-01 4.070416000000000034e-01
5.755000000000000115e-01 3.884762999999999966e-01
5.765000000000000124e-01 3.706051000000000206e-01
5.775000000000000133e-01 3.534101000000000048e-01
5.785000000000000142e-01 3.368735999999999953e-01
5.795000000000000151e-01 3.209778999999999827e-01
5.805000000000000160e-01 3.057052000000000103e-01
5.815000000000000169e-01 2.910382000000000247e-01
5.825000000000000178e-01 2.769595000000000251e-01
5.835000000000000187e-01 2.634518000000000137e-01
5.845000000000000195e-01 2.504981000000000013e-01
5.855000000000000204e-01 2.380816000000000043e-01
5.865000000000000213e-01 2.261856999999999895e-01
5.875000000000000222e-01 2.147938000000000069e-01
5.885000000000000231e-01 2.038898000000000099e-01
5.895000000000000240e-01 1.934577000000000102e-01
5.905000000000000249e-01 1.834819000000000033e-01
5.915000000000000258e-01 1.739468999999999876e-01
5.925000000000000266e-01 1.648374999999999979e-01
5.935000000000000275e-01 1.561388999999999971e-01
5.945000000000000284e-01 1.478364000000000067e-01
5.955000000000000293e-01 1.399158000000000068e-01
5.965000000000000302e-01 1.323631999999999864e-01
5.975000000000000311e-01 1.251647999999999927e-01
5.985000000000000320e-01 1.183072000000000012e-01
5.995000000000000329e-01 1.117775000000000019e-01
6.005000000000000338e-01 1.055629000000000012e-01
6.015000000000000346e-01 9.965100000000000346e-02
6.025000000000000355e-01 9.402969999999999384e-02
6.035000000000000364e-01 8.868729999999999669e-02
6.045000000000000373e-01 8.361240000000000339e-02
6.055000000000000382e-01 7.879390000000000005e-02
6.065000000000000391e-01 7.422090000000000631e-02
6.075000000000000400e-01 6.988310000000000355e-02
6.085000000000000409e-01 6.577030000000000376e-02
6.095000000000000417e-01 6.187270000000000270e-02
6.105000000000000426e-01 5.818079999999999780e-02
6.115000000000000435e-01 5.468540000000000206e-02
6.125000000000000444e-01 5.137749999999999956e-02
6.135000000000000453e-01 4.824880000000000141e-02
6.145000000000000462e-01 4.529070000000000318e-02
6.155000000000000471e-01 4.249549999999999855e-02
6.165000000000000480e-01 3.985530000000000322e-02
6.175000000000000488e-01 3.736280000000000157e-02
6.185000000000000497e-01 3.501080000000000164e-02
6.195000000000000506e-01 3.279239999999999933e-02
6.205000000000000515e-01 3.070120000000000141e-02
6.215000000000000524e-01 2.873059999999999850e-02
6.225000000000000533e-01 2.687470000000000137e-02
6.235000000000000542e-01 2.512759999999999994e-02
6.245000000000000551e-01 2.348369999999999971e-02
6.254999999999999449e-01 2.193760000000000154e-02
6.264999999999999458e-01 2.048430000000000042e-02
6.274999999999999467e-01 1.911879999999999830e-02
6.284999999999999476e-01 1.783639999999999878e-02
6.294999999999999485e-01 1.663270000000000026e-02
6.304999999999999494e-01 1.550329999999999937e-02
6.314999999999999503e-01 1.444409999999999965e-02
6.324999999999999512e-01 1.345140000000000051e-02
6.334999999999999520e-01 1.252130000000000083e-02
6.344999999999999529e-01 1.165030000000000059e-02
6.354999999999999538e-01 1.083510000000000029e-02
6.364999999999999547e-01 1.007240000000000045e-02
6.374999999999999556e-01 9.359299999999999217e-03
6.384999999999999565e-01 8.692699999999999386e-03
6.394999999999999574e-01 8.070000000000000784e-03
6.404999999999999583e-01 7.488500000000000364e-03
6.414999999999999591e-01 6.945899999999999644e-03
6.424999999999999600e-01 6.439600000000000185e-03
6.434999999999999609e-01 5.967599999999999988e-03
6.444999999999999618e-01 5.527699999999999975e-03
6.454999999999999627e-01 5.118000000000000153e-03
6.464999999999999636e-01 4.736399999999999985e-03
6.474999999999999645e-01 4.381399999999999705e-03
6.484999999999999654e-01 4.051100000000000187e-03
6.494999999999999662e-01 3.743999999999999932e-03
6.504999999999999671e-01 3.458699999999999882e-03
6.514999999999999680e-01 3.193699999999999838e-03
6.524999999999999689e-01 2.947599999999999873e-03
6.534999999999999698e-01 2.719300000000000016e-03
6.544999999999999707e-01 2.507500000000000180e-03
6.554999999999999716e-01 2.311099999999999960e-03
6.564999999999999725e-01 2.129199999999999929e-03
6.574999999999999734e-01 1.960700000000000116e-03
6.584999999999999742e-01 1.804800000000000067e-03
6.594999999999999751e-01 1.660400000000000027e-03
6.604999999999999760e-01 1.526999999999999929e-03
6.614999999999999769e-01 1.403600000000000073e-03
6.624999999999999778e-01 1.289599999999999904e-03
6.634999999999999787e-01 1.184299999999999893e-03
6.644999999999999796e-01 1.087099999999999915e-03
6.654999999999999805e-01 9.974000000000000660e-04
6.664999999999999813e-01 9.148000000000000098e-04
6.674999999999999822e-01 8.386000000000000008e-04
6.684999999999999831e-01 7.682999999999999725e-04
6.694999999999999840e-01 7.037000000000000286e-04
6.704999999999999849e-01 6.442000000000000460e-04
6.714999999999999858e-01 5.894000000000000150e-04
6.724999999999999867e-01 5.391000000000000392e-04
6.734999999999999876e-01 4.928000000000000522e-04
6.744999999999999885e-01 4.502999999999999950e-04
6.754999999999999893e-01 4.113000000000000228e-04
6.764999999999999902e-01 3.755000000000000200e-04
6.774999999999999911e-01 3.425999999999999792e-04
6.784999999999999920e-01 3.125000000000000065e-04
6.794999999999999929e-01 2.848999999999999862e-04
6.804999999999999938e-01 2.596000000000000217e-04
6.814999999999999947e-01 2.365000000000000023e-04
6.824999999999999956e-01 2.153000000000000020e-04
6.834999999999999964e-01 1.958999999999999912e-04
6.844999999999999973e-01 1.781999999999999947e-04
6.854999999999999982e-01 1.620000000000000075e-04
6.864999999999999991e-01 1.472000000000000001e-04
6.875000000000000000e-01 1.336999999999999972e-04
6.885000000000000009e-01 1.213999999999999964e-04
6.895000000000000018e-01 1.101999999999999952e-04
6.905000000000000027e-01 9.990000000000000236e-05
6.915000000000000036e-01 9.060000000000000670e-05
6.925000000000000044e-01 8.210000000000000338e-05
6.935000000000000053e-01 7.440000000000000595e-05
6.945000000000000062e-01 6.729999999999999600e-05
6.955000000000000071e-01 6.090000000000000307e-05
6.965000000000000080e-01 5.509999999999999761e-05
6.975000000000000089e-01 4.979999999999999753e-05
6.985000000000000098e-01 4.500000000000000283e-05
6.995000000000000107e-01 4.069999999999999996e-05
7.005000000000000115e-01 3.669999999999999760e-05
7.015000000000000124e-01 3.320000000000000062e-05
7.025000000000000133e-01 2.989999999999999833e-05
7.035000000000000142e-01 2.699999999999999899e-05
7.045000000000000151e-01 2.430000000000000112e-05
7.055000000000000160e-01 2.190000000000000039e-05
7.065000000000000169e-01 1.970000000000000112e-05
7.075000000000000178e-01 1.769999999999999994e-05
7.085000000000000187e-01 1.599999999999999928e-05
7.095000000000000195e-01 1.430000000000000031e-05
7.105000000000000204e-01 1.290000000000000016e-05
7.115000000000000213e-01 1.160000000000000075e-05
7.125000000000000222e-01 1.040000000000000038e-05
7.135000000000000231e-01 9.300000000000000744e-06
7.145000000000000240e-01 8.399999999999999196e-06
7.155000000000000249e-01 7.500000000000000190e-06
7.165000000000000258e-01 6.700000000000000226e-06
7.175000000000000266e-01 6.000000000000000152e-06
7.185000000000000275e-01 5.399999999999999967e-06
7.195000000000000284e-01 4.799999999999999783e-06
7.205000000000000293e-01 4.300000000000000335e-06
7.215000000000000302e-01 3.899999999999999929e-06
7.225000000000000311e-01 3.499999999999999947e-06
7.235000000000000320e-01 3.099999999999999966e-06
7.245000000000000329e-01 2.799999999999999873e-06
7.255000000000000338e-01 2.500000000000000205e-06
7.265000000000000346e-01 2.200000000000000112e-06
7.275000000000000355e-01 1.999999999999999909e-06
7.285000000000000364e-01 1.700000000000000029e-06
7.295000000000000373e-01 1.599999999999999928e-06
7.305000000000000382e-01 1.399999999999999937e-06
7.315000000000000391e-01 1.199999999999999946e-06
7.325000000000000400e-01 1.100000000000000056e-06
7.335000000000000409e-01 9.999999999999999547e-07
7.345000000000000417e-01 8.999999999999999593e-07
7.355000000000000426e-01 7.999999999999999638e-07
7.365000000000000435e-01 6.999999999999999683e-07
7.375000000000000444e-01 5.999999999999999728e-07
7.385000000000000453e-01 4.999999999999999774e-07
7.395000000000000462e-01 4.999999999999999774e-07
7.405000000000000471e-01 3.999999999999999819e-07
7.415000000000000480e-01 3.999999999999999819e-07
7.425000000000000488e-01 2.999999999999999864e-07
7.435000000000000497e-01 2.999999999999999864e-07
7.445000000000000506e-01 2.999999999999999864e-07
7.455000000000000515e-01 1.999999999999999909e-07
7.465000000000000524e-01 1.999999999999999909e-07
7.475000000000000533e-01 1.999999999999999909e-07
7.485000000000000542e-01 1.999999999999999909e-07
7.495000000000000551e-01 9.999999999999999547e-08
7.504999999999999449e-01 9.999999999999999547e-08
7.514999999999999458e-01 9.999999999999999547e-08
7.524999999999999467e-01 9.999999999999999547e-08
7.534999999999999476e-01 9.999999999999999547e-08
7.544999999999999485e-01 9.999999999999999547e-08
7.554999999999999494e-01 9.999999999999999547e-08
7.564999999999999503e-01 9.999999999999999547e-08
7.574999999999999512e-01 9.999999999999999547e-08
7.584999999999999520e-01 0.000000000000000000e+00
7.594999999999999529e-01 0.000000000000000000e+00
7.604999999999999538e-01 0.000000000000000000e+00
7.614999999999999547e-01 0.000000000000000000e+00
7.624999999999999556e-01 0.000000000000000000e+00
7.634999999999999565e-01 0.000000000000000000e+00
7.644999999999999574e-01 0.000000000000000000e+00
7.654999999999999583e-01 0.000000000000000000e+00
7.664999999999999591e-01 0.000000000000000000e+00
7.674999999999999600e-01 0.000000000000000000e+00
7.684999999999999609e-01 0.000000000000000000e+00
7.694999999999999618e-01 0.000000000000000000e+00
7.704999999999999627e-01 0.000000000000000000e+00
7.714999999999999636e-01 0.000000000000000000e+00
7.724999999999999645e-01 0.000000000000000000e+00
7.734999999999999654e-01 0.000000000000000000e+00
7.744999999999999662e-01 0.000000000000000000e+00
7.754999999999999671e-01 0.000000000000000000e+00
7.764999999999999680e-01 0.000000000000000000e+00
7.774999999999999689e-01 0.000000000000000000e+00
7.784999999999999698e-01 0.000000000000000000e+00
7.794999999999999707e-01 0.000000000000000000e+00
7.804999999999999716e-01 0.000000000000000000e+00
7.814999999999999725e-01 0.000000000000000000e+00
7.824999999999999734e-01 0.000000000000000000e+00
7.834999999999999742e-01 0.000000000000000000e+00
7.844999999999999751e-01 0.000000000000000000e+00
7.854999999999999760e-01 0.000000000000000000e+00
7.864999999999999769e-01 0.000000000000000000e+00
7.874999999999999778e-01 0.000000000000000000e+00
7.884999999999999787e-01 0.000000000000000000e+00
7.894999999999999796e-01 0.000000000000000000e+00
7.904999999999999805e-01 0.000000000000000000e+00
7.914999999999999813e-01 0.000000000000000000e+00
7.924999999999999822e-01 0.000000000000000000e+00
7.934999999999999831e-01 0.000000000000000000e+00
7.944999999999999840e-01 0.000000000000000000e+00
7.954999999999999849e-01 0.000000000000000000e+00
7.964999999999999858e-01 0.000000000000000000e+00
7.974999999999999867e-01 0.000000000000000000e+00
7.984999999999999876e-01 0.000000000000000000e+00
7.994999999999999885e-01 0.000000000000000000e+00
8.004999999999999893e-01 0.000000000000000000e+00
8.014999999999999902e-01 0.000000000000000000e+00
8.024999999999999911e-01 0.000000000000000000e+00
8.034999999999999920e-01 0.000000000000000000e+00
8.044999999999999929e-01 0.000000000000000000e+00
8.054999999999999938e-01 0.000000000000000000e+00
8.064999999999999947e-01 0.000000000000000000e+00
8.074999999999999956e-01 0.000000000000000000e+00
8.084999999999999964e-01 0.000000000000000000e+00
8.094999999999999973e-01 0.000000000000000000e+00
8.104999999999999982e-01 0.000000000000000000e+00
8.114999999999999991e-01 0.000000000000000000e+00
8.125000000000000000e-01 0.000000000000000000e+00
8.135000000000000009e-01 0.000000000000000000e+00
8.145000000000000018e-01 0.000000000000000000e+00
8.155000000000000027e-01 0.000000000000000000e+00
8.165000000000000036e-01 0.000000000000000000e+00
8.175000000000000044e-01 0.000000000000000000e+00
8.185000000000000053e-01 0.000000000000000000e+00
8.195000000000000062e-01 0.000000000000000000e+00
8.205000000000000071e-01 0.000000000000000000e+00
8.215000000000000080e-01 0.000000000000000000e+00
8.225000000000000089e-01 0.000000000000000000e+00
8.235000000000000098e-01 0.000000000000000000e+00
8.245000000000000107e-01 0.000000000000000000e+00
8.255000000000000115e-01 0.000000000000000000e+00
8.265000000000000124e-01 0.000000000000000000e+00
8.275000000000000133e-01 0.000000000000000000e+00
8.285000000000000142e-01 0.000000000000000000e+00
8.295000000000000151e-01 0.000000000000000000e+00
8.305000000000000160e-01 0.000000000000000000e+00
8.315000000000000169e-01 0.000000000000000000e+00
8.325000000000000178e-01 0.000000000000000000e+00
8.335000000000000187e-01 0.000000000000000000e+00
8.345000000000000195e-01 0.000000000000000000e+00
8.355000000000000204e-01 0.000000000000000000e+00
8.365000000000000213e-01 0.000000000000000000e+00
8.375000000000000222e-01 0.000000000000000000e+00
8.385000000000000231e-01 0.000000000000000000e+00
8.395000000000000240e-01 0.000000000000000000e+00
8.405000000000000249e-01 0.000000000000000000e+00
8.415000000000000258e-01 0.000000000000000000e+00
8.425000000000000266e-01 0.000000000000000000e+00
8.435000000000000275e-01 0.000000000000000000e+00
8.445000000000000284e-01 0.000000000000000000e+00
8.455000000000000293e-01 0.000000000000000000e+00
8.465000000000000302e-01 0.000000000000000000e+00
8.475000000000000311e-01 0.000000000000000000e+00
8.485000000000000320e-01 0.000000000000000000e+00
8.495000000000000329e-01 0.000000000000000000e+00
8.505000000000000338e-01 0.000000000000000000e+00
8.515000000000000346e-01 0.000000000000000000e+00
8.525000000000000355e-01 0.000000000000000000e+00
8.535000000000000364e-01 0.000000000000000000e+00
8.545000000000000373e-01 0.000000000000000000e+00
8.555000000000000382e-01 0.000000000000000000e+00
8.565000000000000391e-01 0.000000000000000000e+00
8.575000000000000400e-01 0.000000000000000000e+00
8.585000000000000409e-01 0.000000000000000000e+00
8.595000000000000417e-01 0.000000000000000000e+00
8.605000000000000426e-01 0.000000000000000000e+00
8.615000000000000435e-01 0.000000000000000000e+00
8.625000000000000444e-01 0.000000000000000000e+00
8.635000000000000453e-01 0.000000000000000000e+00
8.645000000000000462e-01 0.000000000000000000e+00
8.655000000000000471e-01 0.000000000000000000e+00
8.665000000000000480e-01 0.000000000000000000e+00
8.675000000000000488e-01 0.000000000000000000e+00
8.685000000000000497e-01 0.000000000000000000e+00
8.695000000000000506e-01 0.000000000000000000e+00
8.705000000000000515e-01 0.000000000000000000e+00
8.715000000000000524e-01 0.000000000000000000e+00
8.725000000000000533e-01 0.000000000000000000e+00
8.735000000000000542e-01 0.000000000000000000e+00
8.745000000000000551e-01 0.000000000000000000e+00
8.754999999999999449e-01 0.000000000000000000e+00
8.764999999999999458e-01 0.000000000000000000e+00
8.774999999999999467e-01 0.000000000000000000e+00
8.784999999999999476e-01 0.000000000000000000e+00
8.794999999999999485e-01 0.000000000000000000e+00
8.804999999999999494e-01 0.000000000000000000e+00
8.814999999999999503e-01 0.000000000000000000e+00
8.824999999999999512e-01 0.000000000000000000e+00
8.834999999999999520e-01 0.000000000000000000e+00
8.844999999999999529e-01 0.000000000000000000e+00
8.854999999999999538e-01 0.000000000000000000e+00
8.864999999999999547e-01 0.000000000000000000e+00
8.874999999999999556e-01 0.000000000000000000e+00
8.884999999999999565e-01 0.000000000000000000e+00
8.894999999999999574e-01 0.000000000000000000e+00
8.904999999999999583e-01 0.000000000000000000e+00
8.914999999999999591e-01 0.000000000000000000e+00
8.924999999999999600e-01 0.000000000000000000e+00
8.934999999999999609e-01 0.000000000000000000e+00
8.944999999999999618e-01 0.000000000000000000e+00
8.954999999999999627e-01 0.000000000000000000e+00
8.964999999999999636e-01 0.000000000000000000e+00
8.974999999999999645e-01 0.000000000000000000e+00
8.984999999999999654e-01 0.000000000000000000e+00
8.994999999999999662e-01 0.000000000000000000e+00
9.004999999999999671e-01 0.000000000000000000e+00
9.014999999999999680e-01 0.000000000000000000e+00
9.024999999999999689e-01 0.000000000000000000e+00
9.034999999999999698e-01 0.000000000000000000e+00
9.044999999999999707e-01 0.000000000000000000e+00
9.054999999999999716e-01 0.000000000000000000e+00
9.064999999999999725e-01 0.000000000000000000e+00
9.074999999999999734e-01 0.000000000000000000e+00
9.084999999999999742e-01 0.000000000000000000e+00
9.094999999999999751e-01 0.000000000000000000e+00
9.104999999999999760e-01 0.000000000000000000e+00
9.114999999999999769e-01 0.000000000000000000e+00
9.124999999999999778e-01 0.000000000000000000e+00
9.134999999999999787e-01 0.000000000000000000e+00
9.144999999999999796e-01 0.000000000000000000e+00
9.154999999999999805e-01 0.000000000000000000e+00
9.164999999999999813e-01 0.000000000000000000e+00
9.174999999999999822e-01 0.000000000000000000e+00
9.184999999999999831e-01 0.000000000000000000e+00
9.194999999999999840e-01 0.000000000000000000e+00
9.204999999999999849e-01 0.000000000000000000e+00
9.214999999999999858e-01 0.000000000000000000e+00
9.224999999999999867e-01 0.000000000000000000e+00
9.234999999999999876e-01 0.000000000000000000e+00
9.244999999999999885e-01 0.000000000000000000e+00
9.254999999999999893e-01 0.000000000000000000e+00
9.264999999999999902e-01 0.000000000000000000e+00
9.274999999999999911e-01 0.000000000000000000e+00
9.284999999999999920e-01 0.000000000000000000e+00
9.294999999999999929e-01 0.000000000000000000e+00
9.304999999999999938e-01 0.000000000000000000e+00
9.314999999999999947e-01 0.000000000000000000e+00
9.324999999999999956e-01 0.000000000000000000e+00
9.334999999999999964e-01 0.000000000000000000e+00
9.344999999999999973e-01 0.000000000000000000e+00
9.354999999999999982e-01 0.000000000000000000e+00
9.364999999999999991e-01 0.000000000000000000e+00
9.375000000000000000e-01 0.000000000000000000e+00
9.385000000000000009e-01 0.000000000000000000e+00
9.395000000000000018e-01 0.000000000000000000e+00
9.405000000000000027e-01 0.000000000000000000e+00
9.415000000000000036e-01 0.000000000000000000e+00
9.425000000000000044e-01 0.000000000000000000e+00
9.435000000000000053e-01 0.000000000000000000e+00
9.445000000000000062e-01 0.000000000000000000e+00
9.455000000000000071e-01 0.000000000000000000e+00
9.465000000000000080e-01 0.000000000000000000e+00
9.475000000000000089e-01 0.000000000000000000e+00
9.485000000000000098e-01 0.000000000000000000e+00
9.495000000000000107e-01 0.000000000000000000e+00
9.505000000000000115e-01 0.000000000000000000e+00
9.515000000000000124e-01 0.000000000000000000e+00
9.525000000000000133e-01 0.000000000000000000e+00
9.535000000000000142e-01 0.000000000000000000e+00
9.545000000000000151e-01 0.000000000000000000e+00
9.555000000000000160e-01 0.000000000000000000e+00
9.565000000000000169e-01 0.000000000000000000e+00
9.575000000000000178e-01 0.000000000000000000e+00
9.585000000000000187e-01 0.000000000000000000e+00
9.595000000000000195e-01 0.000000000000000000e+00
9.605000000000000204e-01 0.000000000000000000e+00
9.615000000000000213e-01 0.000000000000000000e+00
9.625000000000000222e-01 0.000000000000000000e+00
9.635000000000000231e-01 0.000000000000000000e+00
9.645000000000000240e-01 0.000000000000000000e+00
9.655000000000000249e-01 0.000000000000000000e+00
9.665000000000000258e-01 0.000000000000000000e+00
9.675000000000000266e-01 0.000000000000000000e+00
9.685000000000000275e-01 0.000000000000000000e+00
9.695000000000000284e-01 0.000000000000000000e+00
9.705000000000000293e-01 0.000000000000000000e+00
9.715000000000000302e-01 0.000000000000000000e+00
9.725000000000000311e-01 0.000000000000000000e+00
9.735000000000000320e-01 0.000000000000000000e+00
9.745000000000000329e-01 0.000000000000000000e+00
9.755000000000000338e-01 0.000000000000000000e+00
9.765000000000000346e-01 0.000000000000000000e+00
9.775000000000000355e-01 0.000000000000000000e+00
9.785000000000000364e-01 0.000000000000000000e+00
9.795000000000000373e-01 0.000000000000000000e+00
9.805000000000000382e-01 0.000000000000000000e+00
9.815000000000000391e-01 0.000000000000000000e+00
9.825000000000000400e-01 0.000000000000000000e+00
9.835000000000000409e-01 0.000000000000000000e+00
9.845000000000000417e-01 0.000000000000000000e+00
9.855000000000000426e-01 0.000000000000000000e+00
9.865000000000000435e-01 0.000000000000000000e+00
9.875000000000000444e-01 0.000000000000000000e+00
9.885000000000000453e-01 0.000000000000000000e+00
9.895000000000000462e-01 0.000000000000000000e+00
9.905000000000000471e-01 0.000000000000000000e+00
9.915000000000000480e-01 0.000000000000000000e+00
9.925000000000000488e-01 0.000000000000000000e+00
9.935000000000000497e-01 0.000000000000000000e+00
9.945000000000000506e-01 0.000000000000000000e+00
9.955000000000000515e-01 0.000000000000000000e+00
9.965000000000000524e-01 0.000000000000000000e+00
9.975000000000000533e-01 0.000000000000000000e+00
9.985000000000000542e-01 0.000000000000000000e+00
9.995000000000000551e-01 0.000000000000000000e+00
