5.000000000000000104e-04 2.932749999999999940e-02
1.500000000000000031e-03 2.963440000000000171e-02
2.500000000000000052e-03 2.994549999999999990e-02
3.500000000000000073e-03 3.026070000000000149e-02
4.499999999999999660e-03 3.058019999999999836e-02
5.499999999999999681e-03 3.090410000000000032e-02
6.499999999999999702e-03 3.123240000000000044e-02
7.499999999999999722e-03 3.156520000000000159e-02
8.500000000000000611e-03 3.190250000000000030e-02
9.499999999999999764e-03 3.224459999999999826e-02
1.050000000000000065e-02 3.259129999999999666e-02
1.149999999999999981e-02 3.294289999999999718e-02
1.250000000000000069e-02 3.329929999999999696e-02
1.349999999999999985e-02 3.366070000000000173e-02
1.450000000000000074e-02 3.402720000000000050e-02
1.549999999999999989e-02 3.439880000000000021e-02
1.650000000000000078e-02 3.477569999999999967e-02
1.750000000000000167e-02 3.515780000000000294e-02
1.849999999999999908e-02 3.554539999999999783e-02
1.949999999999999997e-02 3.593849999999999822e-02
2.050000000000000086e-02 3.633720000000000006e-02
2.149999999999999828e-02 3.674159999999999926e-02
2.249999999999999917e-02 3.715179999999999871e-02
2.350000000000000006e-02 3.756790000000000129e-02
2.450000000000000094e-02 3.799000000000000293e-02
2.549999999999999836e-02 3.841819999999999957e-02
2.649999999999999925e-02 3.885260000000000102e-02
2.750000000000000014e-02 3.929339999999999916e-02
2.850000000000000103e-02 3.974060000000000092e-02
2.949999999999999845e-02 4.019430000000000225e-02
3.049999999999999933e-02 4.065470000000000195e-02
3.150000000000000022e-02 4.112199999999999883e-02
3.250000000000000111e-02 4.159609999999999697e-02
3.350000000000000200e-02 4.207729999999999804e-02
3.450000000000000289e-02 4.256569999999999798e-02
3.549999999999999684e-02 4.306129999999999680e-02
3.649999999999999772e-02 4.356440000000000312e-02
3.749999999999999861e-02 4.407500000000000306e-02
3.849999999999999950e-02 4.459339999999999832e-02
3.950000000000000039e-02 4.511960000000000276e-02
4.050000000000000128e-02 4.565380000000000132e-02
4.150000000000000216e-02 4.619619999999999976e-02
4.250000000000000305e-02 4.674679999999999808e-02
4.349999999999999700e-02 4.730589999999999795e-02
4.449999999999999789e-02 4.787360000000000226e-02
4.549999999999999878e-02 4.845010000000000289e-02
4.649999999999999967e-02 4.903550000000000270e-02
4.750000000000000056e-02 4.963000000000000050e-02
4.850000000000000144e-02 5.023380000000000206e-02
4.950000000000000233e-02 5.084700000000000331e-02
5.050000000000000322e-02 5.146989999999999899e-02
5.149999999999999717e-02 5.210250000000000298e-02
5.249999999999999806e-02 5.274519999999999903e-02
5.349999999999999895e-02 5.339809999999999696e-02
5.449999999999999983e-02 5.406140000000000251e-02
5.550000000000000072e-02 5.473519999999999774e-02
5.650000000000000161e-02 5.541990000000000111e-02
5.750000000000000250e-02 5.611560000000000159e-02
5.850000000000000339e-02 5.682249999999999801e-02
5.949999999999999734e-02 5.754089999999999899e-02
6.049999999999999822e-02 5.827100000000000335e-02
6.149999999999999911e-02 5.901290000000000008e-02
6.250000000000000000e-02 5.976700000000000068e-02
6.350000000000000089e-02 6.053349999999999703e-02
6.450000000000000178e-02 6.131260000000000182e-02
6.550000000000000266e-02 6.210460000000000286e-02
6.650000000000000355e-02 6.290980000000000183e-02
6.750000000000000444e-02 6.372840000000000449e-02
6.850000000000000533e-02 6.456059999999999577e-02
6.950000000000000622e-02 6.540690000000000393e-02
7.049999999999999323e-02 6.626730000000000120e-02
7.149999999999999412e-02 6.714230000000000198e-02
7.249999999999999500e-02 6.803220000000000101e-02
7.349999999999999589e-02 6.893720000000000403e-02
7.449999999999999678e-02 6.985760000000000580e-02
7.549999999999999767e-02 7.079390000000000682e-02
7.649999999999999856e-02 7.174619999999999609e-02
7.749999999999999944e-02 7.271500000000000186e-02
7.850000000000000033e-02 7.370060000000000500e-02
7.950000000000000122e-02 7.470330000000000026e-02
8.050000000000000211e-02 7.572360000000000202e-02
8.150000000000000300e-02 7.676170000000000215e-02
8.250000000000000389e-02 7.781810000000000116e-02
8.350000000000000477e-02 7.889309999999999379e-02
8.450000000000000566e-02 7.998719999999999442e-02
8.550000000000000655e-02 8.110069999999999779e-02
8.649999999999999356e-02 8.223419999999999341e-02
8.749999999999999445e-02 8.338790000000000091e-02
8.849999999999999534e-02 8.456239999999999590e-02
8.949999999999999623e-02 8.575810000000000377e-02
9.049999999999999711e-02 8.697549999999999726e-02
9.149999999999999800e-02 8.821500000000000175e-02
9.249999999999999889e-02 8.947720000000000673e-02
9.349999999999999978e-02 9.076249999999999596e-02
9.450000000000000067e-02 9.207150000000000056e-02
9.550000000000000155e-02 9.340460000000000429e-02
9.650000000000000244e-02 9.476249999999999951e-02
9.750000000000000333e-02 9.614570000000000061e-02
9.850000000000000422e-02 9.755469999999999420e-02
9.950000000000000511e-02 9.899009999999999754e-02
1.005000000000000060e-01 1.004526000000000030e-01
1.015000000000000069e-01 1.019428000000000001e-01
1.024999999999999939e-01 1.034612000000000032e-01
1.034999999999999948e-01 1.050085999999999936e-01
1.044999999999999957e-01 1.065856000000000026e-01
1.054999999999999966e-01 1.081928999999999946e-01
1.064999999999999974e-01 1.098312000000000038e-01
1.074999999999999983e-01 1.115011999999999948e-01
1.084999999999999992e-01 1.132037000000000043e-01
1.095000000000000001e-01 1.149395000000000000e-01
1.105000000000000010e-01 1.167091999999999991e-01
1.115000000000000019e-01 1.185138000000000025e-01
1.125000000000000028e-01 1.203540000000000026e-01
1.135000000000000037e-01 1.222306999999999977e-01
1.145000000000000046e-01 1.241447999999999996e-01
1.155000000000000054e-01 1.260971999999999926e-01
1.165000000000000063e-01 1.280888000000000027e-01
1.174999999999999933e-01 1.301206000000000029e-01
1.184999999999999942e-01 1.321933999999999887e-01
1.194999999999999951e-01 1.343084999999999973e-01
1.204999999999999960e-01 1.364666999999999963e-01
1.214999999999999969e-01 1.386690999999999896e-01
1.224999999999999978e-01 1.409168000000000087e-01
1.234999999999999987e-01 1.432111000000000078e-01
1.244999999999999996e-01 1.455529000000000128e-01
1.255000000000000004e-01 1.479435000000000056e-01
1.265000000000000013e-01 1.503841999999999957e-01
1.275000000000000022e-01 1.528761999999999899e-01
1.285000000000000031e-01 1.554206999999999950e-01
1.295000000000000040e-01 1.580191999999999986e-01
1.305000000000000049e-01 1.606730000000000103e-01
1.315000000000000058e-01 1.633834999999999871e-01
1.325000000000000067e-01 1.661521999999999999e-01
1.335000000000000075e-01 1.689806000000000086e-01
1.345000000000000084e-01 1.718702000000000008e-01
1.355000000000000093e-01 1.748226999999999975e-01
1.365000000000000102e-01 1.778395999999999866e-01
1.375000000000000111e-01 1.809225999999999890e-01
1.385000000000000120e-01 1.840736000000000039e-01
1.395000000000000129e-01 1.872941999999999940e-01
1.405000000000000138e-01 1.905863999999999892e-01
1.414999999999999869e-01 1.939520000000000133e-01
1.424999999999999878e-01 1.973930000000000129e-01
1.434999999999999887e-01 2.009114999999999929e-01
1.444999999999999896e-01 2.045095000000000107e-01
1.454999999999999905e-01 2.081891999999999909e-01
1.464999999999999913e-01 2.119527999999999968e-01
1.474999999999999922e-01 2.158025000000000082e-01
1.484999999999999931e-01 2.197407999999999861e-01
1.494999999999999940e-01 2.237700999999999996e-01
1.504999999999999949e-01 2.278929000000000094e-01
1.514999999999999958e-01 2.321118000000000070e-01
1.524999999999999967e-01 2.364294000000000118e-01
1.534999999999999976e-01 2.408484999999999931e-01
1.544999999999999984e-01 2.453720000000000068e-01
1.554999999999999993e-01 2.500028000000000250e-01
1.565000000000000002e-01 2.547440000000000260e-01
1.575000000000000011e-01 2.595986000000000127e-01
1.585000000000000020e-01 2.645698000000000216e-01
1.595000000000000029e-01 2.696611999999999898e-01
1.605000000000000038e-01 2.748760000000000092e-01
1.615000000000000047e-01 2.802178000000000169e-01
1.625000000000000056e-01 2.856903000000000081e-01
1.635000000000000064e-01 2.912973999999999841e-01
1.645000000000000073e-01 2.970427999999999957e-01
1.655000000000000082e-01 3.029308000000000001e-01
1.665000000000000091e-01 3.089652999999999983e-01
1.675000000000000100e-01 3.151509000000000116e-01
1.685000000000000109e-01 3.214918999999999971e-01
1.695000000000000118e-01 3.279929999999999790e-01
1.705000000000000127e-01 3.346588999999999814e-01
1.715000000000000135e-01 3.414945999999999815e-01
1.724999999999999867e-01 3.485051000000000121e-01
1.734999999999999876e-01 3.556957000000000035e-01
1.744999999999999885e-01 3.630720000000000058e-01
1.754999999999999893e-01 3.706394000000000077e-01
1.764999999999999902e-01 3.784039000000000152e-01
1.774999999999999911e-01 3.863713999999999760e-01
1.784999999999999920e-01 3.945482000000000156e-01
1.794999999999999929e-01 4.029406999999999850e-01
1.804999999999999938e-01 4.115556000000000214e-01
1.814999999999999947e-01 4.203996999999999873e-01
1.824999999999999956e-01 4.294802999999999815e-01
1.834999999999999964e-01 4.388045999999999891e-01
1.844999999999999973e-01 4.483804000000000123e-01
1.854999999999999982e-01 4.582153999999999949e-01
1.864999999999999991e-01 4.683178000000000063e-01
1.875000000000000000e-01 4.786961000000000133e-01
1.885000000000000009e-01 4.893590999999999913e-01
1.895000000000000018e-01 5.003157000000000298e-01
1.905000000000000027e-01 5.115754000000000135e-01
1.915000000000000036e-01 5.231476999999999933e-01
1.925000000000000044e-01 5.350428000000000406e-01
1.935000000000000053e-01 5.472709999999999519e-01
1.945000000000000062e-01 5.598429000000000322e-01
1.955000000000000071e-01 5.727697999999999956e-01
1.965000000000000080e-01 5.860630000000000006e-01
1.975000000000000089e-01 5.997344999999999482e-01
1.985000000000000098e-01 6.137964999999999671e-01
1.995000000000000107e-01 6.282617999999999814e-01
2.005000000000000115e-01 6.431436000000000375e-01
2.015000000000000124e-01 6.584552999999999656e-01
2.025000000000000133e-01 6.742112000000000105e-01
2.034999999999999865e-01 6.904257999999999784e-01
2.044999999999999873e-01 7.071140999999999677e-01
2.054999999999999882e-01 7.242916999999999828e-01
2.064999999999999891e-01 7.419748000000000454e-01
2.074999999999999900e-01 7.601799999999999669e-01
2.084999999999999909e-01 7.789245000000000196e-01
2.094999999999999918e-01 7.982261000000000495e-01
2.104999999999999927e-01 8.181032000000000304e-01
2.114999999999999936e-01 8.385747999999999536e-01
2.124999999999999944e-01 8.596605000000000496e-01
2.134999999999999953e-01 8.813807999999999643e-01
2.144999999999999962e-01 9.037562999999999569e-01
2.154999999999999971e-01 9.268089000000000466e-01
2.164999999999999980e-01 9.505607999999999835e-01
2.174999999999999989e-01 9.750351000000000434e-01
2.184999999999999998e-01 1.000255399999999906e+00
2.195000000000000007e-01 1.026246299999999945e+00
2.205000000000000016e-01 1.053033000000000108e+00
2.215000000000000024e-01 1.080641500000000033e+00
2.225000000000000033e-01 1.109098499999999987e+00
2.235000000000000042e-01 1.138431600000000099e+00
2.245000000000000051e-01 1.168669100000000016e+00
2.255000000000000060e-01 1.199840199999999912e+00
2.265000000000000069e-01 1.231974799999999926e+00
2.275000000000000078e-01 1.265103700000000053e+00
2.285000000000000087e-01 1.299258299999999977e+00
2.295000000000000095e-01 1.334470999999999963e+00
2.305000000000000104e-01 1.370774900000000018e+00
2.315000000000000113e-01 1.408203899999999953e+00
2.325000000000000122e-01 1.446792800000000101e+00
2.335000000000000131e-01 1.486576799999999920e+00
2.344999999999999862e-01 1.527592199999999956e+00
2.354999999999999871e-01 1.569875799999999932e+00
2.364999999999999880e-01 1.613464999999999927e+00
2.374999999999999889e-01 1.658398000000000039e+00
2.384999999999999898e-01 1.704713399999999934e+00
2.394999999999999907e-01 1.752450400000000075e+00
2.404999999999999916e-01 1.801648600000000044e+00
2.414999999999999925e-01 1.852348000000000106e+00
2.424999999999999933e-01 1.904588900000000029e+00
2.434999999999999942e-01 1.958411600000000030e+00
2.444999999999999951e-01 2.013856699999999833e+00
2.454999999999999960e-01 2.070964800000000050e+00
2.464999999999999969e-01 2.129776199999999786e+00
2.474999999999999978e-01 2.190330799999999911e+00
2.484999999999999987e-01 2.252668200000000009e+00
2.494999999999999996e-01 2.316827400000000203e+00
2.505000000000000004e-01 2.382846300000000195e+00
2.515000000000000013e-01 2.450762000000000107e+00
2.525000000000000022e-01 2.520610299999999970e+00
2.535000000000000031e-01 2.592425400000000213e+00
2.545000000000000040e-01 2.666239800000000049e+00
2.555000000000000049e-01 2.742083800000000071e+00
2.565000000000000058e-01 2.819985599999999870e+00
2.575000000000000067e-01 2.899970600000000065e+00
2.585000000000000075e-01 2.982061199999999968e+00
2.595000000000000084e-01 3.066276400000000013e+00
2.605000000000000093e-01 3.152631599999999867e+00
2.615000000000000102e-01 3.241137999999999852e+00
2.625000000000000111e-01 3.331802199999999825e+00
2.635000000000000120e-01 3.424626099999999784e+00
2.645000000000000129e-01 3.519606000000000012e+00
2.655000000000000138e-01 3.616732499999999906e+00
2.665000000000000147e-01 3.715989700000000173e+00
2.675000000000000155e-01 3.817355200000000170e+00
2.685000000000000164e-01 3.920799500000000215e+00
2.695000000000000173e-01 4.026284999999999670e+00
2.705000000000000182e-01 4.133766500000000121e+00
2.715000000000000191e-01 4.243189899999999959e+00
2.725000000000000200e-01 4.354492300000000427e+00
2.735000000000000209e-01 4.467601300000000109e+00
2.745000000000000218e-01 4.582434799999999697e+00
2.755000000000000226e-01 4.698900599999999983e+00
2.765000000000000235e-01 4.816895999999999844e+00
2.775000000000000244e-01 4.936307900000000082e+00
2.785000000000000253e-01 5.057012000000000285e+00
2.795000000000000262e-01 5.178873199999999954e+00
2.805000000000000271e-01 5.301745200000000047e+00
2.814999999999999725e-01 5.425470699999999979e+00
2.824999999999999734e-01 5.549881400000000298e+00
2.834999999999999742e-01 5.674798000000000009e+00
2.844999999999999751e-01 5.800030699999999761e+00
2.854999999999999760e-01 5.925379500000000021e+00
2.864999999999999769e-01 6.050634500000000138e+00
2.874999999999999778e-01 6.175576600000000305e+00
2.884999999999999787e-01 6.299978000000000300e+00
2.894999999999999796e-01 6.423603100000000232e+00
2.904999999999999805e-01 6.546209099999999559e+00
2.914999999999999813e-01 6.667547199999999563e+00
2.924999999999999822e-01 6.787363400000000269e+00
2.934999999999999831e-01 6.905399700000000252e+00
2.944999999999999840e-01 7.021395199999999726e+00
2.954999999999999849e-01 7.135087500000000027e+00
2.964999999999999858e-01 7.246213599999999921e+00
2.974999999999999867e-01 7.354511600000000371e+00
2.984999999999999876e-01 7.459722099999999578e+00
2.994999999999999885e-01 7.561589099999999952e+00
3.004999999999999893e-01 7.659861799999999832e+00
3.014999999999999902e-01 7.754295899999999797e+00
3.024999999999999911e-01 7.844654700000000425e+00
3.034999999999999920e-01 7.930710399999999716e+00
3.044999999999999929e-01 8.012245800000000528e+00
3.054999999999999938e-01 8.089054799999999545e+00
3.064999999999999947e-01 8.160944000000000642e+00
3.074999999999999956e-01 8.227733499999999367e+00
3.084999999999999964e-01 8.289257599999999115e+00
3.094999999999999973e-01 8.345365899999999115e+00
3.104999999999999982e-01 8.395924000000000831e+00
3.114999999999999991e-01 8.440813900000000203e+00
3.125000000000000000e-01 8.479934200000000644e+00
3.135000000000000009e-01 8.513201199999999247e+00
3.145000000000000018e-01 8.540548400000000484e+00
3.155000000000000027e-01 8.561926700000000778e+00
3.165000000000000036e-01 8.577304899999999677e+00
3.175000000000000044e-01 8.586668899999999383e+00
3.185000000000000053e-01 8.590021999999999380e+00
3.195000000000000062e-01 8.587384200000000689e+00
3.205000000000000071e-01 8.578792200000000534e+00
3.215000000000000080e-01 8.564298600000000761e+00
3.225000000000000089e-01 8.543971300000000824e+00
3.235000000000000098e-01 8.517893400000000170e+00
3.245000000000000107e-01 8.486161799999999644e+00
3.255000000000000115e-01 8.448887100000000316e+00
3.265000000000000124e-01 8.406192600000000681e+00
3.275000000000000133e-01 8.358213299999999180e+00
3.285000000000000142e-01 8.305095500000000186e+00
3.295000000000000151e-01 8.246995899999999935e+00
3.305000000000000160e-01 8.184080399999999145e+00
3.315000000000000169e-01 8.116523600000000727e+00
3.325000000000000178e-01 8.044508000000000436e+00
3.335000000000000187e-01 7.968222899999999775e+00
3.345000000000000195e-01 7.887863600000000197e+00
3.355000000000000204e-01 7.803631000000000206e+00
3.365000000000000213e-01 7.715730200000000316e+00
3.375000000000000222e-01 7.624369899999999589e+00
3.385000000000000231e-01 7.529761899999999564e+00
3.395000000000000240e-01 7.432120000000000282e+00
3.405000000000000249e-01 7.331659400000000382e+00
3.415000000000000258e-01 7.228595900000000185e+00
3.425000000000000266e-01 7.123145400000000294e+00
3.435000000000000275e-01 7.015522800000000281e+00
3.444999999999999729e-01 6.905941799999999908e+00
3.454999999999999738e-01 6.794614199999999826e+00
3.464999999999999747e-01 6.681748999999999938e+00
3.474999999999999756e-01 6.567552000000000056e+00
3.484999999999999765e-01 6.452225399999999667e+00
3.494999999999999774e-01 6.335967199999999799e+00
3.504999999999999782e-01 6.218970399999999898e+00
3.514999999999999791e-01 6.101423200000000158e+00
3.524999999999999800e-01 5.983507900000000213e+00
3.534999999999999809e-01 5.865400900000000028e+00
3.544999999999999818e-01 5.747272399999999948e+00
3.554999999999999827e-01 5.629285999999999568e+00
3.564999999999999836e-01 5.511598099999999611e+00
3.574999999999999845e-01 5.394358399999999776e+00
3.584999999999999853e-01 5.277708900000000369e+00
3.594999999999999862e-01 5.161784500000000442e+00
3.604999999999999871e-01 5.046712199999999982e+00
3.614999999999999880e-01 4.932611600000000429e+00
3.624999999999999889e-01 4.819594500000000004e+00
3.634999999999999898e-01 4.707764899999999919e+00
3.644999999999999907e-01 4.597219299999999897e+00
3.654999999999999916e-01 4.488046500000000272e+00
3.664999999999999925e-01 4.380328000000000443e+00
3.674999999999999933e-01 4.274137699999999818e+00
3.684999999999999942e-01 4.169542299999999813e+00
3.694999999999999951e-01 4.066601699999999653e+00
3.704999999999999960e-01 3.965368699999999968e+00
3.714999999999999969e-01 3.865889600000000037e+00
3.724999999999999978e-01 3.768204400000000120e+00
3.734999999999999987e-01 3.672346899999999970e+00
3.744999999999999996e-01 3.578345099999999945e+00
3.755000000000000004e-01 3.486221399999999804e+00
3.765000000000000013e-01 3.395992899999999981e+00
3.775000000000000022e-01 3.307671700000000214e+00
3.785000000000000031e-01 3.221265300000000220e+00
3.795000000000000040e-01 3.136776499999999857e+00
3.805000000000000049e-01 3.054204400000000152e+00
3.815000000000000058e-01 2.973543999999999965e+00
3.825000000000000067e-01 2.894786700000000046e+00
3.835000000000000075e-01 2.817920700000000167e+00
3.845000000000000084e-01 2.742931200000000125e+00
3.855000000000000093e-01 2.669800799999999974e+00
3.865000000000000102e-01 2.598509299999999911e+00
3.875000000000000111e-01 2.529034499999999852e+00
3.885000000000000120e-01 2.461352100000000043e+00
3.895000000000000129e-01 2.395436000000000121e+00
3.905000000000000138e-01 2.331258500000000122e+00
3.915000000000000147e-01 2.268790699999999827e+00
3.925000000000000155e-01 2.208002200000000137e+00
3.935000000000000164e-01 2.148861800000000155e+00
3.945000000000000173e-01 2.091337400000000013e+00
3.955000000000000182e-01 2.035396200000000100e+00
3.965000000000000191e-01 1.981004900000000069e+00
3.975000000000000200e-01 1.928129699999999946e+00
3.985000000000000209e-01 1.876736500000000030e+00
3.995000000000000218e-01 1.826791199999999948e+00
4.005000000000000226e-01 1.778259299999999987e+00
4.015000000000000235e-01 1.731106599999999940e+00
4.025000000000000244e-01 1.685298799999999986e+00
4.035000000000000253e-01 1.640802000000000094e+00
4.045000000000000262e-01 1.597582400000000069e+00
4.055000000000000271e-01 1.555606499999999892e+00
4.064999999999999725e-01 1.514841300000000057e+00
4.074999999999999734e-01 1.475254000000000065e+00
4.084999999999999742e-01 1.436812500000000048e+00
4.094999999999999751e-01 1.399485000000000090e+00
4.104999999999999760e-01 1.363240400000000019e+00
4.114999999999999769e-01 1.328047999999999895e+00
4.124999999999999778e-01 1.293877799999999967e+00
4.134999999999999787e-01 1.260700300000000107e+00
4.144999999999999796e-01 1.228486900000000048e+00
4.154999999999999805e-01 1.197209100000000026e+00
4.164999999999999813e-01 1.166839600000000088e+00
4.174999999999999822e-01 1.137351400000000012e+00
4.184999999999999831e-01 1.108718199999999987e+00
4.194999999999999840e-01 1.080914500000000000e+00
4.204999999999999849e-01 1.053915399999999947e+00
4.214999999999999858e-01 1.027696399999999954e+00
4.224999999999999867e-01 1.002234000000000069e+00
4.234999999999999876e-01 9.775051999999999630e-01
4.244999999999999885e-01 9.534875999999999907e-01
4.254999999999999893e-01 9.301593000000000222e-01
4.264999999999999902e-01 9.074993999999999561e-01
4.274999999999999911e-01 8.854872999999999772e-01
4.284999999999999920e-01 8.641029000000000071e-01
4.294999999999999929e-01 8.433270999999999962e-01
4.304999999999999938e-01 8.231410000000000116e-01
4.314999999999999947e-01 8.035265000000000324e-01
4.324999999999999956e-01 7.844657999999999909e-01
4.334999999999999964e-01 7.659418000000000060e-01
4.344999999999999973e-01 7.479379999999999917e-01
4.354999999999999982e-01 7.304382999999999848e-01
4.364999999999999991e-01 7.134272000000000391e-01
4.375000000000000000e-01 6.968893999999999922e-01
4.385000000000000009e-01 6.808104000000000378e-01
4.395000000000000018e-01 6.651761000000000479e-01
4.405000000000000027e-01 6.499728000000000172e-01
4.415000000000000036e-01 6.351871000000000045e-01
4.425000000000000044e-01 6.208061999999999747e-01
4.435000000000000053e-01 6.068177999999999628e-01
4.445000000000000062e-01 5.932096999999999509e-01
4.455000000000000071e-01 5.799703000000000497e-01
4.465000000000000080e-01 5.670884000000000480e-01
4.475000000000000089e-01 5.545529000000000153e-01
4.485000000000000098e-01 5.423535000000000439e-01
4.495000000000000107e-01 5.304799000000000042e-01
4.505000000000000115e-01 5.189221000000000528e-01
4.515000000000000124e-01 5.076705999999999719e-01
4.525000000000000133e-01 4.967161999999999966e-01
4.535000000000000142e-01 4.860498999999999792e-01
4.545000000000000151e-01 4.756631000000000054e-01
4.555000000000000160e-01 4.655474000000000001e-01
4.565000000000000169e-01 4.556946000000000052e-01
4.575000000000000178e-01 4.460969000000000184e-01
4.585000000000000187e-01 4.367467999999999906e-01
4.595000000000000195e-01 4.276368999999999865e-01
4.605000000000000204e-01 4.187600000000000211e-01
4.615000000000000213e-01 4.101094000000000128e-01
4.625000000000000222e-01 4.016782999999999881e-01
4.635000000000000231e-01 3.934603999999999879e-01
4.645000000000000240e-01 3.854492999999999947e-01
4.655000000000000249e-01 3.776390000000000025e-01
4.665000000000000258e-01 3.700238000000000138e-01
4.675000000000000266e-01 3.625979999999999759e-01
4.685000000000000275e-01 3.553560000000000052e-01
4.694999999999999729e-01 3.482927000000000106e-01
4.704999999999999738e-01 3.414028000000000063e-01
4.714999999999999747e-01 3.346814000000000178e-01
4.724999999999999756e-01 3.281238000000000210e-01
4.734999999999999765e-01 3.217251999999999890e-01
4.744999999999999774e-01 3.154812000000000172e-01
4.754999999999999782e-01 3.093873999999999791e-01
4.764999999999999791e-01 3.034394999999999731e-01
4.774999999999999800e-01 2.976334999999999953e-01
4.784999999999999809e-01 2.919654999999999889e-01
4.794999999999999818e-01 2.864315000000000055e-01
4.804999999999999827e-01 2.810278999999999971e-01
4.814999999999999836e-01 2.757511000000000267e-01
4.824999999999999845e-01 2.705974999999999908e-01
4.834999999999999853e-01 2.655638000000000165e-01
4.844999999999999862e-01 2.606467000000000089e-01
4.854999999999999871e-01 2.558429999999999871e-01
4.864999999999999880e-01 2.511496999999999757e-01
4.874999999999999889e-01 2.465637999999999996e-01
4.884999999999999898e-01 2.420823000000000003e-01
4.894999999999999907e-01 2.377025000000000110e-01
4.904999999999999916e-01 2.334216000000000069e-01
4.914999999999999925e-01 2.292370999999999992e-01
4.924999999999999933e-01 2.251462999999999937e-01
4.934999999999999942e-01 2.211467000000000016e-01
4.944999999999999951e-01 2.172360999999999875e-01
4.954999999999999960e-01 2.134118999999999877e-01
4.964999999999999969e-01 2.096719999999999973e-01
4.974999999999999978e-01 2.060142000000000084e-01
4.984999999999999987e-01 2.024363000000000135e-01
4.994999999999999996e-01 1.989362000000000075e-01
5.004999999999999449e-01 1.955120999999999942e-01
5.014999999999999458e-01 1.921617999999999937e-01
5.024999999999999467e-01 1.888835000000000097e-01
5.034999999999999476e-01 1.856753999999999905e-01
5.044999999999999485e-01 1.825356999999999952e-01
5.054999999999999494e-01 1.794627000000000028e-01
5.064999999999999503e-01 1.764545999999999892e-01
5.074999999999999512e-01 1.735098999999999947e-01
5.084999999999999520e-01 1.706268999999999980e-01
5.094999999999999529e-01 1.678041999999999867e-01
5.104999999999999538e-01 1.650401999999999980e-01
5.114999999999999547e-01 1.623333999999999888e-01
5.124999999999999556e-01 1.596825000000000050e-01
5.134999999999999565e-01 1.570861000000000063e-01
5.144999999999999574e-01 1.545428000000000079e-01
5.154999999999999583e-01 1.520514000000000032e-01
5.164999999999999591e-01 1.496106000000000102e-01
5.174999999999999600e-01 1.472190999999999916e-01
5.184999999999999609e-01 1.448757999999999990e-01
5.194999999999999618e-01 1.425796000000000008e-01
5.204999999999999627e-01 1.403291999999999873e-01
5.214999999999999636e-01 1.381236000000000130e-01
5.224999999999999645e-01 1.359617999999999938e-01
5.234999999999999654e-01 1.338426000000000060e-01
5.244999999999999662e-01 1.317650999999999961e-01
5.254999999999999671e-01 1.297283999999999937e-01
5.264999999999999680e-01 1.277313999999999949e-01
5.274999999999999689e-01 1.257732000000000017e-01
5.284999999999999698e-01 1.238529000000000019e-01
5.294999999999999707e-01 1.219697000000000003e-01
5.304999999999999716e-01 1.201226999999999989e-01
5.314999999999999725e-01 1.183109999999999995e-01
5.324999999999999734e-01 1.165338999999999958e-01
5.334999999999999742e-01 1.147905000000000036e-01
5.344999999999999751e-01 1.130801000000000028e-01
5.354999999999999760e-01 1.114018999999999981e-01
5.364999999999999769e-01 1.097553000000000001e-01
5.374999999999999778e-01 1.081394999999999995e-01
5.384999999999999787e-01 1.065538000000000041e-01
5.394999999999999796e-01 1.049974999999999936e-01
5.404999999999999805e-01 1.034700000000000064e-01
5.414999999999999813e-01 1.019705999999999946e-01
5.424999999999999822e-01 1.004987999999999992e-01
5.434999999999999831e-01 9.905390000000000028e-02
5.444999999999999840e-01 9.763529999999999431e-02
5.454999999999999849e-01 9.624240000000000572e-02
5.464999999999999858e-01 9.487470000000000625e-02
5.474999999999999867e-01 9.353169999999999540e-02
5.484999999999999876e-01 9.221279999999999755e-02
5.494999999999999885e-01 9.091749999999999832e-02
5.504999999999999893e-01 8.964519999999999433e-02
5.514999999999999902e-01 8.839560000000000473e-02
5.524999999999999911e-01 8.716799999999999549e-02
5.534999999999999920e-01 8.596209999999999962e-02
5.544999999999999929e-01 8.477729999999999988e-02
5.554999999999999938e-01 8.361330000000000151e-02
5.564999999999999947e-01 8.246960000000000401e-02
5.574999999999999956e-01 8.134570000000000689e-02
5.584999999999999964e-01 8.024130000000000151e-02
5.594999999999999973e-01 7.915590000000000126e-02
5.604999999999999982e-01 7.808919999999999750e-02
5.614999999999999991e-01 7.704070000000000362e-02
5.625000000000000000e-01 7.601009999999999711e-02
5.635000000000000009e-01 7.499709999999999710e-02
5.645000000000000018e-01 7.400120000000000309e-02
5.655000000000000027e-01 7.302210000000000645e-02
5.665000000000000036e-01 7.205949999999999855e-02
5.675000000000000044e-01 7.111299999999999566e-02
5.685000000000000053e-01 7.018230000000000302e-02
5.695000000000000062e-01 6.926720000000000099e-02
5.705000000000000071e-01 6.836720000000000297e-02
5.715000000000000080e-01 6.748200000000000032e-02
5.725000000000000089e-01 6.661150000000000404e-02
5.735000000000000098e-01 6.575519999999999976e-02
5.745000000000000107e-01 6.491299999999999848e-02
5.755000000000000115e-01 6.408450000000000257e-02
5.765000000000000124e-01 6.326940000000000341e-02
5.775000000000000133e-01 6.246750000000000219e-02
5.785000000000000142e-01 6.167860000000000009e-02
5.795000000000000151e-01 6.090240000000000237e-02
5.805000000000000160e-01 6.013860000000000039e-02
5.815000000000000169e-01 5.938700000000000229e-02
5.825000000000000178e-01 5.864740000000000231e-02
5.835000000000000187e-01 5.791949999999999876e-02
5.845000000000000195e-01 5.720309999999999978e-02
5.855000000000000204e-01 5.649799999999999961e-02
5.865000000000000213e-01 5.580399999999999944e-02
5.875000000000000222e-01 5.512079999999999758e-02
5.885000000000000231e-01 5.444829999999999809e-02
5.895000000000000240e-01 5.378619999999999929e-02
5.905000000000000249e-01 5.313450000000000117e-02
5.915000000000000258e-01 5.249279999999999918e-02
5.925000000000000266e-01 5.186090000000000144e-02
5.935000000000000275e-01 5.123880000000000101e-02
5.945000000000000284e-01 5.062620000000000314e-02
5.955000000000000293e-01 5.002290000000000209e-02
5.965000000000000302e-01 4.942880000000000190e-02
5.975000000000000311e-01 4.884369999999999684e-02
5.985000000000000320e-01 4.826740000000000197e-02
5.995000000000000329e-01 4.769980000000000053e-02
6.005000000000000338e-01 4.714070000000000066e-02
6.015000000000000346e-01 4.658999999999999947e-02
6.025000000000000355e-01 4.604749999999999815e-02
6.035000000000000364e-01 4.551310000000000078e-02
6.045000000000000373e-01 4.498649999999999871e-02
6.055000000000000382e-01 4.446780000000000177e-02
6.065000000000000391e-01 4.395670000000000133e-02
6.075000000000000400e-01 4.345310000000000145e-02
6.085000000000000409e-01 4.295680000000000331e-02
6.095000000000000417e-01 4.246779999999999999e-02
6.105000000000000426e-01 4.198589999999999961e-02
6.115000000000000435e-01 4.151099999999999929e-02
6.125000000000000444e-01 4.104290000000000022e-02
6.135000000000000453e-01 4.058160000000000239e-02
6.145000000000000462e-01 4.012690000000000007e-02
6.155000000000000471e-01 3.967869999999999731e-02
6.165000000000000480e-01 3.923689999999999817e-02
6.175000000000000488e-01 3.880139999999999978e-02
6.185000000000000497e-01 3.837209999999999926e-02
6.195000000000000506e-01 3.794879999999999781e-02
6.205000000000000515e-01 3.753150000000000236e-02
6.215000000000000524e-01 3.712010000000000309e-02
6.225000000000000533e-01 3.671440000000000120e-02
6.235000000000000542e-01 3.631439999999999668e-02
6.245000000000000551e-01 3.592000000000000054e-02
6.254999999999999449e-01 3.553110000000000296e-02
6.264999999999999458e-01 3.514749999999999819e-02
6.274999999999999467e-01 3.476920000000000011e-02
6.284999999999999476e-01 3.439620000000000177e-02
6.294999999999999485e-01 3.402820000000000150e-02
6.304999999999999494e-01 3.366530000000000217e-02
6.314999999999999503e-01 3.330729999999999802e-02
6.324999999999999512e-01 3.295420000000000293e-02
6.334999999999999520e-01 3.260590000000000016e-02
6.344999999999999529e-01 3.226230000000000070e-02
6.354999999999999538e-01 3.192339999999999761e-02
6.364999999999999547e-01 3.158899999999999902e-02
6.374999999999999556e-01 3.125900000000000206e-02
6.384999999999999565e-01 3.093349999999999919e-02
6.394999999999999574e-01 3.061229999999999854e-02
6.404999999999999583e-01 3.029540000000000011e-02
6.414999999999999591e-01 2.998270000000000102e-02
6.424999999999999600e-01 2.967409999999999839e-02
6.434999999999999609e-01 2.936959999999999918e-02
6.444999999999999618e-01 2.906910000000000049e-02
6.454999999999999627e-01 2.877249999999999946e-02
6.464999999999999636e-01 2.847979999999999956e-02
6.474999999999999645e-01 2.819090000000000137e-02
6.484999999999999654e-01 2.790569999999999856e-02
6.494999999999999662e-01 2.762430000000000094e-02
6.504999999999999671e-01 2.734639999999999987e-02
6.514999999999999680e-01 2.707220000000000112e-02
6.524999999999999689e-01 2.680149999999999894e-02
6.534999999999999698e-01 2.653420000000000084e-02
6.544999999999999707e-01 2.627039999999999931e-02
6.554999999999999716e-01 2.600989999999999899e-02
6.564999999999999725e-01 2.575269999999999990e-02
6.574999999999999734e-01 2.549879999999999855e-02
6.584999999999999742e-01 2.524809999999999902e-02
6.594999999999999751e-01 2.500049999999999842e-02
6.604999999999999760e-01 2.475609999999999963e-02
6.614999999999999769e-01 2.451470000000000038e-02
6.624999999999999778e-01 2.427630000000000066e-02
6.634999999999999787e-01 2.404090000000000046e-02
6.644999999999999796e-01 2.380849999999999980e-02
6.654999999999999805e-01 2.357889999999999986e-02
6.664999999999999813e-01 2.335210000000000063e-02
6.674999999999999822e-01 2.312809999999999866e-02
6.684999999999999831e-01 2.290690000000000087e-02
6.694999999999999840e-01 2.268840000000000093e-02
6.704999999999999849e-01 2.247259999999999883e-02
6.714999999999999858e-01 2.225939999999999863e-02
6.724999999999999867e-01 2.204880000000000034e-02
6.734999999999999876e-01 2.184080000000000049e-02
6.744999999999999885e-01 2.163520000000000026e-02
6.754999999999999893e-01 2.143219999999999847e-02
6.764999999999999902e-01 2.123159999999999978e-02
6.774999999999999911e-01 2.103340000000000071e-02
6.784999999999999920e-01 2.083749999999999838e-02
6.794999999999999929e-01 2.064399999999999916e-02
6.804999999999999938e-01 2.045289999999999955e-02
6.814999999999999947e-01 2.026390000000000136e-02
6.824999999999999956e-01 2.007729999999999931e-02
6.834999999999999964e-01 1.989279999999999868e-02
6.844999999999999973e-01 1.971049999999999885e-02
6.854999999999999982e-01 1.953030000000000044e-02
6.864999999999999991e-01 1.935229999999999936e-02
6.875000000000000000e-01 1.917630000000000029e-02
6.885000000000000009e-01 1.900239999999999915e-02
6.895000000000000018e-01 1.883050000000000002e-02
6.905000000000000027e-01 1.866059999999999941e-02
6.915000000000000036e-01 1.849270000000000080e-02
6.925000000000000044e-01 1.832670000000000132e-02
6.935000000000000053e-01 1.816260000000000097e-02
6.945000000000000062e-01 1.800039999999999973e-02
6.955000000000000071e-01 1.784010000000000110e-02
6.965000000000000080e-01 1.768159999999999871e-02
6.975000000000000089e-01 1.752489999999999951e-02
6.985000000000000098e-01 1.737000000000000002e-02
6.995000000000000107e-01 1.721680000000000085e-02
7.005000000000000115e-01 1.706540000000000140e-02
7.015000000000000124e-01 1.691569999999999879e-02
7.025000000000000133e-01 1.676760000000000056e-02
7.035000000000000142e-01 1.662129999999999858e-02
7.045000000000000151e-01 1.647650000000000156e-02
7.055000000000000160e-01 1.633340000000000139e-02
7.065000000000000169e-01 1.619189999999999865e-02
7.075000000000000178e-01 1.605200000000000030e-02
7.085000000000000187e-01 1.591359999999999997e-02
7.095000000000000195e-01 1.577670000000000114e-02
7.105000000000000204e-01 1.564139999999999975e-02
7.115000000000000213e-01 1.550750000000000045e-02
7.125000000000000222e-01 1.537509999999999918e-02
7.135000000000000231e-01 1.524419999999999942e-02
7.145000000000000240e-01 1.511470000000000001e-02
7.155000000000000249e-01 1.498659999999999923e-02
7.165000000000000258e-01 1.485990000000000054e-02
7.175000000000000266e-01 1.473460000000000047e-02
7.185000000000000275e-01 1.461059999999999963e-02
7.195000000000000284e-01 1.448799999999999914e-02
7.205000000000000293e-01 1.436669999999999961e-02
7.215000000000000302e-01 1.424669999999999929e-02
7.225000000000000311e-01 1.412799999999999993e-02
7.235000000000000320e-01 1.401050000000000038e-02
7.245000000000000329e-01 1.389430000000000005e-02
7.255000000000000338e-01 1.377940000000000068e-02
7.265000000000000346e-01 1.366559999999999997e-02
7.275000000000000355e-01 1.355310000000000022e-02
7.285000000000000364e-01 1.344180000000000028e-02
7.295000000000000373e-01 1.333160000000000074e-02
7.305000000000000382e-01 1.322259999999999928e-02
7.315000000000000391e-01 1.311479999999999937e-02
7.325000000000000400e-01 1.300800000000000047e-02
7.335000000000000409e-01 1.290239999999999963e-02
7.345000000000000417e-01 1.279789999999999921e-02
7.355000000000000426e-01 1.269449999999999919e-02
7.365000000000000435e-01 1.259219999999999957e-02
7.375000000000000444e-01 1.249089999999999923e-02
7.385000000000000453e-01 1.239059999999999988e-02
7.395000000000000462e-01 1.229139999999999920e-02
7.405000000000000471e-01 1.219319999999999952e-02
7.415000000000000480e-01 1.209610000000000025e-02
7.425000000000000488e-01 1.199990000000000084e-02
7.435000000000000497e-01 1.190470000000000070e-02
7.445000000000000506e-01 1.181040000000000041e-02
7.455000000000000515e-01 1.171720000000000053e-02
7.465000000000000524e-01 1.162490000000000051e-02
7.475000000000000533e-01 1.153350000000000035e-02
7.485000000000000542e-01 1.144300000000000005e-02
7.495000000000000551e-01 1.135339999999999960e-02
7.504999999999999449e-01 1.126480000000000016e-02
7.514999999999999458e-01 1.117699999999999944e-02
7.524999999999999467e-01 1.109010000000000030e-02
7.534999999999999476e-01 1.100409999999999930e-02
7.544999999999999485e-01 1.091899999999999989e-02
7.554999999999999494e-01 1.083459999999999979e-02
7.564999999999999503e-01 1.075120000000000069e-02
7.574999999999999512e-01 1.066849999999999916e-02
7.584999999999999520e-01 1.058669999999999924e-02
7.594999999999999529e-01 1.050569999999999976e-02
7.604999999999999538e-01 1.042539999999999960e-02
7.614999999999999547e-01 1.034599999999999929e-02
7.624999999999999556e-01 1.026730000000000004e-02
7.634999999999999565e-01 1.018939999999999950e-02
7.644999999999999574e-01 1.011229999999999941e-02
7.654999999999999583e-01 1.003590000000000038e-02
7.664999999999999591e-01 9.960300000000000056e-03
7.674999999999999600e-01 9.885400000000000784e-03
7.684999999999999609e-01 9.811200000000000823e-03
7.694999999999999618e-01 9.737700000000000175e-03
7.704999999999999627e-01 9.664999999999999980e-03
7.714999999999999636e-01 9.592899999999999691e-03
7.724999999999999645e-01 9.521500000000000449e-03
7.734999999999999654e-01 9.450800000000000520e-03
7.744999999999999662e-01 9.380799999999999902e-03
7.754999999999999671e-01 9.311500000000000332e-03
7.764999999999999680e-01 9.242800000000000668e-03
7.774999999999999689e-01 9.174800000000000316e-03
7.784999999999999698e-01 9.107399999999999871e-03
7.794999999999999707e-01 9.040599999999999331e-03
7.804999999999999716e-01 8.974499999999999839e-03
7.814999999999999725e-01 8.909000000000000252e-03
7.824999999999999734e-01 8.844100000000000572e-03
7.834999999999999742e-01 8.779800000000000798e-03
7.844999999999999751e-01 8.716099999999999196e-03
7.854999999999999760e-01 8.653100000000000375e-03
7.864999999999999769e-01 8.590600000000000319e-03
7.874999999999999778e-01 8.528600000000000764e-03
7.884999999999999787e-01 8.467300000000000521e-03
7.894999999999999796e-01 8.406500000000000777e-03
7.904999999999999805e-01 8.346299999999999206e-03
7.914999999999999813e-01 8.286599999999999869e-03
7.924999999999999822e-01 8.227500000000000438e-03
7.934999999999999831e-01 8.168999999999999179e-03
7.944999999999999840e-01 8.110900000000000748e-03
7.954999999999999849e-01 8.053400000000000489e-03
7.964999999999999858e-01 7.996400000000000730e-03
7.974999999999999867e-01 7.939999999999999142e-03
7.984999999999999876e-01 7.884000000000000383e-03
7.994999999999999885e-01 7.828599999999999795e-03
8.004999999999999893e-01 7.773699999999999707e-03
8.014999999999999902e-01 7.719199999999999846e-03
8.024999999999999911e-01 7.665299999999999891e-03
8.034999999999999920e-01 7.611800000000000163e-03
8.044999999999999929e-01 7.558800000000000067e-03
8.054999999999999938e-01 7.506299999999999605e-03
8.064999999999999947e-01 7.454299999999999642e-03
8.074999999999999956e-01 7.402699999999999905e-03
8.084999999999999964e-01 7.351599999999999802e-03
8.094999999999999973e-01 7.300899999999999924e-03
8.104999999999999982e-01 7.250699999999999680e-03
8.114999999999999991e-01 7.200899999999999662e-03
8.125000000000000000e-01 7.151600000000000144e-03
8.135000000000000009e-01 7.102699999999999986e-03
8.145000000000000018e-01 7.054200000000000054e-03
8.155000000000000027e-01 7.006199999999999754e-03
8.165000000000000036e-01 6.958599999999999682e-03
8.175000000000000044e-01 6.911399999999999835e-03
8.185000000000000053e-01 6.864600000000000216e-03
8.195000000000000062e-01 6.818199999999999955e-03
8.205000000000000071e-01 6.772199999999999921e-03
8.215000000000000080e-01 6.726700000000000387e-03
8.225000000000000089e-01 6.681499999999999939e-03
8.235000000000000098e-01 6.636699999999999718e-03
8.245000000000000107e-01 6.592299999999999723e-03
8.255000000000000115e-01 6.548199999999999681e-03
8.265000000000000124e-01 6.504600000000000139e-03
8.275000000000000133e-01 6.461299999999999683e-03
8.285000000000000142e-01 6.418400000000000320e-03
8.295000000000000151e-01 6.375900000000000317e-03
8.305000000000000160e-01 6.333700000000000267e-03
8.315000000000000169e-01 6.291899999999999576e-03
8.325000000000000178e-01 6.250399999999999706e-03
8.335000000000000187e-01 6.209300000000000062e-03
8.345000000000000195e-01 6.168599999999999778e-03
8.355000000000000204e-01 6.128200000000000314e-03
8.365000000000000213e-01 6.088099999999999935e-03
8.375000000000000222e-01 6.048399999999999783e-03
8.385000000000000231e-01 6.008999999999999585e-03
8.395000000000000240e-01 5.969900000000000206e-03
8.405000000000000249e-01 5.931099999999999914e-03
8.415000000000000258e-01 5.892699999999999848e-03
8.425000000000000266e-01 5.854599999999999735e-03
8.435000000000000275e-01 5.816799999999999575e-03
8.445000000000000284e-01 5.779399999999999642e-03
8.455000000000000293e-01 5.742200000000000255e-03
8.465000000000000302e-01 5.705400000000000228e-03
8.475000000000000311e-01 5.668799999999999881e-03
8.485000000000000320e-01 5.632599999999999760e-03
8.495000000000000329e-01 5.596600000000000186e-03
8.505000000000000338e-01 5.560999999999999971e-03
8.515000000000000346e-01 5.525600000000000303e-03
8.525000000000000355e-01 5.490599999999999994e-03
8.535000000000000364e-01 5.455800000000000233e-03
8.545000000000000373e-01 5.421300000000000424e-03
8.555000000000000382e-01 5.387099999999999701e-03
8.565000000000000391e-01 5.353100000000000393e-03
8.575000000000000400e-01 5.319499999999999576e-03
8.585000000000000409e-01 5.286100000000000174e-03
8.595000000000000417e-01 5.252999999999999857e-03
8.605000000000000426e-01 5.220100000000000087e-03
8.615000000000000435e-01 5.187500000000000271e-03
8.625000000000000444e-01 5.155200000000000407e-03
8.635000000000000453e-01 5.123100000000000223e-03
8.645000000000000462e-01 5.091299999999999992e-03
8.655000000000000471e-01 5.059700000000000308e-03
8.665000000000000480e-01 5.028399999999999710e-03
8.675000000000000488e-01 4.997399999999999932e-03
8.685000000000000497e-01 4.966599999999999834e-03
8.695000000000000506e-01 4.936000000000000283e-03
8.705000000000000515e-01 4.905699999999999818e-03
8.715000000000000524e-01 4.875599999999999899e-03
8.725000000000000533e-01 4.845799999999999934e-03
8.735000000000000542e-01 4.816199999999999648e-03
8.745000000000000551e-01 4.786799999999999909e-03
8.754999999999999449e-01 4.757700000000000123e-03
8.764999999999999458e-01 4.728699999999999744e-03
8.774999999999999467e-01 4.700000000000000185e-03
8.784999999999999476e-01 4.671599999999999711e-03
8.794999999999999485e-01 4.643300000000000378e-03
8.804999999999999494e-01 4.615300000000000132e-03
8.814999999999999503e-01 4.587500000000000432e-03
8.824999999999999512e-01 4.559900000000000411e-03
8.834999999999999520e-01 4.532600000000000344e-03
8.844999999999999529e-01 4.505399999999999683e-03
8.854999999999999538e-01 4.478399999999999569e-03
8.864999999999999547e-01 4.451700000000000275e-03
8.874999999999999556e-01 4.425100000000000387e-03
8.884999999999999565e-01 4.398799999999999585e-03
8.894999999999999574e-01 4.372700000000000198e-03
8.904999999999999583e-01 4.346700000000000216e-03
8.914999999999999591e-01 4.321000000000000188e-03
8.924999999999999600e-01 4.295499999999999839e-03
8.934999999999999609e-01 4.270099999999999764e-03
8.944999999999999618e-01 4.244999999999999642e-03
8.954999999999999627e-01 4.219999999999999793e-03
8.964999999999999636e-01 4.195199999999999624e-03
8.974999999999999645e-01 4.170700000000000275e-03
8.984999999999999654e-01 4.146300000000000333e-03
8.994999999999999662e-01 4.121999999999999796e-03
9.004999999999999671e-01 4.098000000000000080e-03
9.014999999999999680e-01 4.074200000000000044e-03
9.024999999999999689e-01 4.050500000000000281e-03
9.034999999999999698e-01 4.027000000000000197e-03
9.044999999999999707e-01 4.003699999999999794e-03
9.054999999999999716e-01 3.980499999999999663e-03
9.064999999999999725e-01 3.957500000000000080e-03
9.074999999999999734e-01 3.934700000000000177e-03
9.084999999999999742e-01 3.912099999999999952e-03
9.094999999999999751e-01 3.889600000000000002e-03
9.104999999999999760e-01 3.867300000000000165e-03
9.114999999999999769e-01 3.845200000000000007e-03
9.124999999999999778e-01 3.823200000000000123e-03
9.134999999999999787e-01 3.801399999999999918e-03
9.144999999999999796e-01 3.779799999999999827e-03
9.154999999999999805e-01 3.758300000000000009e-03
9.164999999999999813e-01 3.736900000000000031e-03
9.174999999999999822e-01 3.715800000000000006e-03
9.184999999999999831e-01 3.694699999999999981e-03
9.194999999999999840e-01 3.673899999999999909e-03
9.204999999999999849e-01 3.653200000000000110e-03
9.214999999999999858e-01 3.632600000000000152e-03
9.224999999999999867e-01 3.612199999999999873e-03
9.234999999999999876e-01 3.591899999999999867e-03
9.244999999999999885e-01 3.571799999999999975e-03
9.254999999999999893e-01 3.551799999999999922e-03
9.264999999999999902e-01 3.531999999999999983e-03
9.274999999999999911e-01 3.512299999999999884e-03
9.284999999999999920e-01 3.492700000000000058e-03
9.294999999999999929e-01 3.473299999999999912e-03
9.304999999999999938e-01 3.454099999999999879e-03
9.314999999999999947e-01 3.434899999999999846e-03
9.324999999999999956e-01 3.415899999999999926e-03
9.334999999999999964e-01 3.397100000000000120e-03
9.344999999999999973e-01 3.378299999999999879e-03
9.354999999999999982e-01 3.359800000000000026e-03
9.364999999999999991e-01 3.341300000000000173e-03
9.375000000000000000e-01 3.322999999999999999e-03
9.385000000000000009e-01 3.304800000000000099e-03
9.395000000000000018e-01 3.286700000000000038e-03
9.405000000000000027e-01 3.268699999999999817e-03
9.415000000000000036e-01 3.250900000000000144e-03
9.425000000000000044e-01 3.233199999999999876e-03
9.435000000000000053e-01 3.215700000000000155e-03
9.445000000000000062e-01 3.198200000000000001e-03
9.455000000000000071e-01 3.180899999999999960e-03
9.465000000000000080e-01 3.163700000000000193e-03
9.475000000000000089e-01 3.146599999999999831e-03
9.485000000000000098e-01 3.129600000000000177e-03
9.495000000000000107e-01 3.112800000000000202e-03
9.505000000000000115e-01 3.096100000000000067e-03
9.515000000000000124e-01 3.079500000000000206e-03
9.525000000000000133e-01 3.063000000000000184e-03
9.535000000000000142e-01 3.046600000000000003e-03
9.545000000000000151e-01 3.030300000000000094e-03
9.555000000000000160e-01 3.014100000000000026e-03
9.565000000000000169e-01 2.998100000000000070e-03
9.575000000000000178e-01 2.982199999999999955e-03
9.585000000000000187e-01 2.966299999999999840e-03
9.595000000000000195e-01 2.950599999999999837e-03
9.605000000000000204e-01 2.935000000000000109e-03
9.615000000000000213e-01 2.919499999999999786e-03
9.625000000000000222e-01 2.904100000000000171e-03
9.635000000000000231e-01 2.888799999999999962e-03
9.645000000000000240e-01 2.873600000000000026e-03
9.655000000000000249e-01 2.858499999999999930e-03
9.665000000000000258e-01 2.843500000000000107e-03
9.675000000000000266e-01 2.828600000000000125e-03
9.685000000000000275e-01 2.813899999999999822e-03
9.695000000000000284e-01 2.799199999999999952e-03
9.705000000000000293e-01 2.784599999999999922e-03
9.715000000000000302e-01 2.770100000000000166e-03
9.725000000000000311e-01 2.755699999999999816e-03
9.735000000000000320e-01 2.741400000000000173e-03
9.745000000000000329e-01 2.727199999999999937e-03
9.755000000000000338e-01 2.713099999999999973e-03
9.765000000000000346e-01 2.699099999999999850e-03
9.775000000000000355e-01 2.685200000000000000e-03
9.785000000000000364e-01 2.671399999999999990e-03
9.795000000000000373e-01 2.657599999999999980e-03
9.805000000000000382e-01 2.644000000000000083e-03
9.815000000000000391e-01 2.630400000000000186e-03
9.825000000000000400e-01 2.616999999999999969e-03
9.835000000000000409e-01 2.603600000000000185e-03
9.845000000000000417e-01 2.590299999999999808e-03
9.855000000000000426e-01 2.577100000000000137e-03
9.865000000000000435e-01 2.563999999999999873e-03
9.875000000000000444e-01 2.550999999999999882e-03
9.885000000000000453e-01 2.537999999999999892e-03
9.895000000000000462e-01 2.525200000000000014e-03
9.905000000000000471e-01 2.512400000000000137e-03
9.915000000000000480e-01 2.499700000000000099e-03
9.925000000000000488e-01 2.487099999999999901e-03
9.935000000000000497e-01 2.474599999999999977e-03
9.945000000000000506e-01 2.462199999999999892e-03
9.955000000000000515e-01 2.449799999999999808e-03
9.965000000000000524e-01 2.437499999999999997e-03
9.975000000000000533e-01 2.425300000000000025e-03
9.985000000000000542e-01 2.413199999999999894e-03
9.995000000000000551e-01 2.401200000000000036e-03
