5.000000000000000104e-04 1.677531999999999912e-01
1.500000000000000031e-03 1.736969999999999903e-01
2.500000000000000052e-03 1.798870999999999942e-01
3.500000000000000073e-03 1.863351000000000035e-01
4.499999999999999660e-03 1.930528999999999995e-01
5.499999999999999681e-03 2.000532999999999895e-01
6.499999999999999702e-03 2.073495999999999950e-01
7.499999999999999722e-03 2.149559000000000053e-01
8.500000000000000611e-03 2.228868999999999989e-01
9.499999999999999764e-03 2.311581000000000052e-01
1.050000000000000065e-02 2.397858999999999963e-01
1.149999999999999981e-02 2.487872999999999890e-01
1.250000000000000069e-02 2.581803999999999766e-01
1.349999999999999985e-02 2.679842000000000057e-01
1.450000000000000074e-02 2.782185999999999826e-01
1.549999999999999989e-02 2.889046000000000114e-01
1.650000000000000078e-02 3.000642000000000031e-01
1.750000000000000167e-02 3.117206000000000143e-01
1.849999999999999908e-02 3.238982000000000250e-01
1.949999999999999997e-02 3.366227999999999998e-01
2.050000000000000086e-02 3.499211999999999878e-01
2.149999999999999828e-02 3.638217999999999730e-01
2.249999999999999917e-02 3.783544999999999825e-01
2.350000000000000006e-02 3.935506999999999755e-01
2.450000000000000094e-02 4.094434000000000129e-01
2.549999999999999836e-02 4.260670999999999764e-01
2.649999999999999925e-02 4.434583999999999748e-01
2.750000000000000014e-02 4.616555999999999993e-01
2.850000000000000103e-02 4.806987999999999817e-01
2.949999999999999845e-02 5.006302999999999725e-01
3.049999999999999933e-02 5.214946000000000303e-01
3.150000000000000022e-02 5.433381000000000460e-01
3.250000000000000111e-02 5.662097999999999853e-01
3.350000000000000200e-02 5.901610000000000467e-01
3.450000000000000289e-02 6.152454000000000534e-01
3.549999999999999684e-02 6.415193000000000145e-01
3.649999999999999772e-02 6.690420000000000256e-01
3.749999999999999861e-02 6.978750999999999705e-01
3.849999999999999950e-02 7.280834000000000472e-01
3.950000000000000039e-02 7.597346000000000377e-01
4.050000000000000128e-02 7.928994999999999793e-01
4.150000000000000216e-02 8.276518999999999959e-01
4.250000000000000305e-02 8.640689000000000286e-01
4.349999999999999700e-02 9.022308999999999468e-01
4.449999999999999789e-02 9.422217000000000509e-01
4.549999999999999878e-02 9.841282000000000085e-01
4.649999999999999967e-02 1.028041200000000099e+00
4.750000000000000056e-02 1.074054499999999912e+00
4.850000000000000144e-02 1.122265599999999974e+00
4.950000000000000233e-02 1.172775300000000076e+00
5.050000000000000322e-02 1.225687900000000052e+00
5.149999999999999717e-02 1.281110799999999994e+00
5.249999999999999806e-02 1.339154900000000037e+00
5.349999999999999895e-02 1.399933799999999895e+00
5.449999999999999983e-02 1.463564300000000040e+00
5.550000000000000072e-02 1.530165699999999962e+00
5.650000000000000161e-02 1.599859700000000107e+00
5.750000000000000250e-02 1.672770199999999985e+00
5.850000000000000339e-02 1.749022599999999983e+00
5.949999999999999734e-02 1.828743699999999972e+00
6.049999999999999822e-02 1.912061100000000069e+00
6.149999999999999911e-02 1.999102500000000004e+00
6.250000000000000000e-02 2.089995000000000047e+00
6.350000000000000089e-02 2.184864999999999835e+00
6.450000000000000178e-02 2.283836299999999930e+00
6.550000000000000266e-02 2.387030300000000160e+00
6.650000000000000355e-02 2.494564200000000120e+00
6.750000000000000444e-02 2.606550700000000109e+00
6.850000000000000533e-02 2.723095900000000125e+00
6.950000000000000622e-02 2.844298999999999911e+00
7.049999999999999323e-02 2.970250399999999846e+00
7.149999999999999412e-02 3.101030499999999801e+00
7.249999999999999500e-02 3.236708300000000094e+00
7.349999999999999589e-02 3.377339599999999997e+00
7.449999999999999678e-02 3.522965699999999867e+00
7.549999999999999767e-02 3.673611800000000205e+00
7.649999999999999856e-02 3.829284900000000214e+00
7.749999999999999944e-02 3.989972900000000156e+00
7.850000000000000033e-02 4.155642099999999672e+00
7.950000000000000122e-02 4.326236500000000262e+00
8.050000000000000211e-02 4.501675600000000443e+00
8.150000000000000300e-02 4.681853099999999657e+00
8.250000000000000389e-02 4.866635999999999740e+00
8.350000000000000477e-02 5.055862900000000160e+00
8.450000000000000566e-02 5.249343200000000209e+00
8.550000000000000655e-02 5.446856399999999709e+00
8.649999999999999356e-02 5.648151399999999711e+00
8.749999999999999445e-02 5.852946300000000157e+00
8.849999999999999534e-02 6.060928299999999602e+00
8.949999999999999623e-02 6.271753900000000215e+00
9.049999999999999711e-02 6.485049700000000250e+00
9.149999999999999800e-02 6.700413099999999567e+00
9.249999999999999889e-02 6.917413599999999718e+00
9.349999999999999978e-02 7.135594499999999840e+00
9.450000000000000067e-02 7.354474399999999967e+00
9.550000000000000155e-02 7.573549599999999771e+00
9.650000000000000244e-02 7.792296699999999632e+00
9.750000000000000333e-02 8.010175000000000267e+00
9.850000000000000422e-02 8.226629499999999595e+00
9.950000000000000511e-02 8.441094299999999606e+00
1.005000000000000060e-01 8.652995300000000611e+00
1.015000000000000069e-01 8.861754100000000633e+00
1.024999999999999939e-01 9.066791000000000267e+00
1.034999999999999948e-01 9.267528499999999170e+00
1.044999999999999957e-01 9.463395000000000223e+00
1.054999999999999966e-01 9.653827500000000228e+00
1.064999999999999974e-01 9.838275299999999390e+00
1.074999999999999983e-01 1.001620259999999973e+01
1.084999999999999992e-01 1.018709169999999986e+01
1.095000000000000001e-01 1.035044519999999935e+01
1.105000000000000010e-01 1.050578879999999948e+01
1.115000000000000019e-01 1.065267309999999945e+01
1.125000000000000028e-01 1.079067560000000014e+01
1.135000000000000037e-01 1.091940250000000034e+01
1.145000000000000046e-01 1.103848960000000012e+01
1.155000000000000054e-01 1.114760399999999940e+01
1.165000000000000063e-01 1.124644469999999963e+01
1.174999999999999933e-01 1.133474310000000074e+01
1.184999999999999942e-01 1.141226400000000041e+01
1.194999999999999951e-01 1.147880559999999939e+01
1.204999999999999960e-01 1.153419979999999967e+01
1.214999999999999969e-01 1.157831200000000038e+01
1.224999999999999978e-01 1.161104160000000007e+01
1.234999999999999987e-01 1.163232119999999981e+01
1.244999999999999996e-01 1.164211700000000071e+01
1.255000000000000004e-01 1.164042800000000000e+01
1.265000000000000013e-01 1.162728609999999918e+01
1.275000000000000022e-01 1.160275550000000067e+01
1.285000000000000031e-01 1.156693240000000067e+01
1.295000000000000040e-01 1.151994430000000058e+01
1.305000000000000049e-01 1.146195009999999925e+01
1.315000000000000058e-01 1.139313890000000029e+01
1.325000000000000067e-01 1.131372990000000023e+01
1.335000000000000075e-01 1.122397139999999993e+01
1.345000000000000084e-01 1.112414030000000054e+01
1.355000000000000093e-01 1.101454120000000003e+01
1.365000000000000102e-01 1.089550539999999934e+01
1.375000000000000111e-01 1.076738989999999951e+01
1.385000000000000120e-01 1.063057599999999958e+01
1.395000000000000129e-01 1.048546830000000085e+01
1.405000000000000138e-01 1.033249290000000009e+01
1.414999999999999869e-01 1.017209609999999920e+01
1.424999999999999878e-01 1.000474200000000025e+01
1.434999999999999887e-01 9.830911199999999184e+00
1.444999999999999896e-01 9.651098100000000457e+00
1.454999999999999905e-01 9.465809099999999532e+00
1.464999999999999913e-01 9.275560000000000471e+00
1.474999999999999922e-01 9.080873399999999762e+00
1.484999999999999931e-01 8.882276299999999125e+00
1.494999999999999940e-01 8.680297700000000560e+00
1.504999999999999949e-01 8.475465200000000365e+00
1.514999999999999958e-01 8.268303200000000075e+00
1.524999999999999967e-01 8.059329800000000432e+00
1.534999999999999976e-01 7.849053999999999753e+00
1.544999999999999984e-01 7.637973900000000427e+00
1.554999999999999993e-01 7.426573699999999612e+00
1.565000000000000002e-01 7.215321900000000177e+00
1.575000000000000011e-01 7.004668999999999812e+00
1.585000000000000020e-01 6.795045599999999908e+00
1.595000000000000029e-01 6.586861200000000416e+00
1.605000000000000038e-01 6.380502199999999569e+00
1.615000000000000047e-01 6.176331199999999910e+00
1.625000000000000056e-01 5.974685799999999603e+00
1.635000000000000064e-01 5.775878099999999904e+00
1.645000000000000073e-01 5.580193799999999982e+00
1.655000000000000082e-01 5.387892700000000090e+00
1.665000000000000091e-01 5.199208200000000168e+00
1.675000000000000100e-01 5.014347400000000121e+00
1.685000000000000109e-01 4.833492099999999958e+00
1.695000000000000118e-01 4.656798799999999794e+00
1.705000000000000127e-01 4.484399800000000269e+00
1.715000000000000135e-01 4.316403900000000071e+00
1.724999999999999867e-01 4.152897699999999581e+00
1.734999999999999876e-01 3.993946199999999891e+00
1.744999999999999885e-01 3.839594599999999858e+00
1.754999999999999893e-01 3.689868999999999843e+00
1.764999999999999902e-01 3.544778099999999821e+00
1.774999999999999911e-01 3.404314499999999910e+00
1.784999999999999920e-01 3.268455499999999958e+00
1.794999999999999929e-01 3.137164999999999981e+00
1.804999999999999938e-01 3.010394900000000096e+00
1.814999999999999947e-01 2.888085499999999861e+00
1.824999999999999956e-01 2.770167799999999847e+00
1.834999999999999964e-01 2.656563799999999809e+00
1.844999999999999973e-01 2.547188400000000019e+00
1.854999999999999982e-01 2.441949900000000007e+00
1.864999999999999991e-01 2.340751000000000026e+00
1.875000000000000000e-01 2.243490200000000101e+00
1.885000000000000009e-01 2.150062399999999929e+00
1.895000000000000018e-01 2.060359599999999958e+00
1.905000000000000027e-01 1.974271799999999910e+00
1.915000000000000036e-01 1.891687700000000083e+00
1.925000000000000044e-01 1.812495100000000026e+00
1.935000000000000053e-01 1.736581900000000012e+00
1.945000000000000062e-01 1.663836000000000093e+00
1.955000000000000071e-01 1.594146199999999958e+00
1.965000000000000080e-01 1.527402399999999938e+00
1.975000000000000089e-01 1.463496099999999966e+00
1.985000000000000098e-01 1.402320299999999964e+00
1.995000000000000107e-01 1.343770300000000084e+00
2.005000000000000115e-01 1.287743499999999930e+00
2.015000000000000124e-01 1.234139700000000062e+00
2.025000000000000133e-01 1.182861299999999893e+00
2.034999999999999865e-01 1.133813299999999913e+00
2.044999999999999873e-01 1.086903500000000022e+00
2.054999999999999882e-01 1.042042499999999983e+00
2.064999999999999891e-01 9.991436999999999680e-01
2.074999999999999900e-01 9.581235999999999642e-01
2.084999999999999909e-01 9.189013000000000320e-01
2.094999999999999918e-01 8.813990000000000435e-01
2.104999999999999927e-01 8.455414999999999459e-01
2.114999999999999936e-01 8.112567000000000528e-01
2.124999999999999944e-01 7.784752000000000338e-01
2.134999999999999953e-01 7.471301999999999666e-01
2.144999999999999962e-01 7.171575999999999507e-01
2.154999999999999971e-01 6.884961000000000553e-01
2.164999999999999980e-01 6.610867999999999745e-01
2.174999999999999989e-01 6.348732000000000264e-01
2.184999999999999998e-01 6.098014000000000490e-01
2.195000000000000007e-01 5.858195999999999959e-01
2.205000000000000016e-01 5.628783000000000536e-01
2.215000000000000024e-01 5.409304000000000334e-01
2.225000000000000033e-01 5.199306000000000205e-01
2.235000000000000042e-01 4.998357999999999968e-01
2.245000000000000051e-01 4.806046999999999958e-01
2.255000000000000060e-01 4.621979999999999977e-01
2.265000000000000069e-01 4.445780999999999761e-01
2.275000000000000078e-01 4.277092000000000116e-01
2.285000000000000087e-01 4.115570000000000062e-01
2.295000000000000095e-01 3.960890000000000244e-01
2.305000000000000104e-01 3.812740000000000018e-01
2.315000000000000113e-01 3.670823999999999754e-01
2.325000000000000122e-01 3.534858000000000167e-01
2.335000000000000131e-01 3.404574000000000211e-01
2.344999999999999862e-01 3.279714000000000240e-01
2.354999999999999871e-01 3.160033999999999899e-01
2.364999999999999880e-01 3.045299000000000200e-01
2.374999999999999889e-01 2.935286999999999757e-01
2.384999999999999898e-01 2.829787000000000274e-01
2.394999999999999907e-01 2.728595999999999799e-01
2.404999999999999916e-01 2.631522000000000028e-01
2.414999999999999925e-01 2.538381000000000109e-01
2.424999999999999933e-01 2.448999000000000037e-01
2.434999999999999942e-01 2.363209000000000004e-01
2.444999999999999951e-01 2.280851000000000128e-01
2.454999999999999960e-01 2.201776000000000011e-01
2.464999999999999969e-01 2.125837999999999894e-01
2.474999999999999978e-01 2.052900000000000003e-01
2.484999999999999987e-01 1.982830999999999899e-01
2.494999999999999996e-01 1.915506999999999904e-01
2.505000000000000004e-01 1.850806999999999869e-01
2.515000000000000013e-01 1.788618999999999903e-01
2.525000000000000022e-01 1.728834999999999955e-01
2.535000000000000031e-01 1.671351000000000087e-01
2.545000000000000040e-01 1.616067999999999949e-01
2.555000000000000049e-01 1.562892999999999921e-01
2.565000000000000058e-01 1.511735999999999913e-01
2.575000000000000067e-01 1.462511999999999979e-01
2.585000000000000075e-01 1.415140000000000009e-01
2.595000000000000084e-01 1.369540999999999953e-01
2.605000000000000093e-01 1.325640999999999903e-01
2.615000000000000102e-01 1.283370000000000066e-01
2.625000000000000111e-01 1.242658999999999986e-01
2.635000000000000120e-01 1.203444999999999931e-01
2.645000000000000129e-01 1.165665000000000034e-01
2.655000000000000138e-01 1.129259999999999986e-01
2.665000000000000147e-01 1.094175000000000009e-01
2.675000000000000155e-01 1.060355999999999937e-01
2.685000000000000164e-01 1.027750999999999942e-01
2.695000000000000173e-01 9.963110000000000022e-02
2.705000000000000182e-01 9.659890000000000143e-02
2.715000000000000191e-01 9.367419999999999913e-02
2.725000000000000200e-01 9.085239999999999982e-02
2.735000000000000209e-01 8.812970000000000526e-02
2.745000000000000218e-01 8.550199999999999467e-02
2.755000000000000226e-01 8.296560000000000046e-02
2.765000000000000235e-01 8.051690000000000236e-02
2.775000000000000244e-01 7.815260000000000262e-02
2.785000000000000253e-01 7.586919999999999775e-02
2.795000000000000262e-01 7.366380000000000150e-02
2.805000000000000271e-01 7.153320000000000511e-02
2.814999999999999725e-01 6.947459999999999747e-02
2.824999999999999734e-01 6.748519999999999519e-02
2.834999999999999742e-01 6.556240000000000678e-02
2.844999999999999751e-01 6.370370000000000199e-02
2.854999999999999760e-01 6.190659999999999913e-02
2.864999999999999769e-01 6.016889999999999739e-02
2.874999999999999778e-01 5.848830000000000001e-02
2.884999999999999787e-01 5.686259999999999926e-02
2.894999999999999796e-01 5.528990000000000293e-02
2.904999999999999805e-01 5.376809999999999923e-02
2.914999999999999813e-01 5.229550000000000171e-02
2.924999999999999822e-01 5.087010000000000143e-02
2.934999999999999831e-01 4.949030000000000096e-02
2.944999999999999840e-01 4.815439999999999998e-02
2.954999999999999849e-01 4.686089999999999700e-02
2.964999999999999858e-01 4.560809999999999864e-02
2.974999999999999867e-01 4.439459999999999934e-02
2.984999999999999876e-01 4.321910000000000335e-02
2.994999999999999885e-01 4.208010000000000222e-02
3.004999999999999893e-01 4.097640000000000310e-02
3.014999999999999902e-01 3.990670000000000328e-02
3.024999999999999911e-01 3.886989999999999890e-02
3.034999999999999920e-01 3.786470000000000113e-02
3.044999999999999929e-01 3.689010000000000206e-02
3.054999999999999938e-01 3.594510000000000066e-02
3.064999999999999947e-01 3.502849999999999714e-02
3.074999999999999956e-01 3.413940000000000030e-02
3.084999999999999964e-01 3.327689999999999815e-02
3.094999999999999973e-01 3.243999999999999662e-02
3.104999999999999982e-01 3.162800000000000333e-02
3.114999999999999991e-01 3.083989999999999995e-02
3.125000000000000000e-01 3.007490000000000163e-02
3.135000000000000009e-01 2.933229999999999865e-02
3.145000000000000018e-01 2.861129999999999923e-02
3.155000000000000027e-01 2.791120000000000059e-02
3.165000000000000036e-01 2.723129999999999995e-02
3.175000000000000044e-01 2.657090000000000146e-02
3.185000000000000053e-01 2.592939999999999828e-02
3.195000000000000062e-01 2.530620000000000092e-02
3.205000000000000071e-01 2.470069999999999905e-02
3.215000000000000080e-01 2.411229999999999971e-02
3.225000000000000089e-01 2.354039999999999952e-02
3.235000000000000098e-01 2.298450000000000146e-02
3.245000000000000107e-01 2.244420000000000096e-02
3.255000000000000115e-01 2.191879999999999870e-02
3.265000000000000124e-01 2.140799999999999995e-02
3.275000000000000133e-01 2.091120000000000131e-02
3.285000000000000142e-01 2.042810000000000112e-02
3.295000000000000151e-01 1.995809999999999945e-02
3.305000000000000160e-01 1.950090000000000157e-02
3.315000000000000169e-01 1.905619999999999883e-02
3.325000000000000178e-01 1.862339999999999829e-02
3.335000000000000187e-01 1.820220000000000171e-02
3.345000000000000195e-01 1.779230000000000048e-02
3.355000000000000204e-01 1.739330000000000043e-02
3.365000000000000213e-01 1.700489999999999988e-02
3.375000000000000222e-01 1.662670000000000120e-02
3.385000000000000231e-01 1.625849999999999865e-02
3.395000000000000240e-01 1.590000000000000094e-02
3.405000000000000249e-01 1.555080000000000004e-02
3.415000000000000258e-01 1.521070000000000061e-02
3.425000000000000266e-01 1.487939999999999922e-02
3.435000000000000275e-01 1.455670000000000054e-02
3.444999999999999729e-01 1.424220000000000000e-02
3.454999999999999738e-01 1.393579999999999992e-02
3.464999999999999747e-01 1.363720000000000036e-02
3.474999999999999756e-01 1.334609999999999963e-02
3.484999999999999765e-01 1.306249999999999946e-02
3.494999999999999774e-01 1.278600000000000049e-02
3.504999999999999782e-01 1.251640000000000044e-02
3.514999999999999791e-01 1.225350000000000050e-02
3.524999999999999800e-01 1.199719999999999953e-02
3.534999999999999809e-01 1.174730000000000045e-02
3.544999999999999818e-01 1.150349999999999984e-02
3.554999999999999827e-01 1.126570000000000002e-02
3.564999999999999836e-01 1.103379999999999986e-02
3.574999999999999845e-01 1.080749999999999940e-02
3.584999999999999853e-01 1.058669999999999924e-02
3.594999999999999862e-01 1.037129999999999996e-02
3.604999999999999871e-01 1.016099999999999989e-02
3.614999999999999880e-01 9.955900000000000166e-03
3.624999999999999889e-01 9.755599999999999689e-03
3.634999999999999898e-01 9.560100000000000195e-03
3.644999999999999907e-01 9.369300000000000544e-03
3.654999999999999916e-01 9.183000000000000190e-03
3.664999999999999925e-01 9.001099999999999726e-03
3.674999999999999933e-01 8.823400000000000340e-03
3.684999999999999942e-01 8.649999999999999703e-03
3.694999999999999951e-01 8.480500000000000191e-03
3.704999999999999960e-01 8.315100000000000616e-03
3.714999999999999969e-01 8.153399999999999884e-03
3.724999999999999978e-01 7.995499999999999136e-03
3.734999999999999987e-01 7.841199999999999559e-03
3.744999999999999996e-01 7.690500000000000287e-03
3.755000000000000004e-01 7.543199999999999905e-03
3.765000000000000013e-01 7.399199999999999874e-03
3.775000000000000022e-01 7.258500000000000195e-03
3.785000000000000031e-01 7.120999999999999726e-03
3.795000000000000040e-01 6.986599999999999928e-03
3.805000000000000049e-01 6.855199999999999662e-03
3.815000000000000058e-01 6.726700000000000387e-03
3.825000000000000067e-01 6.601100000000000370e-03
3.835000000000000075e-01 6.478300000000000204e-03
3.845000000000000084e-01 6.358199999999999616e-03
3.855000000000000093e-01 6.240800000000000340e-03
3.865000000000000102e-01 6.125900000000000095e-03
3.875000000000000111e-01 6.013600000000000022e-03
3.885000000000000120e-01 5.903600000000000167e-03
3.895000000000000129e-01 5.796100000000000210e-03
3.905000000000000138e-01 5.690899999999999605e-03
3.915000000000000147e-01 5.588000000000000085e-03
3.925000000000000155e-01 5.487299999999999643e-03
3.935000000000000164e-01 5.388800000000000014e-03
3.945000000000000173e-01 5.292299999999999782e-03
3.955000000000000182e-01 5.197900000000000090e-03
3.965000000000000191e-01 5.105600000000000069e-03
3.975000000000000200e-01 5.015099999999999766e-03
3.985000000000000209e-01 4.926599999999999729e-03
3.995000000000000218e-01 4.839900000000000278e-03
4.005000000000000226e-01 4.755099999999999952e-03
4.015000000000000235e-01 4.671999999999999938e-03
4.025000000000000244e-01 4.590699999999999642e-03
4.035000000000000253e-01 4.511000000000000253e-03
4.045000000000000262e-01 4.433000000000000308e-03
4.055000000000000271e-01 4.356600000000000403e-03
4.064999999999999725e-01 4.281700000000000263e-03
4.074999999999999734e-01 4.208400000000000162e-03
4.084999999999999742e-01 4.136599999999999826e-03
4.094999999999999751e-01 4.066199999999999849e-03
4.104999999999999760e-01 3.997299999999999638e-03
4.114999999999999769e-01 3.929700000000000380e-03
4.124999999999999778e-01 3.863500000000000181e-03
4.134999999999999787e-01 3.798699999999999907e-03
4.144999999999999796e-01 3.735099999999999879e-03
4.154999999999999805e-01 3.672799999999999936e-03
4.164999999999999813e-01 3.611800000000000080e-03
4.174999999999999822e-01 3.551900000000000196e-03
4.184999999999999831e-01 3.493200000000000124e-03
4.194999999999999840e-01 3.435699999999999865e-03
4.204999999999999849e-01 3.379300000000000012e-03
4.214999999999999858e-01 3.324099999999999971e-03
4.224999999999999867e-01 3.269900000000000063e-03
4.234999999999999876e-01 3.216699999999999855e-03
4.244999999999999885e-01 3.164600000000000052e-03
4.254999999999999893e-01 3.113499999999999948e-03
4.264999999999999902e-01 3.063300000000000137e-03
4.274999999999999911e-01 3.014199999999999866e-03
4.284999999999999920e-01 2.965900000000000047e-03
4.294999999999999929e-01 2.918599999999999927e-03
4.304999999999999938e-01 2.872200000000000100e-03
4.314999999999999947e-01 2.826700000000000133e-03
4.324999999999999956e-01 2.782000000000000185e-03
4.334999999999999964e-01 2.738200000000000096e-03
4.344999999999999973e-01 2.695200000000000026e-03
4.354999999999999982e-01 2.652999999999999976e-03
4.364999999999999991e-01 2.611599999999999946e-03
4.375000000000000000e-01 2.570900000000000095e-03
4.385000000000000009e-01 2.530999999999999830e-03
4.395000000000000018e-01 2.491900000000000018e-03
4.405000000000000027e-01 2.453499999999999952e-03
4.415000000000000036e-01 2.415699999999999792e-03
4.425000000000000044e-01 2.378700000000000085e-03
4.435000000000000053e-01 2.342400000000000124e-03
4.445000000000000062e-01 2.306700000000000070e-03
4.455000000000000071e-01 2.271599999999999921e-03
4.465000000000000080e-01 2.237199999999999953e-03
4.475000000000000089e-01 2.203399999999999890e-03
4.485000000000000098e-01 2.170300000000000007e-03
4.495000000000000107e-01 2.137700000000000190e-03
4.505000000000000115e-01 2.105699999999999846e-03
4.515000000000000124e-01 2.074299999999999842e-03
4.525000000000000133e-01 2.043399999999999904e-03
4.535000000000000142e-01 2.013099999999999872e-03
4.545000000000000151e-01 1.983299999999999907e-03
4.555000000000000160e-01 1.954000000000000008e-03
4.565000000000000169e-01 1.925300000000000015e-03
4.575000000000000178e-01 1.897100000000000088e-03
4.585000000000000187e-01 1.869299999999999955e-03
4.595000000000000195e-01 1.842000000000000104e-03
4.605000000000000204e-01 1.815299999999999943e-03
4.615000000000000213e-01 1.788899999999999952e-03
4.625000000000000222e-01 1.763100000000000084e-03
4.635000000000000231e-01 1.737700000000000009e-03
4.645000000000000240e-01 1.712699999999999943e-03
4.655000000000000249e-01 1.688100000000000104e-03
4.665000000000000258e-01 1.663999999999999898e-03
4.675000000000000266e-01 1.640299999999999918e-03
4.685000000000000275e-01 1.616999999999999948e-03
4.694999999999999729e-01 1.593999999999999931e-03
4.704999999999999738e-01 1.571499999999999980e-03
4.714999999999999747e-01 1.549400000000000039e-03
4.724999999999999756e-01 1.527600000000000052e-03
4.734999999999999765e-01 1.506200000000000074e-03
4.744999999999999774e-01 1.485100000000000049e-03
4.754999999999999782e-01 1.464400000000000033e-03
4.764999999999999791e-01 1.443999999999999971e-03
4.774999999999999800e-01 1.423999999999999919e-03
4.784999999999999809e-01 1.404300000000000036e-03
4.794999999999999818e-01 1.384999999999999946e-03
4.804999999999999827e-01 1.365899999999999970e-03
4.814999999999999836e-01 1.347200000000000003e-03
4.824999999999999845e-01 1.328799999999999990e-03
4.834999999999999853e-01 1.310600000000000090e-03
4.844999999999999862e-01 1.292799999999999982e-03
4.854999999999999871e-01 1.275300000000000045e-03
4.864999999999999880e-01 1.258000000000000004e-03
4.874999999999999889e-01 1.240999999999999916e-03
4.884999999999999898e-01 1.224299999999999998e-03
4.894999999999999907e-01 1.207900000000000033e-03
4.904999999999999916e-01 1.191699999999999964e-03
4.914999999999999925e-01 1.175800000000000066e-03
4.924999999999999933e-01 1.160100000000000063e-03
4.934999999999999942e-01 1.144700000000000014e-03
4.944999999999999951e-01 1.129599999999999918e-03
4.954999999999999960e-01 1.114600000000000096e-03
4.964999999999999969e-01 1.099900000000000010e-03
4.974999999999999978e-01 1.085500000000000093e-03
4.984999999999999987e-01 1.071200000000000017e-03
4.994999999999999996e-01 1.057199999999999893e-03
5.004999999999999449e-01 1.043400000000000100e-03
5.014999999999999458e-01 1.029900000000000043e-03
5.024999999999999467e-01 1.016500000000000042e-03
5.034999999999999476e-01 1.003399999999999995e-03
5.044999999999999485e-01 9.904000000000000043e-04
5.054999999999999494e-01 9.775999999999999100e-04
5.064999999999999503e-01 9.650999999999999857e-04
5.074999999999999512e-01 9.527000000000000095e-04
5.084999999999999520e-01 9.405000000000000382e-04
5.094999999999999529e-01 9.286000000000000200e-04
5.104999999999999538e-01 9.167000000000000018e-04
5.114999999999999547e-01 9.051000000000000451e-04
5.124999999999999556e-01 8.936999999999999849e-04
5.134999999999999565e-01 8.823999999999999812e-04
5.144999999999999574e-01 8.712999999999999825e-04
5.154999999999999583e-01 8.603000000000000404e-04
5.164999999999999591e-01 8.496000000000000513e-04
5.174999999999999600e-01 8.388999999999999539e-04
5.184999999999999609e-01 8.285000000000000264e-04
5.194999999999999618e-01 8.182000000000000470e-04
5.204999999999999627e-01 8.080000000000000160e-04
5.214999999999999636e-01 7.979999999999999897e-04
5.224999999999999645e-01 7.881999999999999684e-04
5.234999999999999654e-01 7.785000000000000036e-04
5.244999999999999662e-01 7.688999999999999871e-04
5.254999999999999671e-01 7.594999999999999755e-04
5.264999999999999680e-01 7.502000000000000205e-04
5.274999999999999689e-01 7.410999999999999619e-04
5.284999999999999698e-01 7.320999999999999600e-04
5.294999999999999707e-01 7.232000000000000147e-04
5.304999999999999716e-01 7.144000000000000176e-04
5.314999999999999725e-01 7.058000000000000254e-04
5.324999999999999734e-01 6.972999999999999815e-04
5.334999999999999742e-01 6.888999999999999941e-04
5.344999999999999751e-01 6.807000000000000117e-04
5.354999999999999760e-01 6.725000000000000292e-04
5.364999999999999769e-01 6.645000000000000516e-04
5.374999999999999778e-01 6.566000000000000222e-04
5.384999999999999787e-01 6.488000000000000494e-04
5.394999999999999796e-01 6.411000000000000249e-04
5.404999999999999805e-01 6.334999999999999486e-04
5.414999999999999813e-01 6.260000000000000373e-04
5.424999999999999822e-01 6.187000000000000225e-04
5.434999999999999831e-01 6.114000000000000077e-04
5.444999999999999840e-01 6.042999999999999977e-04
5.454999999999999849e-01 5.971999999999999878e-04
5.464999999999999858e-01 5.902000000000000345e-04
5.474999999999999867e-01 5.833999999999999776e-04
5.484999999999999876e-01 5.766000000000000292e-04
5.494999999999999885e-01 5.699000000000000290e-04
5.504999999999999893e-01 5.632999999999999769e-04
5.514999999999999902e-01 5.567999999999999816e-04
5.524999999999999911e-01 5.504000000000000429e-04
5.534999999999999920e-01 5.441000000000000524e-04
5.544999999999999929e-01 5.379000000000000101e-04
5.554999999999999938e-01 5.318000000000000244e-04
5.564999999999999947e-01 5.257000000000000388e-04
5.574999999999999956e-01 5.197000000000000014e-04
5.584999999999999964e-01 5.138000000000000206e-04
5.594999999999999973e-01 5.079999999999999880e-04
5.604999999999999982e-01 5.023000000000000121e-04
5.614999999999999991e-01 4.966000000000000362e-04
5.625000000000000000e-01 4.910000000000000085e-04
5.635000000000000009e-01 4.854999999999999832e-04
5.645000000000000018e-01 4.801000000000000146e-04
5.655000000000000027e-01 4.746999999999999918e-04
5.665000000000000036e-01 4.694000000000000256e-04
5.675000000000000044e-01 4.642000000000000076e-04
5.685000000000000053e-01 4.590999999999999920e-04
5.695000000000000062e-01 4.539999999999999765e-04
5.705000000000000071e-01 4.490000000000000176e-04
5.715000000000000080e-01 4.440000000000000045e-04
5.725000000000000089e-01 4.391999999999999962e-04
5.735000000000000098e-01 4.342999999999999855e-04
5.745000000000000107e-01 4.295999999999999797e-04
5.755000000000000115e-01 4.248999999999999739e-04
5.765000000000000124e-01 4.203000000000000247e-04
5.775000000000000133e-01 4.157000000000000213e-04
5.785000000000000142e-01 4.112000000000000204e-04
5.795000000000000151e-01 4.067000000000000194e-04
5.805000000000000160e-01 4.023000000000000209e-04
5.815000000000000169e-01 3.980000000000000248e-04
5.825000000000000178e-01 3.936999999999999745e-04
5.835000000000000187e-01 3.894999999999999808e-04
5.845000000000000195e-01 3.852999999999999871e-04
5.855000000000000204e-01 3.811999999999999959e-04
5.865000000000000213e-01 3.771000000000000046e-04
5.875000000000000222e-01 3.731000000000000158e-04
5.885000000000000231e-01 3.691999999999999752e-04
5.895000000000000240e-01 3.651999999999999864e-04
5.905000000000000249e-01 3.614000000000000025e-04
5.915000000000000258e-01 3.576000000000000185e-04
5.925000000000000266e-01 3.537999999999999804e-04
5.935000000000000275e-01 3.500999999999999989e-04
5.945000000000000284e-01 3.464000000000000174e-04
5.955000000000000293e-01 3.427999999999999841e-04
5.965000000000000302e-01 3.392000000000000050e-04
5.975000000000000311e-01 3.356999999999999741e-04
5.985000000000000320e-01 3.321999999999999975e-04
5.995000000000000329e-01 3.287000000000000208e-04
6.005000000000000338e-01 3.252999999999999924e-04
6.015000000000000346e-01 3.220000000000000206e-04
6.025000000000000355e-01 3.185999999999999921e-04
6.035000000000000364e-01 3.154000000000000228e-04
6.045000000000000373e-01 3.120999999999999968e-04
6.055000000000000382e-01 3.088999999999999732e-04
6.065000000000000391e-01 3.057000000000000038e-04
6.075000000000000400e-01 3.025999999999999827e-04
6.085000000000000409e-01 2.995000000000000158e-04
6.095000000000000417e-01 2.964999999999999971e-04
6.105000000000000426e-01 2.934999999999999784e-04
6.115000000000000435e-01 2.905000000000000139e-04
6.125000000000000444e-01 2.875999999999999976e-04
6.135000000000000453e-01 2.846999999999999813e-04
6.145000000000000462e-01 2.818000000000000192e-04
6.155000000000000471e-01 2.790000000000000054e-04
6.165000000000000480e-01 2.761999999999999915e-04
6.175000000000000488e-01 2.733999999999999777e-04
6.185000000000000497e-01 2.707000000000000205e-04
6.195000000000000506e-01 2.680000000000000090e-04
6.205000000000000515e-01 2.652999999999999976e-04
6.215000000000000524e-01 2.626999999999999886e-04
6.225000000000000533e-01 2.600999999999999797e-04
6.235000000000000542e-01 2.575000000000000249e-04
6.245000000000000551e-01 2.550000000000000183e-04
6.254999999999999449e-01 2.525000000000000118e-04
6.264999999999999458e-01 2.500000000000000052e-04
6.274999999999999467e-01 2.474999999999999986e-04
6.284999999999999476e-01 2.450999999999999945e-04
6.294999999999999485e-01 2.426999999999999904e-04
6.304999999999999494e-01 2.403000000000000134e-04
6.314999999999999503e-01 2.380000000000000117e-04
6.324999999999999512e-01 2.357000000000000100e-04
6.334999999999999520e-01 2.334000000000000083e-04
6.344999999999999529e-01 2.311000000000000066e-04
6.354999999999999538e-01 2.289000000000000073e-04
6.364999999999999547e-01 2.267000000000000081e-04
6.374999999999999556e-01 2.245000000000000088e-04
6.384999999999999565e-01 2.224000000000000120e-04
6.394999999999999574e-01 2.202000000000000127e-04
6.404999999999999583e-01 2.180999999999999888e-04
6.414999999999999591e-01 2.159999999999999919e-04
6.424999999999999600e-01 2.139999999999999975e-04
6.434999999999999609e-01 2.119000000000000007e-04
6.444999999999999618e-01 2.099000000000000063e-04
6.454999999999999627e-01 2.079000000000000119e-04
6.464999999999999636e-01 2.059999999999999928e-04
6.474999999999999645e-01 2.039999999999999984e-04
6.484999999999999654e-01 2.021000000000000064e-04
6.494999999999999662e-01 2.001999999999999873e-04
6.504999999999999671e-01 1.982999999999999954e-04
6.514999999999999680e-01 1.965000000000000058e-04
6.524999999999999689e-01 1.945999999999999867e-04
6.534999999999999698e-01 1.927999999999999972e-04
6.544999999999999707e-01 1.910000000000000077e-04
6.554999999999999716e-01 1.891999999999999910e-04
6.564999999999999725e-01 1.875000000000000039e-04
6.574999999999999734e-01 1.856999999999999873e-04
6.584999999999999742e-01 1.840000000000000001e-04
6.594999999999999751e-01 1.823000000000000130e-04
6.604999999999999760e-01 1.807000000000000012e-04
6.614999999999999769e-01 1.789999999999999870e-04
6.624999999999999778e-01 1.772999999999999999e-04
6.634999999999999787e-01 1.756999999999999881e-04
6.644999999999999796e-01 1.741000000000000035e-04
6.654999999999999805e-01 1.724999999999999917e-04
6.664999999999999813e-01 1.710000000000000094e-04
6.674999999999999822e-01 1.693999999999999976e-04
6.684999999999999831e-01 1.678999999999999883e-04
6.694999999999999840e-01 1.663000000000000036e-04
6.704999999999999849e-01 1.647999999999999942e-04
6.714999999999999858e-01 1.633000000000000120e-04
6.724999999999999867e-01 1.619000000000000051e-04
6.734999999999999876e-01 1.603999999999999957e-04
6.744999999999999885e-01 1.589999999999999888e-04
6.754999999999999893e-01 1.575000000000000065e-04
6.764999999999999902e-01 1.560999999999999996e-04
6.774999999999999911e-01 1.546999999999999927e-04
6.784999999999999920e-01 1.533999999999999882e-04
6.794999999999999929e-01 1.520000000000000084e-04
6.804999999999999938e-01 1.506000000000000014e-04
6.814999999999999947e-01 1.492999999999999969e-04
6.824999999999999956e-01 1.479999999999999925e-04
6.834999999999999964e-01 1.466999999999999880e-04
6.844999999999999973e-01 1.454000000000000106e-04
6.854999999999999982e-01 1.441000000000000061e-04
6.864999999999999991e-01 1.428000000000000016e-04
6.875000000000000000e-01 1.415999999999999995e-04
6.885000000000000009e-01 1.402999999999999950e-04
6.895000000000000018e-01 1.390999999999999930e-04
6.905000000000000027e-01 1.378999999999999909e-04
6.915000000000000036e-01 1.366999999999999888e-04
6.925000000000000044e-01 1.354999999999999868e-04
6.935000000000000053e-01 1.343000000000000118e-04
6.945000000000000062e-01 1.332000000000000122e-04
6.955000000000000071e-01 1.320000000000000101e-04
6.965000000000000080e-01 1.309000000000000105e-04
6.975000000000000089e-01 1.297000000000000084e-04
6.985000000000000098e-01 1.286000000000000088e-04
6.995000000000000107e-01 1.275000000000000092e-04
7.005000000000000115e-01 1.264000000000000095e-04
7.015000000000000124e-01 1.253000000000000099e-04
7.025000000000000133e-01 1.243000000000000127e-04
7.035000000000000142e-01 1.232000000000000131e-04
7.045000000000000151e-01 1.221999999999999888e-04
7.055000000000000160e-01 1.211000000000000027e-04
7.065000000000000169e-01 1.201000000000000055e-04
7.075000000000000178e-01 1.190999999999999947e-04
7.085000000000000187e-01 1.180999999999999975e-04
7.095000000000000195e-01 1.171000000000000003e-04
7.105000000000000204e-01 1.161000000000000031e-04
7.115000000000000213e-01 1.151000000000000059e-04
7.125000000000000222e-01 1.140999999999999952e-04
7.135000000000000231e-01 1.132000000000000004e-04
7.145000000000000240e-01 1.122000000000000032e-04
7.155000000000000249e-01 1.112999999999999949e-04
7.165000000000000258e-01 1.104000000000000001e-04
7.175000000000000266e-01 1.094000000000000029e-04
7.185000000000000275e-01 1.084999999999999946e-04
7.195000000000000284e-01 1.075999999999999998e-04
7.205000000000000293e-01 1.067000000000000050e-04
7.215000000000000302e-01 1.057999999999999967e-04
7.225000000000000311e-01 1.050000000000000044e-04
7.235000000000000320e-01 1.040999999999999960e-04
7.245000000000000329e-01 1.032000000000000013e-04
7.255000000000000338e-01 1.023999999999999954e-04
7.265000000000000346e-01 1.016000000000000030e-04
7.275000000000000355e-01 1.006999999999999947e-04
7.285000000000000364e-01 9.990000000000000236e-05
7.295000000000000373e-01 9.909999999999999647e-05
7.305000000000000382e-01 9.830000000000000413e-05
7.315000000000000391e-01 9.749999999999999823e-05
7.325000000000000400e-01 9.670000000000000589e-05
7.335000000000000409e-01 9.590000000000000000e-05
7.345000000000000417e-01 9.509999999999999411e-05
7.355000000000000426e-01 9.430000000000000177e-05
7.365000000000000435e-01 9.359999999999999831e-05
7.375000000000000444e-01 9.280000000000000597e-05
7.385000000000000453e-01 9.210000000000000250e-05
7.395000000000000462e-01 9.129999999999999661e-05
7.405000000000000471e-01 9.060000000000000670e-05
7.415000000000000480e-01 8.990000000000000324e-05
7.425000000000000488e-01 8.919999999999999978e-05
7.435000000000000497e-01 8.839999999999999388e-05
7.445000000000000506e-01 8.770000000000000397e-05
7.455000000000000515e-01 8.700000000000000051e-05
7.465000000000000524e-01 8.629999999999999705e-05
7.475000000000000533e-01 8.569999999999999602e-05
7.485000000000000542e-01 8.500000000000000611e-05
7.495000000000000551e-01 8.430000000000000264e-05
7.504999999999999449e-01 8.359999999999999918e-05
7.514999999999999458e-01 8.299999999999999815e-05
7.524999999999999467e-01 8.229999999999999469e-05
7.534999999999999476e-01 8.169999999999999366e-05
7.544999999999999485e-01 8.100000000000000375e-05
7.554999999999999494e-01 8.040000000000000271e-05
7.564999999999999503e-01 7.980000000000000168e-05
7.574999999999999512e-01 7.920000000000000065e-05
7.584999999999999520e-01 7.849999999999999719e-05
7.594999999999999529e-01 7.789999999999999616e-05
7.604999999999999538e-01 7.729999999999999513e-05
7.614999999999999547e-01 7.669999999999999409e-05
7.624999999999999556e-01 7.610000000000000661e-05
7.634999999999999565e-01 7.550000000000000558e-05
7.644999999999999574e-01 7.490000000000000455e-05
7.654999999999999583e-01 7.440000000000000595e-05
7.664999999999999591e-01 7.380000000000000492e-05
7.674999999999999600e-01 7.320000000000000389e-05
7.684999999999999609e-01 7.270000000000000529e-05
7.694999999999999618e-01 7.210000000000000425e-05
7.704999999999999627e-01 7.160000000000000565e-05
7.714999999999999636e-01 7.100000000000000462e-05
7.724999999999999645e-01 7.050000000000000602e-05
7.734999999999999654e-01 6.990000000000000499e-05
7.744999999999999662e-01 6.940000000000000639e-05
7.754999999999999671e-01 6.889999999999999424e-05
7.764999999999999680e-01 6.830000000000000676e-05
7.774999999999999689e-01 6.779999999999999460e-05
7.784999999999999698e-01 6.729999999999999600e-05
7.794999999999999707e-01 6.679999999999999740e-05
7.804999999999999716e-01 6.629999999999999880e-05
7.814999999999999725e-01 6.580000000000000020e-05
7.824999999999999734e-01 6.530000000000000160e-05
7.834999999999999742e-01 6.480000000000000300e-05
7.844999999999999751e-01 6.430000000000000440e-05
7.854999999999999760e-01 6.389999999999999467e-05
7.864999999999999769e-01 6.339999999999999607e-05
7.874999999999999778e-01 6.289999999999999747e-05
7.884999999999999787e-01 6.239999999999999887e-05
7.894999999999999796e-01 6.200000000000000270e-05
7.904999999999999805e-01 6.150000000000000410e-05
7.914999999999999813e-01 6.109999999999999438e-05
7.924999999999999822e-01 6.060000000000000255e-05
7.934999999999999831e-01 6.009999999999999717e-05
7.944999999999999840e-01 5.970000000000000100e-05
7.954999999999999849e-01 5.929999999999999806e-05
7.964999999999999858e-01 5.879999999999999946e-05
7.974999999999999867e-01 5.840000000000000329e-05
7.984999999999999876e-01 5.800000000000000034e-05
7.994999999999999885e-01 5.750000000000000174e-05
8.004999999999999893e-01 5.709999999999999879e-05
8.014999999999999902e-01 5.670000000000000262e-05
8.024999999999999911e-01 5.629999999999999968e-05
8.034999999999999920e-01 5.589999999999999673e-05
8.044999999999999929e-01 5.550000000000000056e-05
8.054999999999999938e-01 5.509999999999999761e-05
8.064999999999999947e-01 5.470000000000000144e-05
8.074999999999999956e-01 5.429999999999999850e-05
8.084999999999999964e-01 5.390000000000000233e-05
8.094999999999999973e-01 5.349999999999999938e-05
8.104999999999999982e-01 5.310000000000000321e-05
8.114999999999999991e-01 5.270000000000000026e-05
8.125000000000000000e-01 5.229999999999999732e-05
8.135000000000000009e-01 5.199999999999999680e-05
8.145000000000000018e-01 5.160000000000000063e-05
8.155000000000000027e-01 5.119999999999999768e-05
8.165000000000000036e-01 5.089999999999999717e-05
8.175000000000000044e-01 5.050000000000000100e-05
8.185000000000000053e-01 5.009999999999999805e-05
8.195000000000000062e-01 4.979999999999999753e-05
8.205000000000000071e-01 4.940000000000000136e-05
8.215000000000000080e-01 4.910000000000000085e-05
8.225000000000000089e-01 4.869999999999999790e-05
8.235000000000000098e-01 4.839999999999999739e-05
8.245000000000000107e-01 4.800000000000000122e-05
8.255000000000000115e-01 4.770000000000000070e-05
8.265000000000000124e-01 4.740000000000000018e-05
8.275000000000000133e-01 4.699999999999999724e-05
8.285000000000000142e-01 4.669999999999999672e-05
8.295000000000000151e-01 4.640000000000000298e-05
8.305000000000000160e-01 4.600000000000000004e-05
8.315000000000000169e-01 4.569999999999999952e-05
8.325000000000000178e-01 4.539999999999999900e-05
8.335000000000000187e-01 4.509999999999999849e-05
8.345000000000000195e-01 4.479999999999999797e-05
8.355000000000000204e-01 4.449999999999999746e-05
8.365000000000000213e-01 4.410000000000000129e-05
8.375000000000000222e-01 4.380000000000000077e-05
8.385000000000000231e-01 4.350000000000000026e-05
8.395000000000000240e-01 4.319999999999999974e-05
8.405000000000000249e-01 4.289999999999999922e-05
8.415000000000000258e-01 4.259999999999999871e-05
8.425000000000000266e-01 4.229999999999999819e-05
8.435000000000000275e-01 4.210000000000000011e-05
8.445000000000000284e-01 4.179999999999999959e-05
8.455000000000000293e-01 4.149999999999999907e-05
8.465000000000000302e-01 4.119999999999999856e-05
8.475000000000000311e-01 4.089999999999999804e-05
8.485000000000000320e-01 4.059999999999999753e-05
8.495000000000000329e-01 4.039999999999999944e-05
8.505000000000000338e-01 4.009999999999999893e-05
8.515000000000000346e-01 3.979999999999999841e-05
8.525000000000000355e-01 3.949999999999999789e-05
8.535000000000000364e-01 3.929999999999999981e-05
8.545000000000000373e-01 3.899999999999999929e-05
8.555000000000000382e-01 3.869999999999999878e-05
8.565000000000000391e-01 3.850000000000000069e-05
8.575000000000000400e-01 3.820000000000000018e-05
8.585000000000000409e-01 3.800000000000000209e-05
8.595000000000000417e-01 3.770000000000000158e-05
8.605000000000000426e-01 3.740000000000000106e-05
8.615000000000000435e-01 3.720000000000000298e-05
8.625000000000000444e-01 3.690000000000000246e-05
8.635000000000000453e-01 3.669999999999999760e-05
8.645000000000000462e-01 3.649999999999999951e-05
8.655000000000000471e-01 3.619999999999999900e-05
8.665000000000000480e-01 3.600000000000000091e-05
8.675000000000000488e-01 3.570000000000000040e-05
8.685000000000000497e-01 3.550000000000000231e-05
8.695000000000000506e-01 3.529999999999999745e-05
8.705000000000000515e-01 3.499999999999999693e-05
8.715000000000000524e-01 3.479999999999999885e-05
8.725000000000000533e-01 3.460000000000000076e-05
8.735000000000000542e-01 3.430000000000000025e-05
8.745000000000000551e-01 3.410000000000000216e-05
8.754999999999999449e-01 3.389999999999999730e-05
8.764999999999999458e-01 3.369999999999999922e-05
8.774999999999999467e-01 3.339999999999999870e-05
8.784999999999999476e-01 3.320000000000000062e-05
8.794999999999999485e-01 3.300000000000000253e-05
8.804999999999999494e-01 3.279999999999999767e-05
8.814999999999999503e-01 3.259999999999999958e-05
8.824999999999999512e-01 3.240000000000000150e-05
8.834999999999999520e-01 3.210000000000000098e-05
8.844999999999999529e-01 3.190000000000000290e-05
8.854999999999999538e-01 3.169999999999999804e-05
8.864999999999999547e-01 3.149999999999999995e-05
8.874999999999999556e-01 3.130000000000000187e-05
8.884999999999999565e-01 3.109999999999999700e-05
8.894999999999999574e-01 3.089999999999999892e-05
8.904999999999999583e-01 3.070000000000000083e-05
8.914999999999999591e-01 3.049999999999999936e-05
8.924999999999999600e-01 3.030000000000000128e-05
8.934999999999999609e-01 3.009999999999999980e-05
8.944999999999999618e-01 2.989999999999999833e-05
8.954999999999999627e-01 2.970000000000000024e-05
8.964999999999999636e-01 2.949999999999999877e-05
8.974999999999999645e-01 2.939999999999999973e-05
8.984999999999999654e-01 2.920000000000000164e-05
8.994999999999999662e-01 2.900000000000000017e-05
9.004999999999999671e-01 2.879999999999999870e-05
9.014999999999999680e-01 2.860000000000000061e-05
9.024999999999999689e-01 2.839999999999999914e-05
9.034999999999999698e-01 2.820000000000000105e-05
9.044999999999999707e-01 2.809999999999999862e-05
9.054999999999999716e-01 2.790000000000000054e-05
9.064999999999999725e-01 2.769999999999999906e-05
9.074999999999999734e-01 2.750000000000000098e-05
9.084999999999999742e-01 2.739999999999999855e-05
9.094999999999999751e-01 2.720000000000000046e-05
9.104999999999999760e-01 2.699999999999999899e-05
9.114999999999999769e-01 2.680000000000000090e-05
9.124999999999999778e-01 2.669999999999999847e-05
9.134999999999999787e-01 2.650000000000000039e-05
9.144999999999999796e-01 2.629999999999999892e-05
9.154999999999999805e-01 2.619999999999999987e-05
9.164999999999999813e-01 2.599999999999999840e-05
9.174999999999999822e-01 2.589999999999999936e-05
9.184999999999999831e-01 2.570000000000000127e-05
9.194999999999999840e-01 2.549999999999999980e-05
9.204999999999999849e-01 2.540000000000000076e-05
9.214999999999999858e-01 2.519999999999999928e-05
9.224999999999999867e-01 2.510000000000000024e-05
9.234999999999999876e-01 2.489999999999999877e-05
9.244999999999999885e-01 2.479999999999999972e-05
9.254999999999999893e-01 2.460000000000000164e-05
9.264999999999999902e-01 2.440000000000000017e-05
9.274999999999999911e-01 2.430000000000000112e-05
9.284999999999999920e-01 2.409999999999999965e-05
9.294999999999999929e-01 2.400000000000000061e-05
9.304999999999999938e-01 2.379999999999999913e-05
9.314999999999999947e-01 2.370000000000000009e-05
9.324999999999999956e-01 2.360000000000000105e-05
9.334999999999999964e-01 2.339999999999999958e-05
9.344999999999999973e-01 2.330000000000000053e-05
9.354999999999999982e-01 2.309999999999999906e-05
9.364999999999999991e-01 2.300000000000000002e-05
9.375000000000000000e-01 2.279999999999999854e-05
9.385000000000000009e-01 2.269999999999999950e-05
9.395000000000000018e-01 2.260000000000000046e-05
9.405000000000000027e-01 2.239999999999999899e-05
9.415000000000000036e-01 2.229999999999999994e-05
9.425000000000000044e-01 2.220000000000000090e-05
9.435000000000000053e-01 2.199999999999999943e-05
9.445000000000000062e-01 2.190000000000000039e-05
9.455000000000000071e-01 2.180000000000000134e-05
9.465000000000000080e-01 2.159999999999999987e-05
9.475000000000000089e-01 2.150000000000000083e-05
9.485000000000000098e-01 2.139999999999999840e-05
9.495000000000000107e-01 2.120000000000000031e-05
9.505000000000000115e-01 2.110000000000000127e-05
9.515000000000000124e-01 2.099999999999999884e-05
9.525000000000000133e-01 2.089999999999999980e-05
9.535000000000000142e-01 2.069999999999999832e-05
9.545000000000000151e-01 2.059999999999999928e-05
9.555000000000000160e-01 2.050000000000000024e-05
9.565000000000000169e-01 2.040000000000000119e-05
9.575000000000000178e-01 2.019999999999999972e-05
9.585000000000000187e-01 2.010000000000000068e-05
9.595000000000000195e-01 2.000000000000000164e-05
9.605000000000000204e-01 1.989999999999999921e-05
9.615000000000000213e-01 1.980000000000000016e-05
9.625000000000000222e-01 1.970000000000000112e-05
9.635000000000000231e-01 1.949999999999999965e-05
9.645000000000000240e-01 1.940000000000000060e-05
9.655000000000000249e-01 1.930000000000000156e-05
9.665000000000000258e-01 1.919999999999999913e-05
9.675000000000000266e-01 1.910000000000000009e-05
9.685000000000000275e-01 1.900000000000000105e-05
9.695000000000000284e-01 1.889999999999999862e-05
9.705000000000000293e-01 1.879999999999999957e-05
9.715000000000000302e-01 1.860000000000000149e-05
9.725000000000000311e-01 1.849999999999999906e-05
9.735000000000000320e-01 1.840000000000000001e-05
9.745000000000000329e-01 1.830000000000000097e-05
9.755000000000000338e-01 1.819999999999999854e-05
9.765000000000000346e-01 1.809999999999999950e-05
9.775000000000000355e-01 1.800000000000000046e-05
9.785000000000000364e-01 1.790000000000000141e-05
9.795000000000000373e-01 1.779999999999999898e-05
9.805000000000000382e-01 1.769999999999999994e-05
9.815000000000000391e-01 1.760000000000000090e-05
9.825000000000000400e-01 1.749999999999999847e-05
9.835000000000000409e-01 1.739999999999999942e-05
9.845000000000000417e-01 1.730000000000000038e-05
9.855000000000000426e-01 1.720000000000000134e-05
9.865000000000000435e-01 1.709999999999999891e-05
9.875000000000000444e-01 1.699999999999999987e-05
9.885000000000000453e-01 1.690000000000000082e-05
9.895000000000000462e-01 1.679999999999999839e-05
9.905000000000000471e-01 1.669999999999999935e-05
9.915000000000000480e-01 1.660000000000000031e-05
9.925000000000000488e-01 1.650000000000000127e-05
9.935000000000000497e-01 1.639999999999999883e-05
9.945000000000000506e-01 1.629999999999999979e-05
9.955000000000000515e-01 1.620000000000000075e-05
9.965000000000000524e-01 1.609999999999999832e-05
9.975000000000000533e-01 1.599999999999999928e-05
9.985000000000000542e-01 1.599999999999999928e-05
9.995000000000000551e-01 1.590000000000000023e-05
