5.000000000000000104e-04 2.988520000000000065e-02
1.500000000000000031e-03 3.029029999999999917e-02
2.500000000000000052e-03 3.070229999999999834e-02
3.500000000000000073e-03 3.112140000000000045e-02
4.499999999999999660e-03 3.154760000000000203e-02
5.499999999999999681e-03 3.198120000000000129e-02
6.499999999999999702e-03 3.242239999999999706e-02
7.499999999999999722e-03 3.287110000000000032e-02
8.500000000000000611e-03 3.332770000000000177e-02
9.499999999999999764e-03 3.379229999999999734e-02
1.050000000000000065e-02 3.426499999999999685e-02
1.149999999999999981e-02 3.474610000000000198e-02
1.250000000000000069e-02 3.523559999999999887e-02
1.349999999999999985e-02 3.573389999999999900e-02
1.450000000000000074e-02 3.624089999999999950e-02
1.549999999999999989e-02 3.675710000000000088e-02
1.650000000000000078e-02 3.728250000000000314e-02
1.750000000000000167e-02 3.781729999999999814e-02
1.849999999999999908e-02 3.836180000000000145e-02
1.949999999999999997e-02 3.891610000000000208e-02
2.050000000000000086e-02 3.948050000000000170e-02
2.149999999999999828e-02 4.005530000000000201e-02
2.249999999999999917e-02 4.064050000000000301e-02
2.350000000000000006e-02 4.123650000000000232e-02
2.450000000000000094e-02 4.184340000000000281e-02
2.549999999999999836e-02 4.246160000000000212e-02
2.649999999999999925e-02 4.309129999999999905e-02
2.750000000000000014e-02 4.373269999999999935e-02
2.850000000000000103e-02 4.438609999999999778e-02
2.949999999999999845e-02 4.505180000000000295e-02
3.049999999999999933e-02 4.573010000000000269e-02
3.150000000000000022e-02 4.642109999999999986e-02
3.250000000000000111e-02 4.712530000000000191e-02
3.350000000000000200e-02 4.784290000000000070e-02
3.450000000000000289e-02 4.857419999999999793e-02
3.549999999999999684e-02 4.931959999999999816e-02
3.649999999999999772e-02 5.007930000000000020e-02
3.749999999999999861e-02 5.085370000000000168e-02
3.849999999999999950e-02 5.164320000000000022e-02
3.950000000000000039e-02 5.244800000000000156e-02
4.050000000000000128e-02 5.326859999999999928e-02
4.150000000000000216e-02 5.410530000000000200e-02
4.250000000000000305e-02 5.495850000000000041e-02
4.349999999999999700e-02 5.582859999999999906e-02
4.449999999999999789e-02 5.671600000000000252e-02
4.549999999999999878e-02 5.762110000000000148e-02
4.649999999999999967e-02 5.854430000000000051e-02
4.750000000000000056e-02 5.948599999999999721e-02
4.850000000000000144e-02 6.044680000000000192e-02
4.950000000000000233e-02 6.142700000000000243e-02
5.050000000000000322e-02 6.242709999999999926e-02
5.149999999999999717e-02 6.344769999999999577e-02
5.249999999999999806e-02 6.448909999999999365e-02
5.349999999999999895e-02 6.555199999999999916e-02
5.449999999999999983e-02 6.663689999999999891e-02
5.550000000000000072e-02 6.774429999999999341e-02
5.650000000000000161e-02 6.887469999999999704e-02
5.750000000000000250e-02 7.002880000000000216e-02
5.850000000000000339e-02 7.120700000000000640e-02
5.949999999999999734e-02 7.241010000000000502e-02
6.049999999999999822e-02 7.363870000000000138e-02
6.149999999999999911e-02 7.489339999999999886e-02
6.250000000000000000e-02 7.617480000000000084e-02
6.350000000000000089e-02 7.748370000000000257e-02
6.450000000000000178e-02 7.882079999999999642e-02
6.550000000000000266e-02 8.018669999999999964e-02
6.650000000000000355e-02 8.158219999999999361e-02
6.750000000000000444e-02 8.300810000000000133e-02
6.850000000000000533e-02 8.446520000000000417e-02
6.950000000000000622e-02 8.595419999999999450e-02
7.049999999999999323e-02 8.747610000000000108e-02
7.149999999999999412e-02 8.903170000000000528e-02
7.249999999999999500e-02 9.062190000000000523e-02
7.349999999999999589e-02 9.224749999999999617e-02
7.449999999999999678e-02 9.390959999999999586e-02
7.549999999999999767e-02 9.560920000000000529e-02
7.649999999999999856e-02 9.734710000000000585e-02
7.749999999999999944e-02 9.912450000000000427e-02
7.850000000000000033e-02 1.009424000000000016e-01
7.950000000000000122e-02 1.028019000000000016e-01
8.050000000000000211e-02 1.047041999999999973e-01
8.150000000000000300e-02 1.066504000000000063e-01
8.250000000000000389e-02 1.086416999999999938e-01
8.350000000000000477e-02 1.106793999999999972e-01
8.450000000000000566e-02 1.127647999999999984e-01
8.550000000000000655e-02 1.148992000000000069e-01
8.649999999999999356e-02 1.170839000000000046e-01
8.749999999999999445e-02 1.193203999999999931e-01
8.849999999999999534e-02 1.216100999999999988e-01
8.949999999999999623e-02 1.239544999999999952e-01
9.049999999999999711e-02 1.263552000000000008e-01
9.149999999999999800e-02 1.288138000000000061e-01
9.249999999999999889e-02 1.313320000000000043e-01
9.349999999999999978e-02 1.339114000000000138e-01
9.450000000000000067e-02 1.365538000000000030e-01
9.550000000000000155e-02 1.392610999999999988e-01
9.650000000000000244e-02 1.420349999999999946e-01
9.750000000000000333e-02 1.448776999999999981e-01
9.850000000000000422e-02 1.477911000000000086e-01
9.950000000000000511e-02 1.507772000000000001e-01
1.005000000000000060e-01 1.538383000000000111e-01
1.015000000000000069e-01 1.569764999999999910e-01
1.024999999999999939e-01 1.601942000000000088e-01
1.034999999999999948e-01 1.634936999999999918e-01
1.044999999999999957e-01 1.668775000000000119e-01
1.054999999999999966e-01 1.703481000000000023e-01
1.064999999999999974e-01 1.739082000000000128e-01
1.074999999999999983e-01 1.775604000000000071e-01
1.084999999999999992e-01 1.813076999999999883e-01
1.095000000000000001e-01 1.851528000000000063e-01
1.105000000000000010e-01 1.890988999999999864e-01
1.115000000000000019e-01 1.931489999999999874e-01
1.125000000000000028e-01 1.973062999999999900e-01
1.135000000000000037e-01 2.015743000000000118e-01
1.145000000000000046e-01 2.059564000000000117e-01
1.155000000000000054e-01 2.104560000000000042e-01
1.165000000000000063e-01 2.150770999999999933e-01
1.174999999999999933e-01 2.198232999999999993e-01
1.184999999999999942e-01 2.246988000000000041e-01
1.194999999999999951e-01 2.297075000000000089e-01
1.204999999999999960e-01 2.348538000000000014e-01
1.214999999999999969e-01 2.401420999999999972e-01
1.224999999999999978e-01 2.455769999999999897e-01
1.234999999999999987e-01 2.511631999999999754e-01
1.244999999999999996e-01 2.569057000000000146e-01
1.255000000000000004e-01 2.628094999999999737e-01
1.265000000000000013e-01 2.688800000000000079e-01
1.275000000000000022e-01 2.751225999999999949e-01
1.285000000000000031e-01 2.815429999999999877e-01
1.295000000000000040e-01 2.881470999999999894e-01
1.305000000000000049e-01 2.949410000000000087e-01
1.315000000000000058e-01 3.019311000000000078e-01
1.325000000000000067e-01 3.091240000000000099e-01
1.335000000000000075e-01 3.165263999999999855e-01
1.345000000000000084e-01 3.241453999999999724e-01
1.355000000000000093e-01 3.319885000000000197e-01
1.365000000000000102e-01 3.400631000000000070e-01
1.375000000000000111e-01 3.483770999999999951e-01
1.385000000000000120e-01 3.569389000000000034e-01
1.395000000000000129e-01 3.657568999999999959e-01
1.405000000000000138e-01 3.748399000000000036e-01
1.414999999999999869e-01 3.841971000000000136e-01
1.424999999999999878e-01 3.938379000000000185e-01
1.434999999999999887e-01 4.037722999999999729e-01
1.444999999999999896e-01 4.140105000000000035e-01
1.454999999999999905e-01 4.245631999999999739e-01
1.464999999999999913e-01 4.354412999999999756e-01
1.474999999999999922e-01 4.466564000000000090e-01
1.484999999999999931e-01 4.582202000000000219e-01
1.494999999999999940e-01 4.701451999999999853e-01
1.504999999999999949e-01 4.824441999999999897e-01
1.514999999999999958e-01 4.951304000000000261e-01
1.524999999999999967e-01 5.082178000000000528e-01
1.534999999999999976e-01 5.217205000000000314e-01
1.544999999999999984e-01 5.356535000000000046e-01
1.554999999999999993e-01 5.500321999999999711e-01
1.565000000000000002e-01 5.648727000000000054e-01
1.575000000000000011e-01 5.801916000000000295e-01
1.585000000000000020e-01 5.960060000000000358e-01
1.595000000000000029e-01 6.123340000000000449e-01
1.605000000000000038e-01 6.291940999999999784e-01
1.615000000000000047e-01 6.466056999999999499e-01
1.625000000000000056e-01 6.645885000000000264e-01
1.635000000000000064e-01 6.831635000000000346e-01
1.645000000000000073e-01 7.023521000000000347e-01
1.655000000000000082e-01 7.221765999999999464e-01
1.665000000000000091e-01 7.426601000000000452e-01
1.675000000000000100e-01 7.638266000000000222e-01
1.685000000000000109e-01 7.857007999999999770e-01
1.695000000000000118e-01 8.083086000000000437e-01
1.705000000000000127e-01 8.316763000000000350e-01
1.715000000000000135e-01 8.558318000000000314e-01
1.724999999999999867e-01 8.808034000000000141e-01
1.734999999999999876e-01 9.066205999999999987e-01
1.744999999999999885e-01 9.333139999999999770e-01
1.754999999999999893e-01 9.609151000000000220e-01
1.764999999999999902e-01 9.894564999999999610e-01
1.774999999999999911e-01 1.018971899999999930e+00
1.784999999999999920e-01 1.049495899999999926e+00
1.794999999999999929e-01 1.081064400000000036e+00
1.804999999999999938e-01 1.113714300000000046e+00
1.814999999999999947e-01 1.147483699999999995e+00
1.824999999999999956e-01 1.182411799999999902e+00
1.834999999999999964e-01 1.218538899999999980e+00
1.844999999999999973e-01 1.255906399999999978e+00
1.854999999999999982e-01 1.294556800000000063e+00
1.864999999999999991e-01 1.334533799999999992e+00
1.875000000000000000e-01 1.375882100000000108e+00
1.885000000000000009e-01 1.418647599999999898e+00
1.895000000000000018e-01 1.462876999999999983e+00
1.905000000000000027e-01 1.508618100000000073e+00
1.915000000000000036e-01 1.555919800000000075e+00
1.925000000000000044e-01 1.604831499999999966e+00
1.935000000000000053e-01 1.655403799999999981e+00
1.945000000000000062e-01 1.707687799999999978e+00
1.955000000000000071e-01 1.761735300000000004e+00
1.965000000000000080e-01 1.817598599999999953e+00
1.975000000000000089e-01 1.875330500000000011e+00
1.985000000000000098e-01 1.934983799999999921e+00
1.995000000000000107e-01 1.996611799999999937e+00
2.005000000000000115e-01 2.060267399999999860e+00
2.015000000000000124e-01 2.126003499999999935e+00
2.025000000000000133e-01 2.193872199999999939e+00
2.034999999999999865e-01 2.263925299999999918e+00
2.044999999999999873e-01 2.336213400000000107e+00
2.054999999999999882e-01 2.410785800000000201e+00
2.064999999999999891e-01 2.487690399999999968e+00
2.074999999999999900e-01 2.566973200000000066e+00
2.084999999999999909e-01 2.648677999999999866e+00
2.094999999999999918e-01 2.732845900000000050e+00
2.104999999999999927e-01 2.819514999999999993e+00
2.114999999999999936e-01 2.908720100000000031e+00
2.124999999999999944e-01 3.000491900000000101e+00
2.134999999999999953e-01 3.094856899999999911e+00
2.144999999999999962e-01 3.191836700000000082e+00
2.154999999999999971e-01 3.291447300000000187e+00
2.164999999999999980e-01 3.393698899999999963e+00
2.174999999999999989e-01 3.498595299999999853e+00
2.184999999999999998e-01 3.606132899999999974e+00
2.195000000000000007e-01 3.716300700000000123e+00
2.205000000000000016e-01 3.829079199999999794e+00
2.215000000000000024e-01 3.944440199999999841e+00
2.225000000000000033e-01 4.062346100000000071e+00
2.235000000000000042e-01 4.182748899999999992e+00
2.245000000000000051e-01 4.305590300000000425e+00
2.255000000000000060e-01 4.430800800000000095e+00
2.265000000000000069e-01 4.558299100000000159e+00
2.275000000000000078e-01 4.687991799999999820e+00
2.285000000000000087e-01 4.819772999999999641e+00
2.295000000000000095e-01 4.953523900000000424e+00
2.305000000000000104e-01 5.089112199999999753e+00
2.315000000000000113e-01 5.226392200000000265e+00
2.325000000000000122e-01 5.365204699999999605e+00
2.335000000000000131e-01 5.505376700000000234e+00
2.344999999999999862e-01 5.646721499999999949e+00
2.354999999999999871e-01 5.789038699999999871e+00
2.364999999999999880e-01 5.932114799999999910e+00
2.374999999999999889e-01 6.075723199999999657e+00
2.384999999999999898e-01 6.219624999999999737e+00
2.394999999999999907e-01 6.363569100000000311e+00
2.404999999999999916e-01 6.507293500000000286e+00
2.414999999999999925e-01 6.650525599999999926e+00
2.424999999999999933e-01 6.792983699999999736e+00
2.434999999999999942e-01 6.934377300000000410e+00
2.444999999999999951e-01 7.074409199999999842e+00
2.454999999999999960e-01 7.212775800000000181e+00
2.464999999999999969e-01 7.349169299999999794e+00
2.474999999999999978e-01 7.483278399999999664e+00
2.484999999999999987e-01 7.614790300000000123e+00
2.494999999999999996e-01 7.743392000000000053e+00
2.505000000000000004e-01 7.868771899999999597e+00
2.515000000000000013e-01 7.990621400000000207e+00
2.525000000000000022e-01 8.108636499999999359e+00
2.535000000000000031e-01 8.222519300000000086e+00
2.545000000000000040e-01 8.331979600000000374e+00
2.555000000000000049e-01 8.436736599999999697e+00
2.565000000000000058e-01 8.536519900000000050e+00
2.575000000000000067e-01 8.631071199999999166e+00
2.585000000000000075e-01 8.720145699999999778e+00
2.595000000000000084e-01 8.803513000000000588e+00
2.605000000000000093e-01 8.880958299999999639e+00
2.615000000000000102e-01 8.952283599999999453e+00
2.625000000000000111e-01 9.017308099999999271e+00
2.635000000000000120e-01 9.075869700000000151e+00
2.645000000000000129e-01 9.127824699999999680e+00
2.655000000000000138e-01 9.173049199999999459e+00
2.665000000000000147e-01 9.211438899999999208e+00
2.675000000000000155e-01 9.242909600000000836e+00
2.685000000000000164e-01 9.267397300000000726e+00
2.695000000000000173e-01 9.284858399999999179e+00
2.705000000000000182e-01 9.295269299999999291e+00
2.715000000000000191e-01 9.298626699999999801e+00
2.725000000000000200e-01 9.294946799999999953e+00
2.735000000000000209e-01 9.284265500000000060e+00
2.745000000000000218e-01 9.266637499999999861e+00
2.755000000000000226e-01 9.242136199999999135e+00
2.765000000000000235e-01 9.210852799999999618e+00
2.775000000000000244e-01 9.172895900000000324e+00
2.785000000000000253e-01 9.128390599999999466e+00
2.795000000000000262e-01 9.077478100000000438e+00
2.805000000000000271e-01 9.020314499999999569e+00
2.814999999999999725e-01 8.957070299999999818e+00
2.824999999999999734e-01 8.887929400000000868e+00
2.834999999999999742e-01 8.813088099999999869e+00
2.844999999999999751e-01 8.732754500000000419e+00
2.854999999999999760e-01 8.647147399999999706e+00
2.864999999999999769e-01 8.556495099999999354e+00
2.874999999999999778e-01 8.461034800000000189e+00
2.884999999999999787e-01 8.361011400000000648e+00
2.894999999999999796e-01 8.256676499999999308e+00
2.904999999999999805e-01 8.148287599999999742e+00
2.914999999999999813e-01 8.036106699999999492e+00
2.924999999999999822e-01 7.920399500000000259e+00
2.934999999999999831e-01 7.801434500000000050e+00
2.944999999999999840e-01 7.679481799999999581e+00
2.954999999999999849e-01 7.554812199999999756e+00
2.964999999999999858e-01 7.427696100000000357e+00
2.974999999999999867e-01 7.298402799999999857e+00
2.984999999999999876e-01 7.167199199999999770e+00
2.994999999999999885e-01 7.034349200000000302e+00
3.004999999999999893e-01 6.900112599999999929e+00
3.014999999999999902e-01 6.764744399999999658e+00
3.024999999999999911e-01 6.628494100000000167e+00
3.034999999999999920e-01 6.491604699999999895e+00
3.044999999999999929e-01 6.354312099999999575e+00
3.054999999999999938e-01 6.216844499999999663e+00
3.064999999999999947e-01 6.079422100000000384e+00
3.074999999999999956e-01 5.942255799999999866e+00
3.084999999999999964e-01 5.805547699999999978e+00
3.094999999999999973e-01 5.669489999999999696e+00
3.104999999999999982e-01 5.534265000000000434e+00
3.114999999999999991e-01 5.400044799999999867e+00
3.125000000000000000e-01 5.266990999999999978e+00
3.135000000000000009e-01 5.135254899999999623e+00
3.145000000000000018e-01 5.004976799999999670e+00
3.155000000000000027e-01 4.876286600000000249e+00
3.165000000000000036e-01 4.749303799999999853e+00
3.175000000000000044e-01 4.624137300000000117e+00
3.185000000000000053e-01 4.500885499999999873e+00
3.195000000000000062e-01 4.379637100000000061e+00
3.205000000000000071e-01 4.260470699999999944e+00
3.215000000000000080e-01 4.143455499999999958e+00
3.225000000000000089e-01 4.028651400000000216e+00
3.235000000000000098e-01 3.916109399999999852e+00
3.245000000000000107e-01 3.805872100000000202e+00
3.255000000000000115e-01 3.697973900000000036e+00
3.265000000000000124e-01 3.592441500000000065e+00
3.275000000000000133e-01 3.489294399999999907e+00
3.285000000000000142e-01 3.388545199999999813e+00
3.295000000000000151e-01 3.290199900000000177e+00
3.305000000000000160e-01 3.194258899999999901e+00
3.315000000000000169e-01 3.100716699999999992e+00
3.325000000000000178e-01 3.009562799999999871e+00
3.335000000000000187e-01 2.920781999999999989e+00
3.345000000000000195e-01 2.834354700000000005e+00
3.355000000000000204e-01 2.750257299999999905e+00
3.365000000000000213e-01 2.668463000000000029e+00
3.375000000000000222e-01 2.588941399999999948e+00
3.385000000000000231e-01 2.511659499999999934e+00
3.395000000000000240e-01 2.436581700000000072e+00
3.405000000000000249e-01 2.363670299999999891e+00
3.415000000000000258e-01 2.292885699999999805e+00
3.425000000000000266e-01 2.224186500000000066e+00
3.435000000000000275e-01 2.157530299999999901e+00
3.444999999999999729e-01 2.092873099999999820e+00
3.454999999999999738e-01 2.030170500000000100e+00
3.464999999999999747e-01 1.969377099999999992e+00
3.474999999999999756e-01 1.910447199999999901e+00
3.484999999999999765e-01 1.853334599999999943e+00
3.494999999999999774e-01 1.797993200000000069e+00
3.504999999999999782e-01 1.744376600000000055e+00
3.514999999999999791e-01 1.692438799999999910e+00
3.524999999999999800e-01 1.642133999999999983e+00
3.534999999999999809e-01 1.593416600000000072e+00
3.544999999999999818e-01 1.546241600000000105e+00
3.554999999999999827e-01 1.500564400000000020e+00
3.564999999999999836e-01 1.456341200000000002e+00
3.574999999999999845e-01 1.413528799999999919e+00
3.584999999999999853e-01 1.372084700000000046e+00
3.594999999999999862e-01 1.331967099999999959e+00
3.604999999999999871e-01 1.293135200000000040e+00
3.614999999999999880e-01 1.255549000000000026e+00
3.624999999999999889e-01 1.219169299999999900e+00
3.634999999999999898e-01 1.183957900000000008e+00
3.644999999999999907e-01 1.149877400000000049e+00
3.654999999999999916e-01 1.116891499999999926e+00
3.664999999999999925e-01 1.084964800000000062e+00
3.674999999999999933e-01 1.054062599999999961e+00
3.684999999999999942e-01 1.024151400000000045e+00
3.694999999999999951e-01 9.951986999999999917e-01
3.704999999999999960e-01 9.671726999999999963e-01
3.714999999999999969e-01 9.400425999999999505e-01
3.724999999999999978e-01 9.137785999999999964e-01
3.734999999999999987e-01 8.883518000000000248e-01
3.744999999999999996e-01 8.637340999999999491e-01
3.755000000000000004e-01 8.398982000000000392e-01
3.765000000000000013e-01 8.168178999999999856e-01
3.775000000000000022e-01 7.944676999999999989e-01
3.785000000000000031e-01 7.728228999999999793e-01
3.795000000000000040e-01 7.518595999999999613e-01
3.805000000000000049e-01 7.315547999999999496e-01
3.815000000000000058e-01 7.118862000000000245e-01
3.825000000000000067e-01 6.928320999999999508e-01
3.835000000000000075e-01 6.743717999999999657e-01
3.845000000000000084e-01 6.564851000000000436e-01
3.855000000000000093e-01 6.391525999999999597e-01
3.865000000000000102e-01 6.223554000000000030e-01
3.875000000000000111e-01 6.060754999999999892e-01
3.885000000000000120e-01 5.902952999999999673e-01
3.895000000000000129e-01 5.749980000000000091e-01
3.905000000000000138e-01 5.601671999999999763e-01
3.915000000000000147e-01 5.457870999999999695e-01
3.925000000000000155e-01 5.318427000000000016e-01
3.935000000000000164e-01 5.183191999999999799e-01
3.945000000000000173e-01 5.052024000000000514e-01
3.955000000000000182e-01 4.924787999999999943e-01
3.965000000000000191e-01 4.801351999999999842e-01
3.975000000000000200e-01 4.681587999999999861e-01
3.985000000000000209e-01 4.565374999999999850e-01
3.995000000000000218e-01 4.452594000000000274e-01
4.005000000000000226e-01 4.343131000000000075e-01
4.015000000000000235e-01 4.236875999999999975e-01
4.025000000000000244e-01 4.133723999999999732e-01
4.035000000000000253e-01 4.033571000000000240e-01
4.045000000000000262e-01 3.936319999999999819e-01
4.055000000000000271e-01 3.841875000000000151e-01
4.064999999999999725e-01 3.750144000000000255e-01
4.074999999999999734e-01 3.661038999999999821e-01
4.084999999999999742e-01 3.574474000000000262e-01
4.094999999999999751e-01 3.490366999999999775e-01
4.104999999999999760e-01 3.408638999999999974e-01
4.114999999999999769e-01 3.329211999999999727e-01
4.124999999999999778e-01 3.252013000000000265e-01
4.134999999999999787e-01 3.176970000000000072e-01
4.144999999999999796e-01 3.104014999999999969e-01
4.154999999999999805e-01 3.033081000000000249e-01
4.164999999999999813e-01 2.964104000000000183e-01
4.174999999999999822e-01 2.897022000000000208e-01
4.184999999999999831e-01 2.831775000000000264e-01
4.194999999999999840e-01 2.768304999999999794e-01
4.204999999999999849e-01 2.706556999999999991e-01
4.214999999999999858e-01 2.646476999999999857e-01
4.224999999999999867e-01 2.588014000000000148e-01
4.234999999999999876e-01 2.531115999999999921e-01
4.244999999999999885e-01 2.475736000000000048e-01
4.254999999999999893e-01 2.421827000000000008e-01
4.264999999999999902e-01 2.369342999999999866e-01
4.274999999999999911e-01 2.318242000000000080e-01
4.284999999999999920e-01 2.268480999999999970e-01
4.294999999999999929e-01 2.220019000000000020e-01
4.304999999999999938e-01 2.172816999999999943e-01
4.314999999999999947e-01 2.126838000000000062e-01
4.324999999999999956e-01 2.082044000000000117e-01
4.334999999999999964e-01 2.038398999999999905e-01
4.344999999999999973e-01 1.995870999999999895e-01
4.354999999999999982e-01 1.954424999999999912e-01
4.364999999999999991e-01 1.914028999999999869e-01
4.375000000000000000e-01 1.874653000000000014e-01
4.385000000000000009e-01 1.836266000000000009e-01
4.395000000000000018e-01 1.798839999999999884e-01
4.405000000000000027e-01 1.762346999999999941e-01
4.415000000000000036e-01 1.726758999999999933e-01
4.425000000000000044e-01 1.692050999999999972e-01
4.435000000000000053e-01 1.658196000000000114e-01
4.445000000000000062e-01 1.625170999999999977e-01
4.455000000000000071e-01 1.592951999999999979e-01
4.465000000000000080e-01 1.561514999999999986e-01
4.475000000000000089e-01 1.530838999999999950e-01
4.485000000000000098e-01 1.500902000000000069e-01
4.495000000000000107e-01 1.471683000000000019e-01
4.505000000000000115e-01 1.443162000000000056e-01
4.515000000000000124e-01 1.415318999999999883e-01
4.525000000000000133e-01 1.388136000000000092e-01
4.535000000000000142e-01 1.361594999999999889e-01
4.545000000000000151e-01 1.335677000000000114e-01
4.555000000000000160e-01 1.310365000000000002e-01
4.565000000000000169e-01 1.285642999999999925e-01
4.575000000000000178e-01 1.261494999999999977e-01
4.585000000000000187e-01 1.237903999999999949e-01
4.595000000000000195e-01 1.214857000000000020e-01
4.605000000000000204e-01 1.192336999999999980e-01
4.615000000000000213e-01 1.170332000000000039e-01
4.625000000000000222e-01 1.148827000000000043e-01
4.635000000000000231e-01 1.127808000000000005e-01
4.645000000000000240e-01 1.107264000000000026e-01
4.655000000000000249e-01 1.087179999999999952e-01
4.665000000000000258e-01 1.067546000000000050e-01
4.675000000000000266e-01 1.048348999999999948e-01
4.685000000000000275e-01 1.029578000000000021e-01
4.694999999999999729e-01 1.011221000000000064e-01
4.704999999999999738e-01 9.932689999999999575e-02
4.714999999999999747e-01 9.757100000000000495e-02
4.724999999999999756e-01 9.585340000000000527e-02
4.734999999999999765e-01 9.417309999999999570e-02
4.744999999999999774e-01 9.252920000000000589e-02
4.754999999999999782e-01 9.092079999999999607e-02
4.764999999999999791e-01 8.934690000000000687e-02
4.774999999999999800e-01 8.780670000000000142e-02
4.784999999999999809e-01 8.629929999999999546e-02
4.794999999999999818e-01 8.482389999999999375e-02
4.804999999999999827e-01 8.337970000000000104e-02
4.814999999999999836e-01 8.196589999999999432e-02
4.824999999999999845e-01 8.058179999999999510e-02
4.834999999999999853e-01 7.922659999999999425e-02
4.844999999999999862e-01 7.789959999999999940e-02
4.854999999999999871e-01 7.660019999999999329e-02
4.864999999999999880e-01 7.532750000000000556e-02
4.874999999999999889e-01 7.408109999999999695e-02
4.884999999999999898e-01 7.286019999999999996e-02
4.894999999999999907e-01 7.166419999999999735e-02
4.904999999999999916e-01 7.049249999999999960e-02
4.914999999999999925e-01 6.934460000000000623e-02
4.924999999999999933e-01 6.821989999999999998e-02
4.934999999999999942e-01 6.711770000000000236e-02
4.944999999999999951e-01 6.603770000000000473e-02
4.954999999999999960e-01 6.497920000000000085e-02
4.964999999999999969e-01 6.394170000000000409e-02
4.974999999999999978e-01 6.292480000000000295e-02
4.984999999999999987e-01 6.192799999999999694e-02
4.994999999999999996e-01 6.095069999999999655e-02
5.004999999999999449e-01 5.999260000000000009e-02
5.014999999999999458e-01 5.905320000000000014e-02
5.024999999999999467e-01 5.813200000000000311e-02
5.034999999999999476e-01 5.722870000000000040e-02
5.044999999999999485e-01 5.634279999999999844e-02
5.054999999999999494e-01 5.547400000000000247e-02
5.064999999999999503e-01 5.462170000000000220e-02
5.074999999999999512e-01 5.378580000000000166e-02
5.084999999999999520e-01 5.296569999999999750e-02
5.094999999999999529e-01 5.216119999999999785e-02
5.104999999999999538e-01 5.137189999999999812e-02
5.114999999999999547e-01 5.059740000000000071e-02
5.124999999999999556e-01 4.983739999999999698e-02
5.134999999999999565e-01 4.909170000000000200e-02
5.144999999999999574e-01 4.835980000000000140e-02
5.154999999999999583e-01 4.764140000000000041e-02
5.164999999999999591e-01 4.693640000000000312e-02
5.174999999999999600e-01 4.624430000000000207e-02
5.184999999999999609e-01 4.556489999999999846e-02
5.194999999999999618e-01 4.489789999999999753e-02
5.204999999999999627e-01 4.424310000000000048e-02
5.214999999999999636e-01 4.360019999999999868e-02
5.224999999999999645e-01 4.296889999999999737e-02
5.234999999999999654e-01 4.234890000000000182e-02
5.244999999999999662e-01 4.174010000000000220e-02
5.254999999999999671e-01 4.114219999999999683e-02
5.264999999999999680e-01 4.055500000000000077e-02
5.274999999999999689e-01 3.997819999999999846e-02
5.284999999999999698e-01 3.941159999999999802e-02
5.294999999999999707e-01 3.885500000000000065e-02
5.304999999999999716e-01 3.830830000000000346e-02
5.314999999999999725e-01 3.777110000000000190e-02
5.324999999999999734e-01 3.724319999999999714e-02
5.334999999999999742e-01 3.672460000000000307e-02
5.344999999999999751e-01 3.621499999999999719e-02
5.354999999999999760e-01 3.571420000000000150e-02
5.364999999999999769e-01 3.522200000000000331e-02
5.374999999999999778e-01 3.473829999999999973e-02
5.384999999999999787e-01 3.426280000000000298e-02
5.394999999999999796e-01 3.379549999999999915e-02
5.404999999999999805e-01 3.333610000000000045e-02
5.414999999999999813e-01 3.288449999999999707e-02
5.424999999999999822e-01 3.244059999999999999e-02
5.434999999999999831e-01 3.200410000000000060e-02
5.444999999999999840e-01 3.157490000000000296e-02
5.454999999999999849e-01 3.115290000000000073e-02
5.464999999999999858e-01 3.073800000000000143e-02
5.474999999999999867e-01 3.032989999999999992e-02
5.484999999999999876e-01 2.992859999999999965e-02
5.494999999999999885e-01 2.953400000000000122e-02
5.504999999999999893e-01 2.914579999999999949e-02
5.514999999999999902e-01 2.876400000000000137e-02
5.524999999999999911e-01 2.838840000000000113e-02
5.534999999999999920e-01 2.801899999999999877e-02
5.544999999999999929e-01 2.765549999999999953e-02
5.554999999999999938e-01 2.729799999999999935e-02
5.564999999999999947e-01 2.694620000000000001e-02
5.574999999999999956e-01 2.660010000000000152e-02
5.584999999999999964e-01 2.625950000000000159e-02
5.594999999999999973e-01 2.592440000000000022e-02
5.604999999999999982e-01 2.559459999999999860e-02
5.614999999999999991e-01 2.527010000000000020e-02
5.625000000000000000e-01 2.495059999999999986e-02
5.635000000000000009e-01 2.463629999999999987e-02
5.645000000000000018e-01 2.432689999999999853e-02
5.655000000000000027e-01 2.402229999999999990e-02
5.665000000000000036e-01 2.372250000000000053e-02
5.675000000000000044e-01 2.342740000000000100e-02
5.685000000000000053e-01 2.313689999999999844e-02
5.695000000000000062e-01 2.285090000000000038e-02
5.705000000000000071e-01 2.256920000000000107e-02
5.715000000000000080e-01 2.229199999999999932e-02
5.725000000000000089e-01 2.201900000000000038e-02
5.735000000000000098e-01 2.175010000000000138e-02
5.745000000000000107e-01 2.148540000000000172e-02
5.755000000000000115e-01 2.122469999999999912e-02
5.765000000000000124e-01 2.096800000000000053e-02
5.775000000000000133e-01 2.071510000000000018e-02
5.785000000000000142e-01 2.046600000000000155e-02
5.795000000000000151e-01 2.022070000000000117e-02
5.805000000000000160e-01 1.997909999999999964e-02
5.815000000000000169e-01 1.974110000000000101e-02
5.825000000000000178e-01 1.950659999999999894e-02
5.835000000000000187e-01 1.927560000000000037e-02
5.845000000000000195e-01 1.904809999999999837e-02
5.855000000000000204e-01 1.882390000000000105e-02
5.865000000000000213e-01 1.860300000000000148e-02
5.875000000000000222e-01 1.838530000000000025e-02
5.885000000000000231e-01 1.817080000000000084e-02
5.895000000000000240e-01 1.795949999999999977e-02
5.905000000000000249e-01 1.775120000000000170e-02
5.915000000000000258e-01 1.754599999999999910e-02
5.925000000000000266e-01 1.734370000000000009e-02
5.935000000000000275e-01 1.714440000000000061e-02
5.945000000000000284e-01 1.694789999999999838e-02
5.955000000000000293e-01 1.675420000000000034e-02
5.965000000000000302e-01 1.656329999999999955e-02
5.975000000000000311e-01 1.637510000000000007e-02
5.985000000000000320e-01 1.618959999999999844e-02
5.995000000000000329e-01 1.600680000000000158e-02
6.005000000000000338e-01 1.582650000000000029e-02
6.015000000000000346e-01 1.564870000000000150e-02
6.025000000000000355e-01 1.547349999999999941e-02
6.035000000000000364e-01 1.530070000000000041e-02
6.045000000000000373e-01 1.513040000000000045e-02
6.055000000000000382e-01 1.496240000000000070e-02
6.065000000000000391e-01 1.479669999999999944e-02
6.075000000000000400e-01 1.463330000000000013e-02
6.085000000000000409e-01 1.447219999999999930e-02
6.095000000000000417e-01 1.431340000000000043e-02
6.105000000000000426e-01 1.415669999999999949e-02
6.115000000000000435e-01 1.400209999999999996e-02
6.125000000000000444e-01 1.384969999999999951e-02
6.135000000000000453e-01 1.369929999999999932e-02
6.145000000000000462e-01 1.355100000000000054e-02
6.155000000000000471e-01 1.340470000000000030e-02
6.165000000000000480e-01 1.326040000000000031e-02
6.175000000000000488e-01 1.311810000000000059e-02
6.185000000000000497e-01 1.297760000000000059e-02
6.195000000000000506e-01 1.283899999999999972e-02
6.205000000000000515e-01 1.270229999999999970e-02
6.215000000000000524e-01 1.256739999999999940e-02
6.225000000000000533e-01 1.243430000000000056e-02
6.235000000000000542e-01 1.230299999999999970e-02
6.245000000000000551e-01 1.217339999999999915e-02
6.254999999999999449e-01 1.204550000000000065e-02
6.264999999999999458e-01 1.191930000000000073e-02
6.274999999999999467e-01 1.179479999999999938e-02
6.284999999999999476e-01 1.167190000000000068e-02
6.294999999999999485e-01 1.155059999999999941e-02
6.304999999999999494e-01 1.143090000000000078e-02
6.314999999999999503e-01 1.131270000000000019e-02
6.324999999999999512e-01 1.119610000000000050e-02
6.334999999999999520e-01 1.108089999999999943e-02
6.344999999999999529e-01 1.096729999999999927e-02
6.354999999999999538e-01 1.085509999999999947e-02
6.364999999999999547e-01 1.074439999999999944e-02
6.374999999999999556e-01 1.063500000000000036e-02
6.384999999999999565e-01 1.052709999999999931e-02
6.394999999999999574e-01 1.042060000000000035e-02
6.404999999999999583e-01 1.031540000000000061e-02
6.414999999999999591e-01 1.021150000000000009e-02
6.424999999999999600e-01 1.010890000000000052e-02
6.434999999999999609e-01 1.000769999999999958e-02
6.444999999999999618e-01 9.907700000000000187e-03
6.454999999999999627e-01 9.808900000000000605e-03
6.464999999999999636e-01 9.711400000000000240e-03
6.474999999999999645e-01 9.615099999999999689e-03
6.484999999999999654e-01 9.520000000000000684e-03
6.494999999999999662e-01 9.426099999999999757e-03
6.504999999999999671e-01 9.333400000000000377e-03
6.514999999999999680e-01 9.241799999999999668e-03
6.524999999999999689e-01 9.151299999999999366e-03
6.534999999999999698e-01 9.061899999999999469e-03
6.544999999999999707e-01 8.973599999999999979e-03
6.554999999999999716e-01 8.886500000000000302e-03
6.564999999999999725e-01 8.800300000000000483e-03
6.574999999999999734e-01 8.715199999999999336e-03
6.584999999999999742e-01 8.631200000000000330e-03
6.594999999999999751e-01 8.548200000000000590e-03
6.604999999999999760e-01 8.466100000000000708e-03
6.614999999999999769e-01 8.385099999999999498e-03
6.624999999999999778e-01 8.304999999999999882e-03
6.634999999999999787e-01 8.225899999999999532e-03
6.644999999999999796e-01 8.147800000000000181e-03
6.654999999999999805e-01 8.070499999999999549e-03
6.664999999999999813e-01 7.994199999999999917e-03
6.674999999999999822e-01 7.918800000000000144e-03
6.684999999999999831e-01 7.844300000000000231e-03
6.694999999999999840e-01 7.770700000000000177e-03
6.704999999999999849e-01 7.697899999999999708e-03
6.714999999999999858e-01 7.625999999999999966e-03
6.724999999999999867e-01 7.554899999999999810e-03
6.734999999999999876e-01 7.484700000000000381e-03
6.744999999999999885e-01 7.415299999999999669e-03
6.754999999999999893e-01 7.346700000000000279e-03
6.764999999999999902e-01 7.278899999999999607e-03
6.774999999999999911e-01 7.211799999999999981e-03
6.784999999999999920e-01 7.145600000000000215e-03
6.794999999999999929e-01 7.080099999999999762e-03
6.804999999999999938e-01 7.015399999999999761e-03
6.814999999999999947e-01 6.951399999999999940e-03
6.824999999999999956e-01 6.888100000000000299e-03
6.834999999999999964e-01 6.825600000000000243e-03
6.844999999999999973e-01 6.763800000000000368e-03
6.854999999999999982e-01 6.702699999999999804e-03
6.864999999999999991e-01 6.642200000000000014e-03
6.875000000000000000e-01 6.582499999999999810e-03
6.885000000000000009e-01 6.523400000000000379e-03
6.895000000000000018e-01 6.465000000000000260e-03
6.905000000000000027e-01 6.407300000000000322e-03
6.915000000000000036e-01 6.350200000000000289e-03
6.925000000000000044e-01 6.293799999999999568e-03
6.935000000000000053e-01 6.237900000000000215e-03
6.945000000000000062e-01 6.182700000000000175e-03
6.955000000000000071e-01 6.128100000000000040e-03
6.965000000000000080e-01 6.074200000000000085e-03
6.975000000000000089e-01 6.020799999999999763e-03
6.985000000000000098e-01 5.968000000000000214e-03
6.995000000000000107e-01 5.915799999999999705e-03
7.005000000000000115e-01 5.864099999999999695e-03
7.015000000000000124e-01 5.812999999999999591e-03
7.025000000000000133e-01 5.762500000000000261e-03
7.035000000000000142e-01 5.712599999999999970e-03
7.045000000000000151e-01 5.663200000000000178e-03
7.055000000000000160e-01 5.614300000000000020e-03
7.065000000000000169e-01 5.565900000000000361e-03
7.075000000000000178e-01 5.518099999999999741e-03
7.085000000000000187e-01 5.470799999999999622e-03
7.095000000000000195e-01 5.424000000000000002e-03
7.105000000000000204e-01 5.377700000000000015e-03
7.115000000000000213e-01 5.331899999999999661e-03
7.125000000000000222e-01 5.286599999999999806e-03
7.135000000000000231e-01 5.241700000000000179e-03
7.145000000000000240e-01 5.197399999999999590e-03
7.155000000000000249e-01 5.153500000000000095e-03
7.165000000000000258e-01 5.110100000000000232e-03
7.175000000000000266e-01 5.067099999999999729e-03
7.185000000000000275e-01 5.024599999999999726e-03
7.195000000000000284e-01 4.982600000000000223e-03
7.205000000000000293e-01 4.941000000000000079e-03
7.215000000000000302e-01 4.899800000000000162e-03
7.225000000000000311e-01 4.859099999999999878e-03
7.235000000000000320e-01 4.818799999999999820e-03
7.245000000000000329e-01 4.778899999999999988e-03
7.255000000000000338e-01 4.739400000000000383e-03
7.265000000000000346e-01 4.700300000000000138e-03
7.275000000000000355e-01 4.661700000000000392e-03
7.285000000000000364e-01 4.623399999999999732e-03
7.295000000000000373e-01 4.585500000000000166e-03
7.305000000000000382e-01 4.547999999999999959e-03
7.315000000000000391e-01 4.510899999999999979e-03
7.325000000000000400e-01 4.474200000000000225e-03
7.335000000000000409e-01 4.437899999999999831e-03
7.345000000000000417e-01 4.401900000000000257e-03
7.355000000000000426e-01 4.366300000000000042e-03
7.365000000000000435e-01 4.331100000000000054e-03
7.375000000000000444e-01 4.296200000000000019e-03
7.385000000000000453e-01 4.261700000000000210e-03
7.395000000000000462e-01 4.227500000000000355e-03
7.405000000000000471e-01 4.193699999999999858e-03
7.415000000000000480e-01 4.160200000000000183e-03
7.425000000000000488e-01 4.126999999999999592e-03
7.435000000000000497e-01 4.094200000000000096e-03
7.445000000000000506e-01 4.061699999999999686e-03
7.455000000000000515e-01 4.029500000000000096e-03
7.465000000000000524e-01 3.997699999999999865e-03
7.475000000000000533e-01 3.966100000000000181e-03
7.485000000000000542e-01 3.934899999999999856e-03
7.495000000000000551e-01 3.903999999999999918e-03
7.504999999999999449e-01 3.873399999999999933e-03
7.514999999999999458e-01 3.843099999999999902e-03
7.524999999999999467e-01 3.813099999999999823e-03
7.534999999999999476e-01 3.783400000000000131e-03
7.544999999999999485e-01 3.753900000000000119e-03
7.554999999999999494e-01 3.724799999999999899e-03
7.564999999999999503e-01 3.696000000000000067e-03
7.574999999999999512e-01 3.667399999999999913e-03
7.584999999999999520e-01 3.639100000000000147e-03
7.594999999999999529e-01 3.611099999999999900e-03
7.604999999999999538e-01 3.583300000000000200e-03
7.614999999999999547e-01 3.555899999999999860e-03
7.624999999999999556e-01 3.528700000000000066e-03
7.634999999999999565e-01 3.501699999999999952e-03
7.644999999999999574e-01 3.474999999999999790e-03
7.654999999999999583e-01 3.448600000000000016e-03
7.664999999999999591e-01 3.422399999999999921e-03
7.674999999999999600e-01 3.396500000000000213e-03
7.684999999999999609e-01 3.370800000000000185e-03
7.694999999999999618e-01 3.345299999999999836e-03
7.704999999999999627e-01 3.320200000000000148e-03
7.714999999999999636e-01 3.295199999999999865e-03
7.724999999999999645e-01 3.270499999999999970e-03
7.734999999999999654e-01 3.246000000000000187e-03
7.744999999999999662e-01 3.221700000000000084e-03
7.754999999999999671e-01 3.197699999999999935e-03
7.764999999999999680e-01 3.173899999999999898e-03
7.774999999999999689e-01 3.150299999999999975e-03
7.784999999999999698e-01 3.126900000000000165e-03
7.794999999999999707e-01 3.103799999999999875e-03
7.804999999999999716e-01 3.080900000000000132e-03
7.814999999999999725e-01 3.058099999999999794e-03
7.824999999999999734e-01 3.035599999999999844e-03
7.834999999999999742e-01 3.013300000000000006e-03
7.844999999999999751e-01 2.991300000000000122e-03
7.854999999999999760e-01 2.969400000000000078e-03
7.864999999999999769e-01 2.947700000000000146e-03
7.874999999999999778e-01 2.926199999999999895e-03
7.884999999999999787e-01 2.904900000000000190e-03
7.894999999999999796e-01 2.883800000000000165e-03
7.904999999999999805e-01 2.862899999999999820e-03
7.914999999999999813e-01 2.842200000000000022e-03
7.924999999999999822e-01 2.821699999999999903e-03
7.934999999999999831e-01 2.801399999999999897e-03
7.944999999999999840e-01 2.781200000000000165e-03
7.954999999999999849e-01 2.761200000000000113e-03
7.964999999999999858e-01 2.741400000000000173e-03
7.974999999999999867e-01 2.721799999999999914e-03
7.984999999999999876e-01 2.702400000000000201e-03
7.994999999999999885e-01 2.683099999999999895e-03
8.004999999999999893e-01 2.664099999999999975e-03
8.014999999999999902e-01 2.645100000000000055e-03
8.024999999999999911e-01 2.626400000000000089e-03
8.034999999999999920e-01 2.607799999999999962e-03
8.044999999999999929e-01 2.589399999999999948e-03
8.054999999999999938e-01 2.571200000000000048e-03
8.064999999999999947e-01 2.553099999999999987e-03
8.074999999999999956e-01 2.535200000000000040e-03
8.084999999999999964e-01 2.517399999999999933e-03
8.094999999999999973e-01 2.499799999999999939e-03
8.104999999999999982e-01 2.482299999999999784e-03
8.114999999999999991e-01 2.465000000000000177e-03
8.125000000000000000e-01 2.447899999999999816e-03
8.135000000000000009e-01 2.430900000000000161e-03
8.145000000000000018e-01 2.413999999999999913e-03
8.155000000000000027e-01 2.397300000000000212e-03
8.165000000000000036e-01 2.380699999999999917e-03
8.175000000000000044e-01 2.364300000000000169e-03
8.185000000000000053e-01 2.348100000000000100e-03
8.195000000000000062e-01 2.331900000000000032e-03
8.205000000000000071e-01 2.315900000000000077e-03
8.215000000000000080e-01 2.300099999999999801e-03
8.225000000000000089e-01 2.284399999999999799e-03
8.235000000000000098e-01 2.268800000000000070e-03
8.245000000000000107e-01 2.253300000000000181e-03
8.255000000000000115e-01 2.237999999999999972e-03
8.265000000000000124e-01 2.222800000000000036e-03
8.275000000000000133e-01 2.207800000000000214e-03
8.285000000000000142e-01 2.192799999999999958e-03
8.295000000000000151e-01 2.177999999999999815e-03
8.305000000000000160e-01 2.163399999999999785e-03
8.315000000000000169e-01 2.148800000000000189e-03
8.325000000000000178e-01 2.134399999999999839e-03
8.335000000000000187e-01 2.120100000000000196e-03
8.345000000000000195e-01 2.105899999999999959e-03
8.355000000000000204e-01 2.091799999999999996e-03
8.365000000000000213e-01 2.077900000000000146e-03
8.375000000000000222e-01 2.064100000000000136e-03
8.385000000000000231e-01 2.050399999999999966e-03
8.395000000000000240e-01 2.036800000000000069e-03
8.405000000000000249e-01 2.023300000000000012e-03
8.415000000000000258e-01 2.009899999999999794e-03
8.425000000000000266e-01 1.996599999999999851e-03
8.435000000000000275e-01 1.983500000000000020e-03
8.445000000000000284e-01 1.970400000000000190e-03
8.455000000000000293e-01 1.957500000000000039e-03
8.465000000000000302e-01 1.944699999999999944e-03
8.475000000000000311e-01 1.931999999999999907e-03
8.485000000000000320e-01 1.919300000000000086e-03
8.495000000000000329e-01 1.906799999999999945e-03
8.505000000000000338e-01 1.894400000000000077e-03
8.515000000000000346e-01 1.882100000000000049e-03
8.525000000000000355e-01 1.869900000000000078e-03
8.535000000000000364e-01 1.857799999999999946e-03
8.545000000000000373e-01 1.845800000000000088e-03
8.555000000000000382e-01 1.833900000000000070e-03
8.565000000000000391e-01 1.822099999999999892e-03
8.575000000000000400e-01 1.810399999999999987e-03
8.585000000000000409e-01 1.798700000000000082e-03
8.595000000000000417e-01 1.787200000000000073e-03
8.605000000000000426e-01 1.775799999999999905e-03
8.615000000000000435e-01 1.764399999999999953e-03
8.625000000000000444e-01 1.753199999999999897e-03
8.635000000000000453e-01 1.742000000000000059e-03
8.645000000000000462e-01 1.730900000000000060e-03
8.655000000000000471e-01 1.719899999999999901e-03
8.665000000000000480e-01 1.709100000000000072e-03
8.675000000000000488e-01 1.698199999999999970e-03
8.685000000000000497e-01 1.687499999999999981e-03
8.695000000000000506e-01 1.676900000000000049e-03
8.705000000000000515e-01 1.666299999999999899e-03
8.715000000000000524e-01 1.655900000000000080e-03
8.725000000000000533e-01 1.645500000000000044e-03
8.735000000000000542e-01 1.635200000000000065e-03
8.745000000000000551e-01 1.624900000000000086e-03
8.754999999999999449e-01 1.614800000000000003e-03
8.764999999999999458e-01 1.604699999999999920e-03
8.774999999999999467e-01 1.594799999999999950e-03
8.784999999999999476e-01 1.584799999999999924e-03
8.794999999999999485e-01 1.575000000000000011e-03
8.804999999999999494e-01 1.565299999999999938e-03
8.814999999999999503e-01 1.555600000000000082e-03
8.824999999999999512e-01 1.546000000000000065e-03
8.834999999999999520e-01 1.536500000000000105e-03
8.844999999999999529e-01 1.526999999999999929e-03
8.854999999999999538e-01 1.517600000000000025e-03
8.864999999999999547e-01 1.508299999999999962e-03
8.874999999999999556e-01 1.499099999999999955e-03
8.884999999999999565e-01 1.489899999999999948e-03
8.894999999999999574e-01 1.480799999999999998e-03
8.904999999999999583e-01 1.471800000000000105e-03
8.914999999999999591e-01 1.462900000000000051e-03
8.924999999999999600e-01 1.453999999999999997e-03
8.934999999999999609e-01 1.445200000000000000e-03
8.944999999999999618e-01 1.436400000000000003e-03
8.954999999999999627e-01 1.427700000000000063e-03
8.964999999999999636e-01 1.419099999999999962e-03
8.974999999999999645e-01 1.410599999999999918e-03
8.984999999999999654e-01 1.402100000000000091e-03
8.994999999999999662e-01 1.393700000000000104e-03
9.004999999999999671e-01 1.385299999999999900e-03
9.014999999999999680e-01 1.376999999999999969e-03
9.024999999999999689e-01 1.368800000000000095e-03
9.034999999999999698e-01 1.360600000000000004e-03
9.044999999999999707e-01 1.352499999999999970e-03
9.054999999999999716e-01 1.344499999999999992e-03
9.064999999999999725e-01 1.336500000000000014e-03
9.074999999999999734e-01 1.328500000000000037e-03
9.084999999999999742e-01 1.320699999999999956e-03
9.094999999999999751e-01 1.312900000000000091e-03
9.104999999999999760e-01 1.305100000000000010e-03
9.114999999999999769e-01 1.297399999999999986e-03
9.124999999999999778e-01 1.289800000000000018e-03
9.134999999999999787e-01 1.282200000000000050e-03
9.144999999999999796e-01 1.274699999999999922e-03
9.154999999999999805e-01 1.267200000000000010e-03
9.164999999999999813e-01 1.259799999999999939e-03
9.174999999999999822e-01 1.252400000000000084e-03
9.184999999999999831e-01 1.245100000000000070e-03
9.194999999999999840e-01 1.237899999999999895e-03
9.204999999999999849e-01 1.230699999999999936e-03
9.214999999999999858e-01 1.223499999999999978e-03
9.224999999999999867e-01 1.216499999999999916e-03
9.234999999999999876e-01 1.209400000000000015e-03
9.244999999999999885e-01 1.202399999999999953e-03
9.254999999999999893e-01 1.195499999999999948e-03
9.264999999999999902e-01 1.188599999999999943e-03
9.274999999999999911e-01 1.181799999999999995e-03
9.284999999999999920e-01 1.175000000000000046e-03
9.294999999999999929e-01 1.168200000000000098e-03
9.304999999999999938e-01 1.161600000000000046e-03
9.314999999999999947e-01 1.154899999999999937e-03
9.324999999999999956e-01 1.148300000000000102e-03
9.334999999999999964e-01 1.141800000000000107e-03
9.344999999999999973e-01 1.135299999999999894e-03
9.354999999999999982e-01 1.128799999999999899e-03
9.364999999999999991e-01 1.122399999999999960e-03
9.375000000000000000e-01 1.116100000000000078e-03
9.385000000000000009e-01 1.109699999999999923e-03
9.395000000000000018e-01 1.103500000000000097e-03
9.405000000000000027e-01 1.097199999999999998e-03
9.415000000000000036e-01 1.091100000000000013e-03
9.425000000000000044e-01 1.084899999999999970e-03
9.435000000000000053e-01 1.078799999999999985e-03
9.445000000000000062e-01 1.072800000000000056e-03
9.455000000000000071e-01 1.066799999999999910e-03
9.465000000000000080e-01 1.060799999999999981e-03
9.475000000000000089e-01 1.054899999999999892e-03
9.485000000000000098e-01 1.049000000000000019e-03
9.495000000000000107e-01 1.043199999999999987e-03
9.505000000000000115e-01 1.037399999999999954e-03
9.515000000000000124e-01 1.031599999999999922e-03
9.525000000000000133e-01 1.025899999999999946e-03
9.535000000000000142e-01 1.020199999999999970e-03
9.545000000000000151e-01 1.014600000000000050e-03
9.555000000000000160e-01 1.008999999999999914e-03
9.565000000000000169e-01 1.003399999999999995e-03
9.575000000000000178e-01 9.978999999999999156e-04
9.585000000000000187e-01 9.924000000000000529e-04
9.595000000000000195e-01 9.870000000000000301e-04
9.605000000000000204e-01 9.814999999999999506e-04
9.615000000000000213e-01 9.761999999999999844e-04
9.625000000000000222e-01 9.707999999999999616e-04
9.635000000000000231e-01 9.654999999999999954e-04
9.645000000000000240e-01 9.602999999999999774e-04
9.655000000000000249e-01 9.550999999999999594e-04
9.665000000000000258e-01 9.499000000000000499e-04
9.675000000000000266e-01 9.447000000000000319e-04
9.685000000000000275e-01 9.395999999999999621e-04
9.695000000000000284e-01 9.345000000000000008e-04
9.705000000000000293e-01 9.294999999999999877e-04
9.715000000000000302e-01 9.244999999999999746e-04
9.725000000000000311e-01 9.194999999999999615e-04
9.735000000000000320e-01 9.144999999999999483e-04
9.745000000000000329e-01 9.095999999999999919e-04
9.755000000000000338e-01 9.047000000000000354e-04
9.765000000000000346e-01 8.999000000000000271e-04
9.775000000000000355e-01 8.951000000000000189e-04
9.785000000000000364e-01 8.903000000000000106e-04
9.795000000000000373e-01 8.855999999999999506e-04
9.805000000000000382e-01 8.808000000000000508e-04
9.815000000000000391e-01 8.762000000000000474e-04
9.825000000000000400e-01 8.714999999999999874e-04
9.835000000000000409e-01 8.668999999999999840e-04
9.845000000000000417e-01 8.622999999999999806e-04
9.855000000000000426e-01 8.576999999999999772e-04
9.865000000000000435e-01 8.532000000000000304e-04
9.875000000000000444e-01 8.486999999999999753e-04
9.885000000000000453e-01 8.442000000000000285e-04
9.895000000000000462e-01 8.398000000000000300e-04
9.905000000000000471e-01 8.354000000000000314e-04
9.915000000000000480e-01 8.310000000000000329e-04
9.925000000000000488e-01 8.266000000000000344e-04
9.935000000000000497e-01 8.222999999999999841e-04
9.945000000000000506e-01 8.180000000000000422e-04
9.955000000000000515e-01 8.138000000000000485e-04
9.965000000000000524e-01 8.094999999999999982e-04
9.975000000000000533e-01 8.053000000000000045e-04
9.985000000000000542e-01 8.011000000000000109e-04
9.995000000000000551e-01 7.969999999999999654e-04
