5.000000000000000104e-04 6.245780000000000082e-02
1.500000000000000031e-03 6.399860000000000271e-02
2.500000000000000052e-03 6.558529999999999915e-02
3.500000000000000073e-03 6.721939999999999860e-02
4.499999999999999660e-03 6.890250000000000541e-02
5.499999999999999681e-03 7.063650000000000484e-02
6.499999999999999702e-03 7.242300000000000126e-02
7.499999999999999722e-03 7.426389999999999381e-02
8.500000000000000611e-03 7.616119999999999834e-02
9.499999999999999764e-03 7.811680000000000013e-02
1.050000000000000065e-02 8.013290000000000690e-02
1.149999999999999981e-02 8.221150000000000679e-02
1.250000000000000069e-02 8.435499999999999943e-02
1.349999999999999985e-02 8.656569999999999543e-02
1.450000000000000074e-02 8.884609999999999730e-02
1.549999999999999989e-02 9.119860000000000466e-02
1.650000000000000078e-02 9.362600000000000089e-02
1.750000000000000167e-02 9.613090000000000523e-02
1.849999999999999908e-02 9.871630000000000682e-02
1.949999999999999997e-02 1.013851999999999948e-01
2.050000000000000086e-02 1.041405999999999998e-01
2.149999999999999828e-02 1.069858000000000059e-01
2.249999999999999917e-02 1.099241999999999997e-01
2.350000000000000006e-02 1.129594000000000015e-01
2.450000000000000094e-02 1.160949000000000009e-01
2.549999999999999836e-02 1.193345999999999990e-01
2.649999999999999925e-02 1.226826000000000028e-01
2.750000000000000014e-02 1.261429000000000022e-01
2.850000000000000103e-02 1.297198999999999991e-01
2.949999999999999845e-02 1.334181999999999868e-01
3.049999999999999933e-02 1.372424999999999895e-01
3.150000000000000022e-02 1.411977000000000093e-01
3.250000000000000111e-02 1.452888999999999986e-01
3.350000000000000200e-02 1.495216000000000045e-01
3.450000000000000289e-02 1.539013999999999938e-01
3.549999999999999684e-02 1.584339999999999915e-01
3.649999999999999772e-02 1.631257000000000124e-01
3.749999999999999861e-02 1.679827999999999877e-01
3.849999999999999950e-02 1.730118999999999962e-01
3.950000000000000039e-02 1.782201999999999953e-01
4.050000000000000128e-02 1.836146999999999918e-01
4.150000000000000216e-02 1.892031999999999881e-01
4.250000000000000305e-02 1.949936999999999920e-01
4.349999999999999700e-02 2.009942999999999869e-01
4.449999999999999789e-02 2.072138000000000035e-01
4.549999999999999878e-02 2.136612999999999984e-01
4.649999999999999967e-02 2.203462999999999949e-01
4.750000000000000056e-02 2.272785999999999973e-01
4.850000000000000144e-02 2.344688000000000050e-01
4.950000000000000233e-02 2.419275999999999927e-01
5.050000000000000322e-02 2.496664000000000105e-01
5.149999999999999717e-02 2.576970000000000094e-01
5.249999999999999806e-02 2.660319999999999907e-01
5.349999999999999895e-02 2.746841999999999895e-01
5.449999999999999983e-02 2.836673000000000111e-01
5.550000000000000072e-02 2.929956000000000227e-01
5.650000000000000161e-02 3.026839000000000057e-01
5.750000000000000250e-02 3.127477000000000174e-01
5.850000000000000339e-02 3.232033999999999740e-01
5.949999999999999734e-02 3.340680999999999790e-01
6.049999999999999822e-02 3.453595999999999888e-01
6.149999999999999911e-02 3.570964999999999834e-01
6.250000000000000000e-02 3.692984000000000266e-01
6.350000000000000089e-02 3.819857999999999865e-01
6.450000000000000178e-02 3.951799999999999757e-01
6.550000000000000266e-02 4.089034999999999753e-01
6.650000000000000355e-02 4.231796999999999920e-01
6.750000000000000444e-02 4.380330000000000057e-01
6.850000000000000533e-02 4.534891999999999812e-01
6.950000000000000622e-02 4.695750000000000202e-01
7.049999999999999323e-02 4.863184999999999869e-01
7.149999999999999412e-02 5.037490999999999497e-01
7.249999999999999500e-02 5.218973000000000084e-01
7.349999999999999589e-02 5.407952999999999788e-01
7.449999999999999678e-02 5.604765000000000441e-01
7.549999999999999767e-02 5.809760000000000479e-01
7.649999999999999856e-02 6.023302999999999852e-01
7.749999999999999944e-02 6.245777000000000134e-01
7.850000000000000033e-02 6.477579999999999449e-01
7.950000000000000122e-02 6.719127999999999767e-01
8.050000000000000211e-02 6.970855000000000246e-01
8.150000000000000300e-02 7.233214000000000032e-01
8.250000000000000389e-02 7.506677000000000488e-01
8.350000000000000477e-02 7.791736000000000217e-01
8.450000000000000566e-02 8.088902999999999510e-01
8.550000000000000655e-02 8.398710000000000342e-01
8.649999999999999356e-02 8.721712000000000353e-01
8.749999999999999445e-02 9.058483999999999980e-01
8.849999999999999534e-02 9.409625000000000350e-01
8.949999999999999623e-02 9.775755000000000416e-01
9.049999999999999711e-02 1.015751700000000035e+00
9.149999999999999800e-02 1.055557899999999938e+00
9.249999999999999889e-02 1.097063099999999958e+00
9.349999999999999978e-02 1.140338400000000085e+00
9.450000000000000067e-02 1.185457500000000053e+00
9.550000000000000155e-02 1.232496299999999989e+00
9.650000000000000244e-02 1.281532899999999975e+00
9.750000000000000333e-02 1.332647700000000102e+00
9.850000000000000422e-02 1.385923000000000016e+00
9.950000000000000511e-02 1.441443400000000041e+00
1.005000000000000060e-01 1.499295100000000103e+00
1.015000000000000069e-01 1.559566299999999961e+00
1.024999999999999939e-01 1.622346700000000030e+00
1.034999999999999948e-01 1.687727200000000094e+00
1.044999999999999957e-01 1.755800100000000086e+00
1.054999999999999966e-01 1.826658399999999904e+00
1.064999999999999974e-01 1.900395499999999904e+00
1.074999999999999983e-01 1.977105300000000065e+00
1.084999999999999992e-01 2.056881199999999854e+00
1.095000000000000001e-01 2.139815899999999882e+00
1.105000000000000010e-01 2.226001199999999791e+00
1.115000000000000019e-01 2.315526999999999891e+00
1.125000000000000028e-01 2.408480700000000141e+00
1.135000000000000037e-01 2.504946900000000198e+00
1.145000000000000046e-01 2.605006500000000003e+00
1.155000000000000054e-01 2.708736000000000033e+00
1.165000000000000063e-01 2.816206199999999882e+00
1.174999999999999933e-01 2.927482200000000034e+00
1.184999999999999942e-01 3.042621800000000043e+00
1.194999999999999951e-01 3.161674600000000002e+00
1.204999999999999960e-01 3.284681200000000079e+00
1.214999999999999969e-01 3.411672100000000096e+00
1.224999999999999978e-01 3.542666500000000163e+00
1.234999999999999987e-01 3.677671099999999971e+00
1.244999999999999996e-01 3.816679399999999944e+00
1.255000000000000004e-01 3.959670000000000023e+00
1.265000000000000013e-01 4.106605899999999920e+00
1.275000000000000022e-01 4.257433299999999754e+00
1.285000000000000031e-01 4.412080600000000352e+00
1.295000000000000040e-01 4.570457099999999606e+00
1.305000000000000049e-01 4.732452600000000231e+00
1.315000000000000058e-01 4.897936200000000184e+00
1.325000000000000067e-01 5.066755500000000190e+00
1.335000000000000075e-01 5.238736300000000234e+00
1.345000000000000084e-01 5.413682200000000222e+00
1.355000000000000093e-01 5.591373700000000113e+00
1.365000000000000102e-01 5.771569000000000393e+00
1.375000000000000111e-01 5.954003300000000110e+00
1.385000000000000120e-01 6.138389300000000048e+00
1.395000000000000129e-01 6.324418099999999932e+00
1.405000000000000138e-01 6.511759200000000192e+00
1.414999999999999869e-01 6.700061899999999682e+00
1.424999999999999878e-01 6.888956499999999927e+00
1.434999999999999887e-01 7.078055199999999658e+00
1.444999999999999896e-01 7.266954100000000416e+00
1.454999999999999905e-01 7.455234899999999776e+00
1.464999999999999913e-01 7.642466599999999666e+00
1.474999999999999922e-01 7.828207599999999822e+00
1.484999999999999931e-01 8.012008399999999142e+00
1.494999999999999940e-01 8.193413299999999566e+00
1.504999999999999949e-01 8.371963199999999716e+00
1.514999999999999958e-01 8.547197999999999851e+00
1.524999999999999967e-01 8.718659099999999995e+00
1.534999999999999976e-01 8.885891900000000732e+00
1.544999999999999984e-01 9.048448099999999883e+00
1.554999999999999993e-01 9.205888299999999802e+00
1.565000000000000002e-01 9.357784499999999284e+00
1.575000000000000011e-01 9.503721600000000436e+00
1.585000000000000020e-01 9.643300299999999936e+00
1.595000000000000029e-01 9.776138500000000064e+00
1.605000000000000038e-01 9.901873200000000708e+00
1.615000000000000047e-01 1.002016210000000029e+01
1.625000000000000056e-01 1.013068499999999972e+01
1.635000000000000064e-01 1.023314509999999977e+01
1.645000000000000073e-01 1.032727000000000039e+01
1.655000000000000082e-01 1.041281249999999936e+01
1.665000000000000091e-01 1.048955149999999925e+01
1.675000000000000100e-01 1.055729219999999913e+01
1.685000000000000109e-01 1.061586709999999911e+01
1.695000000000000118e-01 1.066513570000000044e+01
1.705000000000000127e-01 1.070498480000000008e+01
1.715000000000000135e-01 1.073532870000000017e+01
1.724999999999999867e-01 1.075610900000000036e+01
1.734999999999999876e-01 1.076729429999999965e+01
1.744999999999999885e-01 1.076888019999999990e+01
1.754999999999999893e-01 1.076088900000000059e+01
1.764999999999999902e-01 1.074336899999999950e+01
1.774999999999999911e-01 1.071639459999999922e+01
1.784999999999999920e-01 1.068006510000000020e+01
1.794999999999999929e-01 1.063450510000000016e+01
1.804999999999999938e-01 1.057986299999999957e+01
1.814999999999999947e-01 1.051631109999999936e+01
1.824999999999999956e-01 1.044404450000000040e+01
1.834999999999999964e-01 1.036328029999999956e+01
1.844999999999999973e-01 1.027425749999999915e+01
1.854999999999999982e-01 1.017723510000000076e+01
1.864999999999999991e-01 1.007249200000000044e+01
1.875000000000000000e-01 9.960325599999999113e+00
1.885000000000000009e-01 9.841050900000000823e+00
1.895000000000000018e-01 9.714999300000000559e+00
1.905000000000000027e-01 9.582516899999999893e+00
1.915000000000000036e-01 9.443964100000000528e+00
1.925000000000000044e-01 9.299713099999999955e+00
1.935000000000000053e-01 9.150147199999999259e+00
1.945000000000000062e-01 8.995658799999999289e+00
1.955000000000000071e-01 8.836648000000000280e+00
1.965000000000000080e-01 8.673520599999999803e+00
1.975000000000000089e-01 8.506686300000000145e+00
1.985000000000000098e-01 8.336557499999999621e+00
1.995000000000000107e-01 8.163546600000000097e+00
2.005000000000000115e-01 7.988064900000000357e+00
2.015000000000000124e-01 7.810520300000000304e+00
2.025000000000000133e-01 7.631315800000000316e+00
2.034999999999999865e-01 7.450847800000000021e+00
2.044999999999999873e-01 7.269503900000000129e+00
2.054999999999999882e-01 7.087662199999999579e+00
2.064999999999999891e-01 6.905688800000000072e+00
2.074999999999999900e-01 6.723937199999999947e+00
2.084999999999999909e-01 6.542746799999999752e+00
2.094999999999999918e-01 6.362441500000000083e+00
2.104999999999999927e-01 6.183329099999999912e+00
2.114999999999999936e-01 6.005700199999999711e+00
2.124999999999999944e-01 5.829827599999999777e+00
2.134999999999999953e-01 5.655966000000000271e+00
2.144999999999999962e-01 5.484351199999999871e+00
2.154999999999999971e-01 5.315200100000000205e+00
2.164999999999999980e-01 5.148710799999999921e+00
2.174999999999999989e-01 4.985062199999999777e+00
2.184999999999999998e-01 4.824414700000000167e+00
2.195000000000000007e-01 4.666910099999999950e+00
2.205000000000000016e-01 4.512672399999999584e+00
2.215000000000000024e-01 4.361807999999999907e+00
2.225000000000000033e-01 4.214406399999999664e+00
2.235000000000000042e-01 4.070540900000000129e+00
2.245000000000000051e-01 3.930269500000000082e+00
2.255000000000000060e-01 3.793635500000000160e+00
2.265000000000000069e-01 3.660668300000000208e+00
2.275000000000000078e-01 3.531384500000000148e+00
2.285000000000000087e-01 3.405788400000000049e+00
2.295000000000000095e-01 3.283873499999999890e+00
2.305000000000000104e-01 3.165622599999999842e+00
2.315000000000000113e-01 3.051009399999999872e+00
2.325000000000000122e-01 2.939998899999999971e+00
2.335000000000000131e-01 2.832548399999999855e+00
2.344999999999999862e-01 2.728608400000000156e+00
2.354999999999999871e-01 2.628123099999999823e+00
2.364999999999999880e-01 2.531031700000000217e+00
2.374999999999999889e-01 2.437268200000000107e+00
2.384999999999999898e-01 2.346763199999999827e+00
2.394999999999999907e-01 2.259443399999999880e+00
2.404999999999999916e-01 2.175233200000000089e+00
2.414999999999999925e-01 2.094054400000000093e+00
2.424999999999999933e-01 2.015827400000000047e+00
2.434999999999999942e-01 1.940471099999999893e+00
2.444999999999999951e-01 1.867903599999999997e+00
2.454999999999999960e-01 1.798042700000000105e+00
2.464999999999999969e-01 1.730806099999999903e+00
2.474999999999999978e-01 1.666111499999999968e+00
2.484999999999999987e-01 1.603877199999999892e+00
2.494999999999999996e-01 1.544022400000000017e+00
2.505000000000000004e-01 1.486467100000000041e+00
2.515000000000000013e-01 1.431132499999999919e+00
2.525000000000000022e-01 1.377941099999999919e+00
2.535000000000000031e-01 1.326816800000000018e+00
2.545000000000000040e-01 1.277685399999999971e+00
2.555000000000000049e-01 1.230473900000000009e+00
2.565000000000000058e-01 1.185111400000000037e+00
2.575000000000000067e-01 1.141528799999999899e+00
2.585000000000000075e-01 1.099658800000000047e+00
2.595000000000000084e-01 1.059435899999999986e+00
2.605000000000000093e-01 1.020796700000000001e+00
2.615000000000000102e-01 9.836797999999999931e-01
2.625000000000000111e-01 9.480256000000000238e-01
2.635000000000000120e-01 9.137764999999999915e-01
2.645000000000000129e-01 8.808768000000000153e-01
2.655000000000000138e-01 8.492728000000000499e-01
2.665000000000000147e-01 8.189125000000000432e-01
2.675000000000000155e-01 7.897461000000000064e-01
2.685000000000000164e-01 7.617253000000000496e-01
2.695000000000000173e-01 7.348036000000000012e-01
2.705000000000000182e-01 7.089364999999999695e-01
2.715000000000000191e-01 6.840808999999999918e-01
2.725000000000000200e-01 6.601955999999999936e-01
2.735000000000000209e-01 6.372408000000000516e-01
2.745000000000000218e-01 6.151784000000000141e-01
2.755000000000000226e-01 5.939718999999999971e-01
2.765000000000000235e-01 5.735860000000000403e-01
2.775000000000000244e-01 5.539868999999999488e-01
2.785000000000000253e-01 5.351424999999999654e-01
2.795000000000000262e-01 5.170215999999999701e-01
2.805000000000000271e-01 4.995943999999999940e-01
2.814999999999999725e-01 4.828323999999999949e-01
2.824999999999999734e-01 4.667084000000000232e-01
2.834999999999999742e-01 4.511959999999999860e-01
2.844999999999999751e-01 4.362702999999999998e-01
2.854999999999999760e-01 4.219070999999999794e-01
2.864999999999999769e-01 4.080833999999999850e-01
2.874999999999999778e-01 3.947770999999999919e-01
2.884999999999999787e-01 3.819672000000000067e-01
2.894999999999999796e-01 3.696334000000000009e-01
2.904999999999999805e-01 3.577563000000000271e-01
2.914999999999999813e-01 3.463173999999999975e-01
2.924999999999999822e-01 3.352989000000000108e-01
2.934999999999999831e-01 3.246839000000000253e-01
2.944999999999999840e-01 3.144559000000000104e-01
2.954999999999999849e-01 3.045996000000000259e-01
2.964999999999999858e-01 2.950999000000000261e-01
2.974999999999999867e-01 2.859424999999999883e-01
2.984999999999999876e-01 2.771139000000000241e-01
2.994999999999999885e-01 2.686007999999999729e-01
3.004999999999999893e-01 2.603907999999999778e-01
3.014999999999999902e-01 2.524719000000000269e-01
3.024999999999999911e-01 2.448325000000000085e-01
3.034999999999999920e-01 2.374616999999999978e-01
3.044999999999999929e-01 2.303488999999999953e-01
3.054999999999999938e-01 2.234840999999999911e-01
3.064999999999999947e-01 2.168575000000000086e-01
3.074999999999999956e-01 2.104599000000000053e-01
3.084999999999999964e-01 2.042825000000000057e-01
3.094999999999999973e-01 1.983167000000000124e-01
3.104999999999999982e-01 1.925543999999999867e-01
3.114999999999999991e-01 1.869877000000000067e-01
3.125000000000000000e-01 1.816093000000000013e-01
3.135000000000000009e-01 1.764120000000000132e-01
3.145000000000000018e-01 1.713888000000000078e-01
3.155000000000000027e-01 1.665331999999999923e-01
3.165000000000000036e-01 1.618389000000000078e-01
3.175000000000000044e-01 1.572998999999999925e-01
3.185000000000000053e-01 1.529101999999999961e-01
3.195000000000000062e-01 1.486645000000000050e-01
3.205000000000000071e-01 1.445572999999999997e-01
3.215000000000000080e-01 1.405835000000000001e-01
3.225000000000000089e-01 1.367382000000000042e-01
3.235000000000000098e-01 1.330166999999999877e-01
3.245000000000000107e-01 1.294144000000000128e-01
3.255000000000000115e-01 1.259270999999999863e-01
3.265000000000000124e-01 1.225505999999999956e-01
3.275000000000000133e-01 1.192808000000000063e-01
3.285000000000000142e-01 1.161139000000000060e-01
3.295000000000000151e-01 1.130463000000000023e-01
3.305000000000000160e-01 1.100744000000000028e-01
3.315000000000000169e-01 1.071947000000000039e-01
3.325000000000000178e-01 1.044040999999999997e-01
3.335000000000000187e-01 1.016993999999999954e-01
3.345000000000000195e-01 9.907749999999999890e-02
3.355000000000000204e-01 9.653570000000000206e-02
3.365000000000000213e-01 9.407100000000000184e-02
3.375000000000000222e-01 9.168080000000000673e-02
3.385000000000000231e-01 8.936249999999999749e-02
3.395000000000000240e-01 8.711380000000000512e-02
3.405000000000000249e-01 8.493199999999999361e-02
3.415000000000000258e-01 8.281510000000000260e-02
3.425000000000000266e-01 8.076079999999999370e-02
3.435000000000000275e-01 7.876690000000000080e-02
3.444999999999999729e-01 7.683149999999999702e-02
3.454999999999999738e-01 7.495250000000000523e-02
3.464999999999999747e-01 7.312810000000000143e-02
3.474999999999999756e-01 7.135640000000000038e-02
3.484999999999999765e-01 6.963579999999999770e-02
3.494999999999999774e-01 6.796449999999999714e-02
3.504999999999999782e-01 6.634080000000000532e-02
3.514999999999999791e-01 6.476339999999999875e-02
3.524999999999999800e-01 6.323049999999999504e-02
3.534999999999999809e-01 6.174079999999999846e-02
3.544999999999999818e-01 6.029290000000000344e-02
3.554999999999999827e-01 5.888539999999999747e-02
3.564999999999999836e-01 5.751710000000000156e-02
3.574999999999999845e-01 5.618660000000000321e-02
3.584999999999999853e-01 5.489279999999999854e-02
3.594999999999999862e-01 5.363450000000000162e-02
3.604999999999999871e-01 5.241060000000000163e-02
3.614999999999999880e-01 5.122000000000000164e-02
3.624999999999999889e-01 5.006159999999999777e-02
3.634999999999999898e-01 4.893449999999999883e-02
3.644999999999999907e-01 4.783769999999999689e-02
3.654999999999999916e-01 4.677030000000000076e-02
3.664999999999999925e-01 4.573119999999999963e-02
3.674999999999999933e-01 4.471970000000000112e-02
3.684999999999999942e-01 4.373500000000000304e-02
3.694999999999999951e-01 4.277609999999999746e-02
3.704999999999999960e-01 4.184240000000000181e-02
3.714999999999999969e-01 4.093299999999999716e-02
3.724999999999999978e-01 4.004719999999999808e-02
3.734999999999999987e-01 3.918440000000000117e-02
3.744999999999999996e-01 3.834379999999999733e-02
3.755000000000000004e-01 3.752470000000000111e-02
3.765000000000000013e-01 3.672659999999999814e-02
3.775000000000000022e-01 3.594870000000000010e-02
3.785000000000000031e-01 3.519060000000000243e-02
3.795000000000000040e-01 3.445170000000000177e-02
3.805000000000000049e-01 3.373129999999999878e-02
3.815000000000000058e-01 3.302889999999999993e-02
3.825000000000000067e-01 3.234399999999999775e-02
3.835000000000000075e-01 3.167620000000000158e-02
3.845000000000000084e-01 3.102480000000000168e-02
3.855000000000000093e-01 3.038949999999999985e-02
3.865000000000000102e-01 2.976979999999999904e-02
3.875000000000000111e-01 2.916530000000000164e-02
3.885000000000000120e-01 2.857540000000000080e-02
3.895000000000000129e-01 2.799990000000000118e-02
3.905000000000000138e-01 2.743819999999999940e-02
3.915000000000000147e-01 2.689010000000000011e-02
3.925000000000000155e-01 2.635499999999999995e-02
3.935000000000000164e-01 2.583279999999999951e-02
3.945000000000000173e-01 2.532299999999999829e-02
3.955000000000000182e-01 2.482519999999999866e-02
3.965000000000000191e-01 2.433919999999999834e-02
3.975000000000000200e-01 2.386459999999999970e-02
3.985000000000000209e-01 2.340110000000000107e-02
3.995000000000000218e-01 2.294840000000000074e-02
4.005000000000000226e-01 2.250620000000000051e-02
4.015000000000000235e-01 2.207419999999999868e-02
4.025000000000000244e-01 2.165219999999999992e-02
4.035000000000000253e-01 2.123989999999999906e-02
4.045000000000000262e-01 2.083700000000000135e-02
4.055000000000000271e-01 2.044330000000000105e-02
4.064999999999999725e-01 2.005859999999999935e-02
4.074999999999999734e-01 1.968249999999999861e-02
4.084999999999999742e-01 1.931489999999999943e-02
4.094999999999999751e-01 1.895559999999999953e-02
4.104999999999999760e-01 1.860430000000000070e-02
4.114999999999999769e-01 1.826080000000000064e-02
4.124999999999999778e-01 1.792490000000000056e-02
4.134999999999999787e-01 1.759650000000000103e-02
4.144999999999999796e-01 1.727530000000000038e-02
4.154999999999999805e-01 1.696119999999999919e-02
4.164999999999999813e-01 1.665389999999999926e-02
4.174999999999999822e-01 1.635330000000000117e-02
4.184999999999999831e-01 1.605919999999999917e-02
4.194999999999999840e-01 1.577150000000000080e-02
4.204999999999999849e-01 1.549000000000000030e-02
4.214999999999999858e-01 1.521460000000000000e-02
4.224999999999999867e-01 1.494499999999999995e-02
4.234999999999999876e-01 1.468120000000000015e-02
4.244999999999999885e-01 1.442300000000000006e-02
4.254999999999999893e-01 1.417030000000000026e-02
4.264999999999999902e-01 1.392290000000000021e-02
4.274999999999999911e-01 1.368070000000000050e-02
4.284999999999999920e-01 1.344350000000000059e-02
4.294999999999999929e-01 1.321139999999999988e-02
4.304999999999999938e-01 1.298400000000000075e-02
4.314999999999999947e-01 1.276139999999999913e-02
4.324999999999999956e-01 1.254330000000000028e-02
4.334999999999999964e-01 1.232980000000000013e-02
4.344999999999999973e-01 1.212060000000000047e-02
4.354999999999999982e-01 1.191569999999999956e-02
4.364999999999999991e-01 1.171499999999999972e-02
4.375000000000000000e-01 1.151830000000000041e-02
4.385000000000000009e-01 1.132559999999999990e-02
4.395000000000000018e-01 1.113680000000000052e-02
4.405000000000000027e-01 1.095179999999999938e-02
4.415000000000000036e-01 1.077050000000000056e-02
4.425000000000000044e-01 1.059290000000000058e-02
4.435000000000000053e-01 1.041869999999999949e-02
4.445000000000000062e-01 1.024800000000000016e-02
4.455000000000000071e-01 1.008069999999999973e-02
4.465000000000000080e-01 9.916700000000000514e-03
4.475000000000000089e-01 9.755800000000000236e-03
4.485000000000000098e-01 9.598199999999999441e-03
4.495000000000000107e-01 9.443599999999999911e-03
4.505000000000000115e-01 9.291999999999999912e-03
4.515000000000000124e-01 9.143300000000000038e-03
4.525000000000000133e-01 8.997599999999999695e-03
4.535000000000000142e-01 8.854600000000000665e-03
4.545000000000000151e-01 8.714299999999999477e-03
4.555000000000000160e-01 8.576800000000000743e-03
4.565000000000000169e-01 8.441799999999999304e-03
4.575000000000000178e-01 8.309399999999999772e-03
4.585000000000000187e-01 8.179600000000000412e-03
4.595000000000000195e-01 8.052099999999999536e-03
4.605000000000000204e-01 7.927099999999999425e-03
4.615000000000000213e-01 7.804400000000000399e-03
4.625000000000000222e-01 7.683999999999999858e-03
4.635000000000000231e-01 7.565900000000000403e-03
4.645000000000000240e-01 7.449899999999999751e-03
4.655000000000000249e-01 7.336099999999999913e-03
4.665000000000000258e-01 7.224399999999999746e-03
4.675000000000000266e-01 7.114699999999999844e-03
4.685000000000000275e-01 7.007099999999999614e-03
4.694999999999999729e-01 6.901400000000000243e-03
4.704999999999999738e-01 6.797599999999999996e-03
4.714999999999999747e-01 6.695699999999999742e-03
4.724999999999999756e-01 6.595700000000000347e-03
4.734999999999999765e-01 6.497499999999999803e-03
4.744999999999999774e-01 6.400999999999999572e-03
4.754999999999999782e-01 6.306299999999999926e-03
4.764999999999999791e-01 6.213299999999999726e-03
4.774999999999999800e-01 6.121900000000000432e-03
4.784999999999999809e-01 6.032100000000000309e-03
4.794999999999999818e-01 5.943900000000000225e-03
4.804999999999999827e-01 5.857300000000000180e-03
4.814999999999999836e-01 5.772300000000000174e-03
4.824999999999999845e-01 5.688699999999999660e-03
4.834999999999999853e-01 5.606500000000000372e-03
4.844999999999999862e-01 5.525799999999999983e-03
4.854999999999999871e-01 5.446499999999999952e-03
4.864999999999999880e-01 5.368600000000000282e-03
4.874999999999999889e-01 5.292100000000000103e-03
4.884999999999999898e-01 5.216799999999999736e-03
4.894999999999999907e-01 5.142800000000000323e-03
4.904999999999999916e-01 5.070200000000000401e-03
4.914999999999999925e-01 4.998700000000000018e-03
4.924999999999999933e-01 4.928499999999999721e-03
4.934999999999999942e-01 4.859399999999999831e-03
4.944999999999999951e-01 4.791600000000000026e-03
4.954999999999999960e-01 4.724899999999999760e-03
4.964999999999999969e-01 4.659299999999999900e-03
4.974999999999999978e-01 4.594799999999999579e-03
4.984999999999999987e-01 4.531300000000000258e-03
4.994999999999999996e-01 4.468999999999999882e-03
5.004999999999999449e-01 4.407699999999999639e-03
5.014999999999999458e-01 4.347300000000000123e-03
5.024999999999999467e-01 4.288000000000000145e-03
5.034999999999999476e-01 4.229700000000000300e-03
5.044999999999999485e-01 4.172300000000000314e-03
5.054999999999999494e-01 4.115899999999999594e-03
5.064999999999999503e-01 4.060399999999999600e-03
5.074999999999999512e-01 4.005800000000000333e-03
5.084999999999999520e-01 3.952100000000000057e-03
5.094999999999999529e-01 3.899300000000000075e-03
5.104999999999999538e-01 3.847300000000000112e-03
5.114999999999999547e-01 3.796100000000000169e-03
5.124999999999999556e-01 3.745800000000000084e-03
5.134999999999999565e-01 3.696300000000000020e-03
5.144999999999999574e-01 3.647599999999999974e-03
5.154999999999999583e-01 3.599600000000000109e-03
5.164999999999999591e-01 3.552399999999999829e-03
5.174999999999999600e-01 3.506000000000000002e-03
5.184999999999999609e-01 3.460299999999999921e-03
5.194999999999999618e-01 3.415300000000000020e-03
5.204999999999999627e-01 3.370999999999999865e-03
5.214999999999999636e-01 3.327500000000000163e-03
5.224999999999999645e-01 3.284599999999999933e-03
5.234999999999999654e-01 3.242300000000000043e-03
5.244999999999999662e-01 3.200800000000000173e-03
5.254999999999999671e-01 3.159799999999999935e-03
5.264999999999999680e-01 3.119499999999999877e-03
5.274999999999999689e-01 3.079899999999999999e-03
5.284999999999999698e-01 3.040800000000000187e-03
5.294999999999999707e-01 3.002400000000000121e-03
5.304999999999999716e-01 2.964500000000000121e-03
5.314999999999999725e-01 2.927200000000000028e-03
5.324999999999999734e-01 2.890499999999999840e-03
5.334999999999999742e-01 2.854300000000000153e-03
5.344999999999999751e-01 2.818699999999999938e-03
5.354999999999999760e-01 2.783599999999999790e-03
5.364999999999999769e-01 2.749000000000000141e-03
5.374999999999999778e-01 2.714999999999999965e-03
5.384999999999999787e-01 2.681499999999999856e-03
5.394999999999999796e-01 2.648499999999999813e-03
5.404999999999999805e-01 2.615899999999999996e-03
5.414999999999999813e-01 2.583900000000000086e-03
5.424999999999999822e-01 2.552299999999999968e-03
5.434999999999999831e-01 2.521199999999999917e-03
5.444999999999999840e-01 2.490599999999999932e-03
5.454999999999999849e-01 2.460400000000000174e-03
5.464999999999999858e-01 2.430600000000000208e-03
5.474999999999999867e-01 2.401299999999999876e-03
5.484999999999999876e-01 2.372400000000000203e-03
5.494999999999999885e-01 2.344000000000000163e-03
5.504999999999999893e-01 2.315900000000000077e-03
5.514999999999999902e-01 2.288300000000000056e-03
5.524999999999999911e-01 2.260999999999999989e-03
5.534999999999999920e-01 2.234199999999999988e-03
5.544999999999999929e-01 2.207699999999999940e-03
5.554999999999999938e-01 2.181600000000000119e-03
5.564999999999999947e-01 2.155900000000000091e-03
5.574999999999999956e-01 2.130599999999999855e-03
5.584999999999999964e-01 2.105600000000000006e-03
5.594999999999999973e-01 2.080999999999999951e-03
5.604999999999999982e-01 2.056699999999999848e-03
5.614999999999999991e-01 2.032799999999999972e-03
5.625000000000000000e-01 2.009200000000000048e-03
5.635000000000000009e-01 1.985900000000000078e-03
5.645000000000000018e-01 1.962900000000000061e-03
5.655000000000000027e-01 1.940300000000000054e-03
5.665000000000000036e-01 1.918000000000000000e-03
5.675000000000000044e-01 1.895999999999999899e-03
5.685000000000000053e-01 1.874299999999999968e-03
5.695000000000000062e-01 1.853000000000000046e-03
5.705000000000000071e-01 1.831900000000000021e-03
5.715000000000000080e-01 1.811099999999999949e-03
5.725000000000000089e-01 1.790600000000000048e-03
5.735000000000000098e-01 1.770300000000000042e-03
5.745000000000000107e-01 1.750400000000000046e-03
5.755000000000000115e-01 1.730699999999999947e-03
5.765000000000000124e-01 1.711300000000000017e-03
5.775000000000000133e-01 1.692099999999999984e-03
5.785000000000000142e-01 1.673199999999999904e-03
5.795000000000000151e-01 1.654599999999999994e-03
5.805000000000000160e-01 1.636199999999999981e-03
5.815000000000000169e-01 1.618099999999999920e-03
5.825000000000000178e-01 1.600199999999999973e-03
5.835000000000000187e-01 1.582499999999999922e-03
5.845000000000000195e-01 1.565100000000000042e-03
5.855000000000000204e-01 1.547900000000000057e-03
5.865000000000000213e-01 1.531000000000000026e-03
5.875000000000000222e-01 1.514300000000000108e-03
5.885000000000000231e-01 1.497700000000000030e-03
5.895000000000000240e-01 1.481499999999999961e-03
5.905000000000000249e-01 1.465399999999999949e-03
5.915000000000000258e-01 1.449500000000000051e-03
5.925000000000000266e-01 1.433900000000000105e-03
5.935000000000000275e-01 1.418399999999999999e-03
5.945000000000000284e-01 1.403200000000000064e-03
5.955000000000000293e-01 1.388099999999999968e-03
5.965000000000000302e-01 1.373300000000000042e-03
5.975000000000000311e-01 1.358599999999999955e-03
5.985000000000000320e-01 1.344099999999999982e-03
5.995000000000000329e-01 1.329799999999999906e-03
6.005000000000000338e-01 1.315699999999999942e-03
6.015000000000000346e-01 1.301800000000000092e-03
6.025000000000000355e-01 1.288099999999999922e-03
6.035000000000000364e-01 1.274500000000000025e-03
6.045000000000000373e-01 1.261100000000000025e-03
6.055000000000000382e-01 1.247899999999999921e-03
6.065000000000000391e-01 1.234899999999999930e-03
6.075000000000000400e-01 1.221999999999999996e-03
6.085000000000000409e-01 1.209199999999999902e-03
6.095000000000000417e-01 1.196699999999999977e-03
6.105000000000000426e-01 1.184299999999999893e-03
6.115000000000000435e-01 1.172000000000000082e-03
6.125000000000000444e-01 1.159899999999999950e-03
6.135000000000000453e-01 1.147999999999999932e-03
6.145000000000000462e-01 1.136199999999999970e-03
6.155000000000000471e-01 1.124599999999999905e-03
6.165000000000000480e-01 1.113099999999999897e-03
6.175000000000000488e-01 1.101699999999999945e-03
6.185000000000000497e-01 1.090500000000000106e-03
6.195000000000000506e-01 1.079400000000000108e-03
6.205000000000000515e-01 1.068399999999999949e-03
6.215000000000000524e-01 1.057599999999999903e-03
6.225000000000000533e-01 1.046999999999999971e-03
6.235000000000000542e-01 1.036400000000000038e-03
6.245000000000000551e-01 1.026000000000000002e-03
6.254999999999999449e-01 1.015700000000000023e-03
6.264999999999999458e-01 1.005500000000000100e-03
6.274999999999999467e-01 9.955000000000000741e-04
6.284999999999999476e-01 9.856000000000001045e-04
6.294999999999999485e-01 9.757999999999999747e-04
6.304999999999999494e-01 9.661000000000000100e-04
6.314999999999999503e-01 9.564999999999999935e-04
6.324999999999999512e-01 9.470999999999999818e-04
6.334999999999999520e-01 9.378000000000000268e-04
6.344999999999999529e-01 9.284999999999999634e-04
6.354999999999999538e-01 9.194000000000000132e-04
6.364999999999999547e-01 9.104000000000000113e-04
6.374999999999999556e-01 9.014999999999999576e-04
6.384999999999999565e-01 8.926999999999999606e-04
6.394999999999999574e-01 8.840000000000000201e-04
6.404999999999999583e-01 8.754000000000000279e-04
6.414999999999999591e-01 8.670000000000000406e-04
6.424999999999999600e-01 8.586000000000000533e-04
6.434999999999999609e-01 8.503000000000000141e-04
6.444999999999999618e-01 8.421000000000000317e-04
6.454999999999999627e-01 8.339999999999999974e-04
6.464999999999999636e-01 8.260000000000000198e-04
6.474999999999999645e-01 8.180999999999999904e-04
6.484999999999999654e-01 8.103000000000000176e-04
6.494999999999999662e-01 8.025000000000000449e-04
6.504999999999999671e-01 7.948999999999999686e-04
6.514999999999999680e-01 7.873999999999999489e-04
6.524999999999999689e-01 7.799000000000000377e-04
6.534999999999999698e-01 7.724999999999999662e-04
6.544999999999999707e-01 7.651999999999999514e-04
6.554999999999999716e-01 7.579999999999999932e-04
6.564999999999999725e-01 7.508999999999999833e-04
6.574999999999999734e-01 7.439000000000000300e-04
6.584999999999999742e-01 7.368999999999999682e-04
6.594999999999999751e-01 7.299999999999999632e-04
6.604999999999999760e-01 7.232000000000000147e-04
6.614999999999999769e-01 7.165000000000000145e-04
6.624999999999999778e-01 7.098000000000000143e-04
6.634999999999999787e-01 7.033000000000000189e-04
6.644999999999999796e-01 6.968000000000000235e-04
6.654999999999999805e-01 6.903000000000000282e-04
6.664999999999999813e-01 6.840000000000000377e-04
6.674999999999999822e-01 6.777000000000000472e-04
6.684999999999999831e-01 6.715000000000000049e-04
6.694999999999999840e-01 6.652999999999999626e-04
6.704999999999999849e-01 6.591999999999999769e-04
6.714999999999999858e-01 6.532000000000000479e-04
6.724999999999999867e-01 6.472999999999999587e-04
6.734999999999999876e-01 6.413999999999999780e-04
6.744999999999999885e-01 6.356000000000000538e-04
6.754999999999999893e-01 6.298000000000000213e-04
6.764999999999999902e-01 6.241999999999999936e-04
6.774999999999999911e-01 6.185000000000000176e-04
6.784999999999999920e-01 6.130000000000000466e-04
6.794999999999999929e-01 6.074999999999999671e-04
6.804999999999999938e-01 6.019999999999999961e-04
6.814999999999999947e-01 5.965999999999999732e-04
6.824999999999999956e-01 5.913000000000000070e-04
6.834999999999999964e-01 5.860000000000000408e-04
6.844999999999999973e-01 5.808000000000000228e-04
6.854999999999999982e-01 5.756999999999999531e-04
6.864999999999999991e-01 5.705999999999999918e-04
6.875000000000000000e-01 5.655000000000000304e-04
6.885000000000000009e-01 5.605000000000000173e-04
6.895000000000000018e-01 5.555999999999999524e-04
6.905000000000000027e-01 5.506999999999999959e-04
6.915000000000000036e-01 5.458999999999999877e-04
6.925000000000000044e-01 5.410999999999999794e-04
6.935000000000000053e-01 5.364000000000000278e-04
6.945000000000000062e-01 5.316999999999999678e-04
6.955000000000000071e-01 5.270999999999999644e-04
6.965000000000000080e-01 5.224999999999999610e-04
6.975000000000000089e-01 5.180000000000000143e-04
6.985000000000000098e-01 5.134999999999999591e-04
6.995000000000000107e-01 5.090000000000000123e-04
7.005000000000000115e-01 5.046999999999999620e-04
7.015000000000000124e-01 5.002999999999999635e-04
7.025000000000000133e-01 4.960000000000000216e-04
7.035000000000000142e-01 4.918000000000000279e-04
7.045000000000000151e-01 4.875999999999999801e-04
7.055000000000000160e-01 4.833999999999999864e-04
7.065000000000000169e-01 4.792999999999999951e-04
7.075000000000000178e-01 4.752000000000000039e-04
7.085000000000000187e-01 4.711000000000000127e-04
7.095000000000000195e-01 4.671000000000000239e-04
7.105000000000000204e-01 4.631999999999999833e-04
7.115000000000000213e-01 4.592999999999999969e-04
7.125000000000000222e-01 4.554000000000000105e-04
7.135000000000000231e-01 4.516000000000000266e-04
7.145000000000000240e-01 4.477999999999999884e-04
7.155000000000000249e-01 4.440000000000000045e-04
7.165000000000000258e-01 4.403000000000000230e-04
7.175000000000000266e-01 4.365999999999999872e-04
7.185000000000000275e-01 4.330000000000000081e-04
7.195000000000000284e-01 4.293999999999999749e-04
7.205000000000000293e-01 4.257999999999999958e-04
7.215000000000000302e-01 4.223000000000000191e-04
7.225000000000000311e-01 4.187999999999999882e-04
7.235000000000000320e-01 4.153000000000000116e-04
7.245000000000000329e-01 4.118999999999999832e-04
7.255000000000000338e-01 4.085000000000000089e-04
7.265000000000000346e-01 4.050999999999999805e-04
7.275000000000000355e-01 4.018000000000000087e-04
7.285000000000000364e-01 3.984999999999999827e-04
7.295000000000000373e-01 3.952000000000000109e-04
7.305000000000000382e-01 3.919999999999999873e-04
7.315000000000000391e-01 3.888000000000000180e-04
7.325000000000000400e-01 3.856999999999999968e-04
7.335000000000000409e-01 3.824999999999999733e-04
7.345000000000000417e-01 3.794000000000000063e-04
7.355000000000000426e-01 3.763999999999999876e-04
7.365000000000000435e-01 3.733000000000000207e-04
7.375000000000000444e-01 3.703000000000000020e-04
7.385000000000000453e-01 3.672999999999999833e-04
7.395000000000000462e-01 3.644000000000000212e-04
7.405000000000000471e-01 3.614000000000000025e-04
7.415000000000000480e-01 3.585999999999999886e-04
7.425000000000000488e-01 3.557000000000000266e-04
7.435000000000000497e-01 3.528000000000000103e-04
7.445000000000000506e-01 3.499999999999999964e-04
7.455000000000000515e-01 3.471999999999999826e-04
7.465000000000000524e-01 3.445000000000000254e-04
7.475000000000000533e-01 3.418000000000000140e-04
7.485000000000000542e-01 3.391000000000000025e-04
7.495000000000000551e-01 3.363999999999999911e-04
7.504999999999999449e-01 3.336999999999999797e-04
7.514999999999999458e-01 3.311000000000000249e-04
7.524999999999999467e-01 3.285000000000000159e-04
7.534999999999999476e-01 3.259000000000000070e-04
7.544999999999999485e-01 3.234000000000000004e-04
7.554999999999999494e-01 3.207999999999999914e-04
7.564999999999999503e-01 3.182999999999999849e-04
7.574999999999999512e-01 3.158999999999999807e-04
7.584999999999999520e-01 3.133999999999999742e-04
7.594999999999999529e-01 3.110000000000000243e-04
7.604999999999999538e-01 3.086000000000000201e-04
7.614999999999999547e-01 3.062000000000000160e-04
7.624999999999999556e-01 3.038000000000000119e-04
7.634999999999999565e-01 3.015000000000000102e-04
7.644999999999999574e-01 2.991000000000000061e-04
7.654999999999999583e-01 2.968000000000000044e-04
7.664999999999999591e-01 2.946000000000000051e-04
7.674999999999999600e-01 2.923000000000000034e-04
7.684999999999999609e-01 2.901000000000000041e-04
7.694999999999999618e-01 2.878000000000000024e-04
7.704999999999999627e-01 2.857000000000000056e-04
7.714999999999999636e-01 2.835000000000000063e-04
7.724999999999999645e-01 2.813000000000000071e-04
7.734999999999999654e-01 2.792000000000000102e-04
7.744999999999999662e-01 2.771000000000000134e-04
7.754999999999999671e-01 2.750000000000000166e-04
7.764999999999999680e-01 2.729000000000000197e-04
7.774999999999999689e-01 2.708000000000000229e-04
7.784999999999999698e-01 2.687999999999999743e-04
7.794999999999999707e-01 2.667999999999999799e-04
7.804999999999999716e-01 2.647999999999999855e-04
7.814999999999999725e-01 2.627999999999999911e-04
7.824999999999999734e-01 2.607999999999999967e-04
7.834999999999999742e-01 2.589000000000000047e-04
7.844999999999999751e-01 2.570000000000000127e-04
7.854999999999999760e-01 2.551000000000000207e-04
7.864999999999999769e-01 2.531999999999999746e-04
7.874999999999999778e-01 2.512999999999999826e-04
7.884999999999999787e-01 2.493999999999999906e-04
7.894999999999999796e-01 2.476000000000000011e-04
7.904999999999999805e-01 2.457000000000000091e-04
7.914999999999999813e-01 2.438999999999999925e-04
7.924999999999999822e-01 2.421000000000000029e-04
7.934999999999999831e-01 2.403999999999999887e-04
7.944999999999999840e-01 2.385999999999999992e-04
7.954999999999999849e-01 2.369000000000000120e-04
7.964999999999999858e-01 2.350999999999999954e-04
7.974999999999999867e-01 2.334000000000000083e-04
7.984999999999999876e-01 2.316999999999999941e-04
7.994999999999999885e-01 2.300000000000000070e-04
8.004999999999999893e-01 2.283999999999999952e-04
8.014999999999999902e-01 2.267000000000000081e-04
8.024999999999999911e-01 2.250999999999999963e-04
8.034999999999999920e-01 2.234000000000000092e-04
8.044999999999999929e-01 2.217999999999999974e-04
8.054999999999999938e-01 2.202000000000000127e-04
8.064999999999999947e-01 2.186000000000000009e-04
8.074999999999999956e-01 2.170999999999999916e-04
8.084999999999999964e-01 2.155000000000000069e-04
8.094999999999999973e-01 2.139999999999999975e-04
8.104999999999999982e-01 2.124000000000000128e-04
8.114999999999999991e-01 2.109000000000000035e-04
8.125000000000000000e-01 2.093999999999999941e-04
8.135000000000000009e-01 2.079000000000000119e-04
8.145000000000000018e-01 2.064000000000000025e-04
8.155000000000000027e-01 2.049999999999999956e-04
8.165000000000000036e-01 2.035000000000000133e-04
8.175000000000000044e-01 2.021000000000000064e-04
8.185000000000000053e-01 2.006999999999999995e-04
8.195000000000000062e-01 1.991999999999999901e-04
8.205000000000000071e-01 1.978000000000000103e-04
8.215000000000000080e-01 1.965000000000000058e-04
8.225000000000000089e-01 1.950999999999999989e-04
8.235000000000000098e-01 1.936999999999999920e-04
8.245000000000000107e-01 1.923999999999999875e-04
8.255000000000000115e-01 1.910000000000000077e-04
8.265000000000000124e-01 1.897000000000000032e-04
8.275000000000000133e-01 1.883999999999999987e-04
8.285000000000000142e-01 1.869999999999999917e-04
8.295000000000000151e-01 1.856999999999999873e-04
8.305000000000000160e-01 1.845000000000000123e-04
8.315000000000000169e-01 1.832000000000000078e-04
8.325000000000000178e-01 1.819000000000000033e-04
8.335000000000000187e-01 1.807000000000000012e-04
8.345000000000000195e-01 1.793999999999999968e-04
8.355000000000000204e-01 1.781999999999999947e-04
8.365000000000000213e-01 1.769999999999999926e-04
8.375000000000000222e-01 1.756999999999999881e-04
8.385000000000000231e-01 1.745000000000000132e-04
8.395000000000000240e-01 1.733000000000000111e-04
8.405000000000000249e-01 1.722000000000000115e-04
8.415000000000000258e-01 1.710000000000000094e-04
8.425000000000000266e-01 1.698000000000000074e-04
8.435000000000000275e-01 1.687000000000000077e-04
8.445000000000000284e-01 1.675000000000000057e-04
8.455000000000000293e-01 1.664000000000000060e-04
8.465000000000000302e-01 1.653000000000000064e-04
8.475000000000000311e-01 1.641000000000000043e-04
8.485000000000000320e-01 1.630000000000000047e-04
8.495000000000000329e-01 1.619000000000000051e-04
8.505000000000000338e-01 1.608000000000000054e-04
8.515000000000000346e-01 1.598000000000000082e-04
8.525000000000000355e-01 1.587000000000000086e-04
8.535000000000000364e-01 1.576000000000000090e-04
8.545000000000000373e-01 1.566000000000000118e-04
8.555000000000000382e-01 1.555000000000000121e-04
8.565000000000000391e-01 1.544999999999999878e-04
8.575000000000000400e-01 1.534999999999999906e-04
8.585000000000000409e-01 1.523999999999999910e-04
8.595000000000000417e-01 1.513999999999999938e-04
8.605000000000000426e-01 1.503999999999999966e-04
8.615000000000000435e-01 1.493999999999999994e-04
8.625000000000000444e-01 1.484000000000000022e-04
8.635000000000000453e-01 1.475000000000000074e-04
8.645000000000000462e-01 1.465000000000000102e-04
8.655000000000000471e-01 1.455000000000000130e-04
8.665000000000000480e-01 1.445999999999999911e-04
8.675000000000000488e-01 1.435999999999999939e-04
8.685000000000000497e-01 1.426999999999999992e-04
8.695000000000000506e-01 1.417000000000000020e-04
8.705000000000000515e-01 1.408000000000000072e-04
8.715000000000000524e-01 1.399000000000000124e-04
8.725000000000000533e-01 1.389999999999999905e-04
8.735000000000000542e-01 1.380999999999999958e-04
8.745000000000000551e-01 1.372000000000000010e-04
8.754999999999999449e-01 1.363000000000000062e-04
8.764999999999999458e-01 1.354000000000000114e-04
8.774999999999999467e-01 1.344999999999999896e-04
8.784999999999999476e-01 1.336999999999999972e-04
8.794999999999999485e-01 1.328000000000000025e-04
8.804999999999999494e-01 1.319000000000000077e-04
8.814999999999999503e-01 1.310999999999999882e-04
8.824999999999999512e-01 1.301999999999999935e-04
8.834999999999999520e-01 1.294000000000000011e-04
8.844999999999999529e-01 1.286000000000000088e-04
8.854999999999999538e-01 1.277999999999999893e-04
8.864999999999999547e-01 1.268999999999999946e-04
8.874999999999999556e-01 1.261000000000000022e-04
8.884999999999999565e-01 1.253000000000000099e-04
8.894999999999999574e-01 1.244999999999999904e-04
8.904999999999999583e-01 1.236999999999999981e-04
8.914999999999999591e-01 1.229000000000000058e-04
8.924999999999999600e-01 1.221999999999999888e-04
8.934999999999999609e-01 1.213999999999999964e-04
8.944999999999999618e-01 1.206000000000000041e-04
8.954999999999999627e-01 1.199000000000000006e-04
8.964999999999999636e-01 1.190999999999999947e-04
8.974999999999999645e-01 1.184000000000000048e-04
8.984999999999999654e-01 1.175999999999999989e-04
8.994999999999999662e-01 1.168999999999999955e-04
9.004999999999999671e-01 1.161000000000000031e-04
9.014999999999999680e-01 1.153999999999999996e-04
9.024999999999999689e-01 1.146999999999999962e-04
9.034999999999999698e-01 1.140000000000000063e-04
9.044999999999999707e-01 1.133000000000000028e-04
9.054999999999999716e-01 1.125999999999999994e-04
9.064999999999999725e-01 1.118999999999999959e-04
9.074999999999999734e-01 1.112000000000000060e-04
9.084999999999999742e-01 1.105000000000000025e-04
9.094999999999999751e-01 1.097999999999999991e-04
9.104999999999999760e-01 1.090999999999999956e-04
9.114999999999999769e-01 1.084000000000000057e-04
9.124999999999999778e-01 1.078000000000000047e-04
9.134999999999999787e-01 1.071000000000000012e-04
9.144999999999999796e-01 1.063999999999999977e-04
9.154999999999999805e-01 1.057999999999999967e-04
9.164999999999999813e-01 1.050999999999999932e-04
9.174999999999999822e-01 1.045000000000000058e-04
9.184999999999999831e-01 1.039000000000000047e-04
9.194999999999999840e-01 1.032000000000000013e-04
9.204999999999999849e-01 1.026000000000000002e-04
9.214999999999999858e-01 1.019999999999999992e-04
9.224999999999999867e-01 1.013999999999999982e-04
9.234999999999999876e-01 1.006999999999999947e-04
9.244999999999999885e-01 1.000999999999999937e-04
9.254999999999999893e-01 9.950000000000000619e-05
9.264999999999999902e-01 9.890000000000000516e-05
9.274999999999999911e-01 9.830000000000000413e-05
9.284999999999999920e-01 9.770000000000000310e-05
9.294999999999999929e-01 9.710000000000000206e-05
9.304999999999999938e-01 9.650000000000000103e-05
9.314999999999999947e-01 9.600000000000000243e-05
9.324999999999999956e-01 9.540000000000000140e-05
9.334999999999999964e-01 9.480000000000000037e-05
9.344999999999999973e-01 9.430000000000000177e-05
9.354999999999999982e-01 9.370000000000000074e-05
9.364999999999999991e-01 9.309999999999999970e-05
9.375000000000000000e-01 9.260000000000000110e-05
9.385000000000000009e-01 9.200000000000000007e-05
9.395000000000000018e-01 9.150000000000000147e-05
9.405000000000000027e-01 9.090000000000000044e-05
9.415000000000000036e-01 9.040000000000000184e-05
9.425000000000000044e-01 8.990000000000000324e-05
9.435000000000000053e-01 8.930000000000000221e-05
9.445000000000000062e-01 8.880000000000000360e-05
9.455000000000000071e-01 8.830000000000000500e-05
9.465000000000000080e-01 8.770000000000000397e-05
9.475000000000000089e-01 8.720000000000000537e-05
9.485000000000000098e-01 8.670000000000000677e-05
9.495000000000000107e-01 8.619999999999999462e-05
9.505000000000000115e-01 8.569999999999999602e-05
9.515000000000000124e-01 8.519999999999999742e-05
9.525000000000000133e-01 8.469999999999999881e-05
9.535000000000000142e-01 8.420000000000000021e-05
9.545000000000000151e-01 8.370000000000000161e-05
9.555000000000000160e-01 8.320000000000000301e-05
9.565000000000000169e-01 8.270000000000000441e-05
9.575000000000000178e-01 8.229999999999999469e-05
9.585000000000000187e-01 8.179999999999999609e-05
9.595000000000000195e-01 8.129999999999999749e-05
9.605000000000000204e-01 8.079999999999999888e-05
9.615000000000000213e-01 8.040000000000000271e-05
9.625000000000000222e-01 7.990000000000000411e-05
9.635000000000000231e-01 7.940000000000000551e-05
9.645000000000000240e-01 7.899999999999999579e-05
9.655000000000000249e-01 7.849999999999999719e-05
9.665000000000000258e-01 7.810000000000000102e-05
9.675000000000000266e-01 7.760000000000000242e-05
9.685000000000000275e-01 7.720000000000000625e-05
9.695000000000000284e-01 7.669999999999999409e-05
9.705000000000000293e-01 7.629999999999999792e-05
9.715000000000000302e-01 7.590000000000000175e-05
9.725000000000000311e-01 7.540000000000000315e-05
9.735000000000000320e-01 7.499999999999999343e-05
9.745000000000000329e-01 7.459999999999999726e-05
9.755000000000000338e-01 7.420000000000000109e-05
9.765000000000000346e-01 7.370000000000000249e-05
9.775000000000000355e-01 7.330000000000000632e-05
9.785000000000000364e-01 7.289999999999999660e-05
9.795000000000000373e-01 7.250000000000000043e-05
9.805000000000000382e-01 7.210000000000000425e-05
9.815000000000000391e-01 7.169999999999999453e-05
9.825000000000000400e-01 7.129999999999999836e-05
9.835000000000000409e-01 7.090000000000000219e-05
9.845000000000000417e-01 7.050000000000000602e-05
9.855000000000000426e-01 7.009999999999999630e-05
9.865000000000000435e-01 6.970000000000000013e-05
9.875000000000000444e-01 6.930000000000000396e-05
9.885000000000000453e-01 6.889999999999999424e-05
9.895000000000000462e-01 6.849999999999999806e-05
9.905000000000000471e-01 6.810000000000000189e-05
9.915000000000000480e-01 6.779999999999999460e-05
9.925000000000000488e-01 6.739999999999999843e-05
9.935000000000000497e-01 6.700000000000000226e-05
9.945000000000000506e-01 6.660000000000000609e-05
9.955000000000000515e-01 6.629999999999999880e-05
9.965000000000000524e-01 6.590000000000000263e-05
9.975000000000000533e-01 6.550000000000000646e-05
9.985000000000000542e-01 6.519999999999999917e-05
9.995000000000000551e-01 6.480000000000000300e-05
