5.000000000000000104e-04 8.387626000000000248e-01
1.500000000000000031e-03 8.807007999999999504e-01
2.500000000000000052e-03 9.248790999999999540e-01
3.500000000000000073e-03 9.714142999999999528e-01
4.499999999999999660e-03 1.020427799999999996e+00
5.499999999999999681e-03 1.072046000000000054e+00
6.499999999999999702e-03 1.126400099999999904e+00
7.499999999999999722e-03 1.183625799999999950e+00
8.500000000000000611e-03 1.243863699999999906e+00
9.499999999999999764e-03 1.307258400000000043e+00
1.050000000000000065e-02 1.373958900000000094e+00
1.149999999999999981e-02 1.444117899999999954e+00
1.250000000000000069e-02 1.517891799999999902e+00
1.349999999999999985e-02 1.595439800000000075e+00
1.450000000000000074e-02 1.676923600000000070e+00
1.549999999999999989e-02 1.762507000000000046e+00
1.650000000000000078e-02 1.852354800000000079e+00
1.750000000000000167e-02 1.946632099999999976e+00
1.849999999999999908e-02 2.045503599999999977e+00
1.949999999999999997e-02 2.149132300000000217e+00
2.050000000000000086e-02 2.257678199999999968e+00
2.149999999999999828e-02 2.371297600000000116e+00
2.249999999999999917e-02 2.490141200000000055e+00
2.350000000000000006e-02 2.614352799999999810e+00
2.450000000000000094e-02 2.744067699999999999e+00
2.549999999999999836e-02 2.879410800000000048e+00
2.649999999999999925e-02 3.020495299999999883e+00
2.750000000000000014e-02 3.167420100000000183e+00
2.850000000000000103e-02 3.320268299999999950e+00
2.949999999999999845e-02 3.479105300000000067e+00
3.049999999999999933e-02 3.643976400000000115e+00
3.150000000000000022e-02 3.814905099999999827e+00
3.250000000000000111e-02 3.991890699999999903e+00
3.350000000000000200e-02 4.174907000000000146e+00
3.450000000000000289e-02 4.363899700000000159e+00
3.549999999999999684e-02 4.558785399999999655e+00
3.649999999999999772e-02 4.759449199999999713e+00
3.749999999999999861e-02 4.965744100000000216e+00
3.849999999999999950e-02 5.177489300000000405e+00
3.950000000000000039e-02 5.394469499999999584e+00
4.050000000000000128e-02 5.616434199999999599e+00
4.150000000000000216e-02 5.843097300000000160e+00
4.250000000000000305e-02 6.074137200000000014e+00
4.349999999999999700e-02 6.309196799999999605e+00
4.449999999999999789e-02 6.547884700000000002e+00
4.549999999999999878e-02 6.789775399999999905e+00
4.649999999999999967e-02 7.034411300000000367e+00
4.750000000000000056e-02 7.281303900000000162e+00
4.850000000000000144e-02 7.529935700000000232e+00
4.950000000000000233e-02 7.779762599999999750e+00
5.050000000000000322e-02 8.030216199999999915e+00
5.149999999999999717e-02 8.280706199999999129e+00
5.249999999999999806e-02 8.530623399999999634e+00
5.349999999999999895e-02 8.779342299999999710e+00
5.449999999999999983e-02 9.026224499999999651e+00
5.550000000000000072e-02 9.270621200000000783e+00
5.650000000000000161e-02 9.511876400000000231e+00
5.750000000000000250e-02 9.749329700000000543e+00
5.850000000000000339e-02 9.982319600000000293e+00
5.949999999999999734e-02 1.021018590000000081e+01
6.049999999999999822e-02 1.043227259999999923e+01
6.149999999999999911e-02 1.064793019999999935e+01
6.250000000000000000e-02 1.085651900000000047e+01
6.350000000000000089e-02 1.105741060000000076e+01
6.450000000000000178e-02 1.124999049999999912e+01
6.550000000000000266e-02 1.143366080000000018e+01
6.650000000000000355e-02 1.160784149999999926e+01
6.750000000000000444e-02 1.177197310000000030e+01
6.850000000000000533e-02 1.192551850000000080e+01
6.950000000000000622e-02 1.206796499999999916e+01
7.049999999999999323e-02 1.219882639999999974e+01
7.149999999999999412e-02 1.231764480000000006e+01
7.249999999999999500e-02 1.242399290000000001e+01
7.349999999999999589e-02 1.251747579999999971e+01
7.449999999999999678e-02 1.259773329999999980e+01
7.549999999999999767e-02 1.266444199999999931e+01
7.649999999999999856e-02 1.271731750000000005e+01
7.749999999999999944e-02 1.275611639999999980e+01
7.850000000000000033e-02 1.278063850000000023e+01
7.950000000000000122e-02 1.279072910000000007e+01
8.050000000000000211e-02 1.278628070000000072e+01
8.150000000000000300e-02 1.276723520000000001e+01
8.250000000000000389e-02 1.273358540000000083e+01
8.350000000000000477e-02 1.268537700000000079e+01
8.450000000000000566e-02 1.262270900000000040e+01
8.550000000000000655e-02 1.254573590000000038e+01
8.649999999999999356e-02 1.245466719999999938e+01
8.749999999999999445e-02 1.234976849999999970e+01
8.849999999999999534e-02 1.223136069999999975e+01
8.949999999999999623e-02 1.209981969999999940e+01
9.049999999999999711e-02 1.195557510000000079e+01
9.149999999999999800e-02 1.179910860000000028e+01
9.249999999999999889e-02 1.163095159999999950e+01
9.349999999999999978e-02 1.145168269999999922e+01
9.450000000000000067e-02 1.126192400000000049e+01
9.550000000000000155e-02 1.106233789999999928e+01
9.650000000000000244e-02 1.085362240000000078e+01
9.750000000000000333e-02 1.063650679999999937e+01
9.850000000000000422e-02 1.041174619999999962e+01
9.950000000000000511e-02 1.018011680000000041e+01
1.005000000000000060e-01 9.942409899999999467e+00
1.015000000000000069e-01 9.699426600000000676e+00
1.024999999999999939e-01 9.451971800000000812e+00
1.034999999999999948e-01 9.200848499999999319e+00
1.044999999999999957e-01 8.946852399999999150e+00
1.054999999999999966e-01 8.690766699999999290e+00
1.064999999999999974e-01 8.433356200000000413e+00
1.074999999999999983e-01 8.175363400000000169e+00
1.084999999999999992e-01 7.917503499999999583e+00
1.095000000000000001e-01 7.660460600000000397e+00
1.105000000000000010e-01 7.404884400000000255e+00
1.115000000000000019e-01 7.151386900000000324e+00
1.125000000000000028e-01 6.900540399999999686e+00
1.135000000000000037e-01 6.652874999999999872e+00
1.145000000000000046e-01 6.408877900000000238e+00
1.155000000000000054e-01 6.168992099999999645e+00
1.165000000000000063e-01 5.933616100000000060e+00
1.174999999999999933e-01 5.703104100000000010e+00
1.184999999999999942e-01 5.477766800000000380e+00
1.194999999999999951e-01 5.257871699999999926e+00
1.204999999999999960e-01 5.043644999999999712e+00
1.214999999999999969e-01 4.835272599999999699e+00
1.224999999999999978e-01 4.632902600000000426e+00
1.234999999999999987e-01 4.436646800000000113e+00
1.244999999999999996e-01 4.246582899999999938e+00
1.255000000000000004e-01 4.062757300000000349e+00
1.265000000000000013e-01 3.885186800000000051e+00
1.275000000000000022e-01 3.713861800000000102e+00
1.285000000000000031e-01 3.548747699999999838e+00
1.295000000000000040e-01 3.389788499999999871e+00
1.305000000000000049e-01 3.236908199999999791e+00
1.315000000000000058e-01 3.090013400000000132e+00
1.325000000000000067e-01 2.948995599999999939e+00
1.335000000000000075e-01 2.813733299999999993e+00
1.345000000000000084e-01 2.684093700000000027e+00
1.355000000000000093e-01 2.559934699999999896e+00
1.365000000000000102e-01 2.441106700000000185e+00
1.375000000000000111e-01 2.327453900000000075e+00
1.385000000000000120e-01 2.218816200000000016e+00
1.395000000000000129e-01 2.115030200000000082e+00
1.405000000000000138e-01 2.015930200000000116e+00
1.414999999999999869e-01 1.921349799999999997e+00
1.424999999999999878e-01 1.831122600000000045e+00
1.434999999999999887e-01 1.745082699999999987e+00
1.444999999999999896e-01 1.663066200000000050e+00
1.454999999999999905e-01 1.584911100000000017e+00
1.464999999999999913e-01 1.510458099999999915e+00
1.474999999999999922e-01 1.439551400000000037e+00
1.484999999999999931e-01 1.372038499999999939e+00
1.494999999999999940e-01 1.307770899999999958e+00
1.504999999999999949e-01 1.246604400000000057e+00
1.514999999999999958e-01 1.188398899999999925e+00
1.524999999999999967e-01 1.133019100000000057e+00
1.534999999999999976e-01 1.080333999999999905e+00
1.544999999999999984e-01 1.030217600000000067e+00
1.554999999999999993e-01 9.825483000000000411e-01
1.565000000000000002e-01 9.372093000000000229e-01
1.575000000000000011e-01 8.940884999999999527e-01
1.585000000000000020e-01 8.530784000000000145e-01
1.595000000000000029e-01 8.140758999999999634e-01
1.605000000000000038e-01 7.769825000000000204e-01
1.615000000000000047e-01 7.417040000000000299e-01
1.625000000000000056e-01 7.081503999999999577e-01
1.635000000000000064e-01 6.762356999999999951e-01
1.645000000000000073e-01 6.458781000000000105e-01
1.655000000000000082e-01 6.169995000000000340e-01
1.665000000000000091e-01 5.895257000000000414e-01
1.675000000000000100e-01 5.633856999999999893e-01
1.685000000000000109e-01 5.385123000000000548e-01
1.695000000000000118e-01 5.148414999999999520e-01
1.705000000000000127e-01 4.923124999999999862e-01
1.715000000000000135e-01 4.708673999999999915e-01
1.724999999999999867e-01 4.504512999999999989e-01
1.734999999999999876e-01 4.310121000000000091e-01
1.744999999999999885e-01 4.125002999999999864e-01
1.754999999999999893e-01 3.948690000000000255e-01
1.764999999999999902e-01 3.780735000000000068e-01
1.774999999999999911e-01 3.620715999999999934e-01
1.784999999999999920e-01 3.468233000000000010e-01
1.794999999999999929e-01 3.322904999999999887e-01
1.804999999999999938e-01 3.184370999999999730e-01
1.814999999999999947e-01 3.052290999999999754e-01
1.824999999999999956e-01 2.926339000000000024e-01
1.834999999999999964e-01 2.806210000000000093e-01
1.844999999999999973e-01 2.691610999999999865e-01
1.854999999999999982e-01 2.582267999999999786e-01
1.864999999999999991e-01 2.477919000000000094e-01
1.875000000000000000e-01 2.378315000000000012e-01
1.885000000000000009e-01 2.283222000000000029e-01
1.895000000000000018e-01 2.192417000000000116e-01
1.905000000000000027e-01 2.105690000000000062e-01
1.915000000000000036e-01 2.022838999999999887e-01
1.925000000000000044e-01 1.943677000000000044e-01
1.935000000000000053e-01 1.868020999999999987e-01
1.945000000000000062e-01 1.795702999999999883e-01
1.955000000000000071e-01 1.726561000000000068e-01
1.965000000000000080e-01 1.660439999999999972e-01
1.975000000000000089e-01 1.597196999999999922e-01
1.985000000000000098e-01 1.536692000000000058e-01
1.995000000000000107e-01 1.478795999999999999e-01
2.005000000000000115e-01 1.423383000000000009e-01
2.015000000000000124e-01 1.370337000000000083e-01
2.025000000000000133e-01 1.319545000000000023e-01
2.034999999999999865e-01 1.270901999999999865e-01
2.044999999999999873e-01 1.224306000000000005e-01
2.054999999999999882e-01 1.179662999999999962e-01
2.064999999999999891e-01 1.136881000000000003e-01
2.074999999999999900e-01 1.095874000000000015e-01
2.084999999999999909e-01 1.056559999999999999e-01
2.094999999999999918e-01 1.018861999999999962e-01
2.104999999999999927e-01 9.827059999999999962e-02
2.114999999999999936e-01 9.480210000000000026e-02
2.124999999999999944e-01 9.147410000000000263e-02
2.134999999999999953e-01 8.828020000000000311e-02
2.144999999999999962e-01 8.521439999999999571e-02
2.154999999999999971e-01 8.227099999999999691e-02
2.164999999999999980e-01 7.944439999999999835e-02
2.174999999999999989e-01 7.672959999999999503e-02
2.184999999999999998e-01 7.412150000000000682e-02
2.195000000000000007e-01 7.161549999999999860e-02
2.205000000000000016e-01 6.920709999999999362e-02
2.215000000000000024e-01 6.689209999999999601e-02
2.225000000000000033e-01 6.466629999999999601e-02
2.235000000000000042e-01 6.252589999999999537e-02
2.245000000000000051e-01 6.046730000000000160e-02
2.255000000000000060e-01 5.848690000000000139e-02
2.265000000000000069e-01 5.658149999999999985e-02
2.275000000000000078e-01 5.474770000000000331e-02
2.285000000000000087e-01 5.298259999999999775e-02
2.295000000000000095e-01 5.128329999999999694e-02
2.305000000000000104e-01 4.964699999999999669e-02
2.315000000000000113e-01 4.807120000000000143e-02
2.325000000000000122e-01 4.655320000000000291e-02
2.335000000000000131e-01 4.509069999999999745e-02
2.344999999999999862e-01 4.368140000000000217e-02
2.354999999999999871e-01 4.232310000000000239e-02
2.364999999999999880e-01 4.101380000000000303e-02
2.374999999999999889e-01 3.975139999999999924e-02
2.384999999999999898e-01 3.853410000000000168e-02
2.394999999999999907e-01 3.735999999999999738e-02
2.404999999999999916e-01 3.622739999999999988e-02
2.414999999999999925e-01 3.513469999999999788e-02
2.424999999999999933e-01 3.408019999999999800e-02
2.434999999999999942e-01 3.306250000000000161e-02
2.444999999999999951e-01 3.207999999999999741e-02
2.454999999999999960e-01 3.113149999999999945e-02
2.464999999999999969e-01 3.021559999999999871e-02
2.474999999999999978e-01 2.933099999999999943e-02
2.484999999999999987e-01 2.847649999999999834e-02
2.494999999999999996e-01 2.765089999999999909e-02
2.505000000000000004e-01 2.685320000000000068e-02
2.515000000000000013e-01 2.608219999999999983e-02
2.525000000000000022e-01 2.533699999999999841e-02
2.535000000000000031e-01 2.461659999999999890e-02
2.545000000000000040e-01 2.392009999999999970e-02
2.555000000000000049e-01 2.324649999999999980e-02
2.565000000000000058e-01 2.259490000000000109e-02
2.575000000000000067e-01 2.196470000000000020e-02
2.585000000000000075e-01 2.135489999999999958e-02
2.595000000000000084e-01 2.076489999999999933e-02
2.605000000000000093e-01 2.019380000000000133e-02
2.615000000000000102e-01 1.964110000000000161e-02
2.625000000000000111e-01 1.910600000000000145e-02
2.635000000000000120e-01 1.858790000000000095e-02
2.645000000000000129e-01 1.808620000000000019e-02
2.655000000000000138e-01 1.760029999999999928e-02
2.665000000000000147e-01 1.712970000000000118e-02
2.675000000000000155e-01 1.667369999999999963e-02
2.685000000000000164e-01 1.623190000000000049e-02
2.695000000000000173e-01 1.580370000000000039e-02
2.705000000000000182e-01 1.538879999999999935e-02
2.715000000000000191e-01 1.498659999999999923e-02
2.725000000000000200e-01 1.459659999999999951e-02
2.735000000000000209e-01 1.421850000000000024e-02
2.745000000000000218e-01 1.385190000000000032e-02
2.755000000000000226e-01 1.349629999999999927e-02
2.765000000000000235e-01 1.315129999999999945e-02
2.775000000000000244e-01 1.281670000000000031e-02
2.785000000000000253e-01 1.249199999999999963e-02
2.795000000000000262e-01 1.217700000000000032e-02
2.805000000000000271e-01 1.187120000000000015e-02
2.814999999999999725e-01 1.157440000000000031e-02
2.824999999999999734e-01 1.128630000000000085e-02
2.834999999999999742e-01 1.100660000000000006e-02
2.844999999999999751e-01 1.073499999999999975e-02
2.854999999999999760e-01 1.047119999999999995e-02
2.864999999999999769e-01 1.021500000000000012e-02
2.874999999999999778e-01 9.966199999999999712e-03
2.884999999999999787e-01 9.724500000000000505e-03
2.894999999999999796e-01 9.489600000000000812e-03
2.904999999999999805e-01 9.261300000000000088e-03
2.914999999999999813e-01 9.039500000000000660e-03
2.924999999999999822e-01 8.824000000000000246e-03
2.934999999999999831e-01 8.614399999999999488e-03
2.944999999999999840e-01 8.410700000000000121e-03
2.954999999999999849e-01 8.212600000000000455e-03
2.964999999999999858e-01 8.019999999999999352e-03
2.974999999999999867e-01 7.832600000000000326e-03
2.984999999999999876e-01 7.650399999999999909e-03
2.994999999999999885e-01 7.473200000000000155e-03
3.004999999999999893e-01 7.300799999999999651e-03
3.014999999999999902e-01 7.132999999999999584e-03
3.024999999999999911e-01 6.969799999999999954e-03
3.034999999999999920e-01 6.810899999999999940e-03
3.044999999999999929e-01 6.656300000000000411e-03
3.054999999999999938e-01 6.505799999999999951e-03
3.064999999999999947e-01 6.359300000000000022e-03
3.074999999999999956e-01 6.216700000000000351e-03
3.084999999999999964e-01 6.077800000000000390e-03
3.094999999999999973e-01 5.942600000000000139e-03
3.104999999999999982e-01 5.810899999999999919e-03
3.114999999999999991e-01 5.682600000000000325e-03
3.125000000000000000e-01 5.557699999999999620e-03
3.135000000000000009e-01 5.435899999999999586e-03
3.145000000000000018e-01 5.317299999999999631e-03
3.155000000000000027e-01 5.201800000000000347e-03
3.165000000000000036e-01 5.089100000000000047e-03
3.175000000000000044e-01 4.979400000000000145e-03
3.185000000000000053e-01 4.872399999999999821e-03
3.195000000000000062e-01 4.768099999999999943e-03
3.205000000000000071e-01 4.666499999999999641e-03
3.215000000000000080e-01 4.567400000000000106e-03
3.225000000000000089e-01 4.470700000000000195e-03
3.235000000000000098e-01 4.376500000000000182e-03
3.245000000000000107e-01 4.284600000000000387e-03
3.255000000000000115e-01 4.194999999999999944e-03
3.265000000000000124e-01 4.107500000000000040e-03
3.275000000000000133e-01 4.022300000000000354e-03
3.285000000000000142e-01 3.938999999999999793e-03
3.295000000000000151e-01 3.857900000000000044e-03
3.305000000000000160e-01 3.778600000000000014e-03
3.315000000000000169e-01 3.701299999999999816e-03
3.325000000000000178e-01 3.625900000000000043e-03
3.335000000000000187e-01 3.552200000000000149e-03
3.345000000000000195e-01 3.480399999999999813e-03
3.355000000000000204e-01 3.410199999999999950e-03
3.365000000000000213e-01 3.341699999999999966e-03
3.375000000000000222e-01 3.274800000000000020e-03
3.385000000000000231e-01 3.209500000000000113e-03
3.395000000000000240e-01 3.145699999999999972e-03
3.405000000000000249e-01 3.083400000000000030e-03
3.415000000000000258e-01 3.022599999999999853e-03
3.425000000000000266e-01 2.963100000000000196e-03
3.435000000000000275e-01 2.905099999999999870e-03
3.444999999999999729e-01 2.848400000000000064e-03
3.454999999999999738e-01 2.792900000000000070e-03
3.464999999999999747e-01 2.738800000000000002e-03
3.474999999999999756e-01 2.685900000000000180e-03
3.484999999999999765e-01 2.634200000000000170e-03
3.494999999999999774e-01 2.583600000000000133e-03
3.504999999999999782e-01 2.534300000000000181e-03
3.514999999999999791e-01 2.485999999999999929e-03
3.524999999999999800e-01 2.438800000000000082e-03
3.534999999999999809e-01 2.392599999999999935e-03
3.544999999999999818e-01 2.347500000000000194e-03
3.554999999999999827e-01 2.303400000000000152e-03
3.564999999999999836e-01 2.260199999999999970e-03
3.574999999999999845e-01 2.217999999999999920e-03
3.584999999999999853e-01 2.176800000000000002e-03
3.594999999999999862e-01 2.136400000000000104e-03
3.604999999999999871e-01 2.096900000000000066e-03
3.614999999999999880e-01 2.058299999999999887e-03
3.624999999999999889e-01 2.020500000000000160e-03
3.634999999999999898e-01 1.983599999999999860e-03
3.644999999999999907e-01 1.947399999999999956e-03
3.654999999999999916e-01 1.912000000000000071e-03
3.664999999999999925e-01 1.877399999999999989e-03
3.674999999999999933e-01 1.843500000000000087e-03
3.684999999999999942e-01 1.810299999999999930e-03
3.694999999999999951e-01 1.777799999999999953e-03
3.704999999999999960e-01 1.746099999999999996e-03
3.714999999999999969e-01 1.714900000000000105e-03
3.724999999999999978e-01 1.684500000000000016e-03
3.734999999999999987e-01 1.654700000000000051e-03
3.744999999999999996e-01 1.625499999999999992e-03
3.755000000000000004e-01 1.596900000000000056e-03
3.765000000000000013e-01 1.568900000000000025e-03
3.775000000000000022e-01 1.541400000000000062e-03
3.785000000000000031e-01 1.514600000000000061e-03
3.795000000000000040e-01 1.488299999999999909e-03
3.805000000000000049e-01 1.462500000000000041e-03
3.815000000000000058e-01 1.437200000000000023e-03
3.825000000000000067e-01 1.412499999999999910e-03
3.835000000000000075e-01 1.388300000000000081e-03
3.845000000000000084e-01 1.364500000000000044e-03
3.855000000000000093e-01 1.341299999999999914e-03
3.865000000000000102e-01 1.318500000000000011e-03
3.875000000000000111e-01 1.296199999999999956e-03
3.885000000000000120e-01 1.274299999999999912e-03
3.895000000000000129e-01 1.252800000000000094e-03
3.905000000000000138e-01 1.231799999999999909e-03
3.915000000000000147e-01 1.211199999999999950e-03
3.925000000000000155e-01 1.191000000000000001e-03
3.935000000000000164e-01 1.171200000000000062e-03
3.945000000000000173e-01 1.151700000000000076e-03
3.955000000000000182e-01 1.132699999999999940e-03
3.965000000000000191e-01 1.113999999999999973e-03
3.975000000000000200e-01 1.095700000000000016e-03
3.985000000000000209e-01 1.077800000000000069e-03
3.995000000000000218e-01 1.060200000000000075e-03
4.005000000000000226e-01 1.042900000000000034e-03
4.015000000000000235e-01 1.026000000000000002e-03
4.025000000000000244e-01 1.009399999999999924e-03
4.035000000000000253e-01 9.931000000000000157e-04
4.045000000000000262e-01 9.771000000000000605e-04
4.055000000000000271e-01 9.613999999999999499e-04
4.064999999999999725e-01 9.460000000000000093e-04
4.074999999999999734e-01 9.309000000000000217e-04
4.084999999999999742e-01 9.160999999999999872e-04
4.094999999999999751e-01 9.016000000000000143e-04
4.104999999999999760e-01 8.873000000000000461e-04
4.114999999999999769e-01 8.733000000000000311e-04
4.124999999999999778e-01 8.595999999999999691e-04
4.134999999999999787e-01 8.461000000000000205e-04
4.144999999999999796e-01 8.329000000000000249e-04
4.154999999999999805e-01 8.199000000000000342e-04
4.164999999999999813e-01 8.071999999999999965e-04
4.174999999999999822e-01 7.946999999999999637e-04
4.184999999999999831e-01 7.824000000000000442e-04
4.194999999999999840e-01 7.703000000000000212e-04
4.204999999999999849e-01 7.584999999999999512e-04
4.214999999999999858e-01 7.468999999999999945e-04
4.224999999999999867e-01 7.355000000000000426e-04
4.234999999999999876e-01 7.242000000000000390e-04
4.244999999999999885e-01 7.131999999999999885e-04
4.254999999999999893e-01 7.024000000000000512e-04
4.264999999999999902e-01 6.918000000000000104e-04
4.274999999999999911e-01 6.813999999999999745e-04
4.284999999999999920e-01 6.712000000000000518e-04
4.294999999999999929e-01 6.610999999999999689e-04
4.304999999999999938e-01 6.511999999999999993e-04
4.314999999999999947e-01 6.415000000000000346e-04
4.324999999999999956e-01 6.319999999999999663e-04
4.334999999999999964e-01 6.225999999999999547e-04
4.344999999999999973e-01 6.133999999999999479e-04
4.354999999999999982e-01 6.043999999999999460e-04
4.364999999999999991e-01 5.955000000000000007e-04
4.375000000000000000e-01 5.867000000000000036e-04
4.385000000000000009e-01 5.781999999999999596e-04
4.395000000000000018e-01 5.697000000000000241e-04
4.405000000000000027e-01 5.613999999999999850e-04
4.415000000000000036e-01 5.532999999999999507e-04
4.425000000000000044e-01 5.452999999999999731e-04
4.435000000000000053e-01 5.374000000000000521e-04
4.445000000000000062e-01 5.297000000000000276e-04
4.455000000000000071e-01 5.220999999999999513e-04
4.465000000000000080e-01 5.146000000000000400e-04
4.475000000000000089e-01 5.073000000000000252e-04
4.485000000000000098e-01 5.000000000000000104e-04
4.495000000000000107e-01 4.929000000000000005e-04
4.505000000000000115e-01 4.858999999999999929e-04
4.515000000000000124e-01 4.790999999999999903e-04
4.525000000000000133e-01 4.722999999999999876e-04
4.535000000000000142e-01 4.656999999999999898e-04
4.545000000000000151e-01 4.591999999999999945e-04
4.555000000000000160e-01 4.526999999999999991e-04
4.565000000000000169e-01 4.464000000000000086e-04
4.575000000000000178e-01 4.402000000000000205e-04
4.585000000000000187e-01 4.340999999999999807e-04
4.595000000000000195e-01 4.280999999999999975e-04
4.605000000000000204e-01 4.222000000000000167e-04
4.615000000000000213e-01 4.163999999999999841e-04
4.625000000000000222e-01 4.106000000000000058e-04
4.635000000000000231e-01 4.049999999999999781e-04
4.645000000000000240e-01 3.995000000000000070e-04
4.655000000000000249e-01 3.939999999999999817e-04
4.665000000000000258e-01 3.887000000000000156e-04
4.675000000000000266e-01 3.833999999999999951e-04
4.685000000000000275e-01 3.781999999999999772e-04
4.694999999999999729e-01 3.731000000000000158e-04
4.704999999999999738e-01 3.681000000000000027e-04
4.714999999999999747e-01 3.630999999999999896e-04
4.724999999999999756e-01 3.582999999999999814e-04
4.734999999999999765e-01 3.534999999999999731e-04
4.744999999999999774e-01 3.488000000000000215e-04
4.754999999999999782e-01 3.441000000000000157e-04
4.764999999999999791e-01 3.396000000000000147e-04
4.774999999999999800e-01 3.351000000000000137e-04
4.784999999999999809e-01 3.307000000000000152e-04
4.794999999999999818e-01 3.263000000000000167e-04
4.804999999999999827e-01 3.220000000000000206e-04
4.814999999999999836e-01 3.178000000000000269e-04
4.824999999999999845e-01 3.135999999999999790e-04
4.834999999999999853e-01 3.094999999999999878e-04
4.844999999999999862e-01 3.054999999999999990e-04
4.854999999999999871e-01 3.016000000000000126e-04
4.864999999999999880e-01 2.976000000000000238e-04
4.874999999999999889e-01 2.937999999999999856e-04
4.884999999999999898e-01 2.900000000000000017e-04
4.894999999999999907e-01 2.863000000000000202e-04
4.904999999999999916e-01 2.825999999999999845e-04
4.914999999999999925e-01 2.790000000000000054e-04
4.924999999999999933e-01 2.754000000000000263e-04
4.934999999999999942e-01 2.718999999999999954e-04
4.944999999999999951e-01 2.685000000000000212e-04
4.954999999999999960e-01 2.650999999999999928e-04
4.964999999999999969e-01 2.617000000000000185e-04
4.974999999999999978e-01 2.583999999999999925e-04
4.984999999999999987e-01 2.552000000000000232e-04
4.994999999999999996e-01 2.519999999999999996e-04
5.004999999999999449e-01 2.487999999999999760e-04
5.014999999999999458e-01 2.457000000000000091e-04
5.024999999999999467e-01 2.425999999999999880e-04
5.034999999999999476e-01 2.395999999999999964e-04
5.044999999999999485e-01 2.366000000000000048e-04
5.054999999999999494e-01 2.336999999999999885e-04
5.064999999999999503e-01 2.307999999999999993e-04
5.074999999999999512e-01 2.280000000000000126e-04
5.084999999999999520e-01 2.251999999999999987e-04
5.094999999999999529e-01 2.224000000000000120e-04
5.104999999999999538e-01 2.197000000000000005e-04
5.114999999999999547e-01 2.169999999999999891e-04
5.124999999999999556e-01 2.144000000000000072e-04
5.134999999999999565e-01 2.116999999999999958e-04
5.144999999999999574e-01 2.091999999999999893e-04
5.154999999999999583e-01 2.066000000000000074e-04
5.164999999999999591e-01 2.041000000000000008e-04
5.174999999999999600e-01 2.016999999999999967e-04
5.184999999999999609e-01 1.992999999999999926e-04
5.194999999999999618e-01 1.968999999999999884e-04
5.204999999999999627e-01 1.945000000000000114e-04
5.214999999999999636e-01 1.922000000000000097e-04
5.224999999999999645e-01 1.899000000000000080e-04
5.234999999999999654e-01 1.876000000000000063e-04
5.244999999999999662e-01 1.854000000000000071e-04
5.254999999999999671e-01 1.832000000000000078e-04
5.264999999999999680e-01 1.810000000000000085e-04
5.274999999999999689e-01 1.789000000000000117e-04
5.284999999999999698e-01 1.767999999999999878e-04
5.294999999999999707e-01 1.746999999999999909e-04
5.304999999999999716e-01 1.726999999999999965e-04
5.314999999999999725e-01 1.707000000000000021e-04
5.324999999999999734e-01 1.687000000000000077e-04
5.334999999999999742e-01 1.667000000000000133e-04
5.344999999999999751e-01 1.647999999999999942e-04
5.354999999999999760e-01 1.629000000000000023e-04
5.364999999999999769e-01 1.610000000000000103e-04
5.374999999999999778e-01 1.590999999999999912e-04
5.384999999999999787e-01 1.573000000000000017e-04
5.394999999999999796e-01 1.555000000000000121e-04
5.404999999999999805e-01 1.536999999999999955e-04
5.414999999999999813e-01 1.519000000000000059e-04
5.424999999999999822e-01 1.501999999999999917e-04
5.434999999999999831e-01 1.485000000000000046e-04
5.444999999999999840e-01 1.467999999999999904e-04
5.454999999999999849e-01 1.451000000000000033e-04
5.464999999999999858e-01 1.434999999999999915e-04
5.474999999999999867e-01 1.419000000000000068e-04
5.484999999999999876e-01 1.402999999999999950e-04
5.494999999999999885e-01 1.387000000000000103e-04
5.504999999999999893e-01 1.370999999999999986e-04
5.514999999999999902e-01 1.355999999999999892e-04
5.524999999999999911e-01 1.341000000000000070e-04
5.534999999999999920e-01 1.325999999999999976e-04
5.544999999999999929e-01 1.310999999999999882e-04
5.554999999999999938e-01 1.297000000000000084e-04
5.564999999999999947e-01 1.281999999999999991e-04
5.574999999999999956e-01 1.267999999999999921e-04
5.584999999999999964e-01 1.254000000000000123e-04
5.594999999999999973e-01 1.240000000000000054e-04
5.604999999999999982e-01 1.227000000000000009e-04
5.614999999999999991e-01 1.212999999999999940e-04
5.625000000000000000e-01 1.200000000000000030e-04
5.635000000000000009e-01 1.186999999999999985e-04
5.645000000000000018e-01 1.173999999999999941e-04
5.655000000000000027e-01 1.161000000000000031e-04
5.665000000000000036e-01 1.147999999999999986e-04
5.675000000000000044e-01 1.135999999999999966e-04
5.685000000000000053e-01 1.123999999999999945e-04
5.695000000000000062e-01 1.112000000000000060e-04
5.705000000000000071e-01 1.100000000000000039e-04
5.715000000000000080e-01 1.088000000000000019e-04
5.725000000000000089e-01 1.075999999999999998e-04
5.735000000000000098e-01 1.065000000000000002e-04
5.745000000000000107e-01 1.052999999999999981e-04
5.755000000000000115e-01 1.041999999999999985e-04
5.765000000000000124e-01 1.030999999999999988e-04
5.775000000000000133e-01 1.019999999999999992e-04
5.785000000000000142e-01 1.008999999999999996e-04
5.795000000000000151e-01 9.979999999999999993e-05
5.805000000000000160e-01 9.880000000000000273e-05
5.815000000000000169e-01 9.770000000000000310e-05
5.825000000000000178e-01 9.670000000000000589e-05
5.835000000000000187e-01 9.569999999999999514e-05
5.845000000000000195e-01 9.469999999999999794e-05
5.855000000000000204e-01 9.370000000000000074e-05
5.865000000000000213e-01 9.270000000000000353e-05
5.875000000000000222e-01 9.179999999999999521e-05
5.885000000000000231e-01 9.079999999999999801e-05
5.895000000000000240e-01 8.990000000000000324e-05
5.905000000000000249e-01 8.890000000000000604e-05
5.915000000000000258e-01 8.799999999999999771e-05
5.925000000000000266e-01 8.710000000000000294e-05
5.935000000000000275e-01 8.619999999999999462e-05
5.945000000000000284e-01 8.529999999999999985e-05
5.955000000000000293e-01 8.440000000000000507e-05
5.965000000000000302e-01 8.359999999999999918e-05
5.975000000000000311e-01 8.270000000000000441e-05
5.985000000000000320e-01 8.189999999999999852e-05
5.995000000000000329e-01 8.100000000000000375e-05
6.005000000000000338e-01 8.019999999999999785e-05
6.015000000000000346e-01 7.940000000000000551e-05
6.025000000000000355e-01 7.859999999999999962e-05
6.035000000000000364e-01 7.779999999999999373e-05
6.045000000000000373e-01 7.700000000000000139e-05
6.055000000000000382e-01 7.619999999999999549e-05
6.065000000000000391e-01 7.550000000000000558e-05
6.075000000000000400e-01 7.469999999999999969e-05
6.085000000000000409e-01 7.399999999999999623e-05
6.095000000000000417e-01 7.320000000000000389e-05
6.105000000000000426e-01 7.250000000000000043e-05
6.115000000000000435e-01 7.179999999999999696e-05
6.125000000000000444e-01 7.109999999999999350e-05
6.135000000000000453e-01 7.040000000000000359e-05
6.145000000000000462e-01 6.970000000000000013e-05
6.155000000000000471e-01 6.899999999999999667e-05
6.165000000000000480e-01 6.830000000000000676e-05
6.175000000000000488e-01 6.760000000000000329e-05
6.185000000000000497e-01 6.700000000000000226e-05
6.195000000000000506e-01 6.629999999999999880e-05
6.205000000000000515e-01 6.569999999999999777e-05
6.215000000000000524e-01 6.499999999999999431e-05
6.225000000000000533e-01 6.439999999999999327e-05
6.235000000000000542e-01 6.380000000000000580e-05
6.245000000000000551e-01 6.310000000000000233e-05
6.254999999999999449e-01 6.250000000000000130e-05
6.264999999999999458e-01 6.190000000000000027e-05
6.274999999999999467e-01 6.129999999999999924e-05
6.284999999999999476e-01 6.069999999999999821e-05
6.294999999999999485e-01 6.009999999999999717e-05
6.304999999999999494e-01 5.959999999999999857e-05
6.314999999999999503e-01 5.899999999999999754e-05
6.324999999999999512e-01 5.840000000000000329e-05
6.334999999999999520e-01 5.789999999999999791e-05
6.344999999999999529e-01 5.729999999999999688e-05
6.354999999999999538e-01 5.679999999999999828e-05
6.364999999999999547e-01 5.619999999999999725e-05
6.374999999999999556e-01 5.569999999999999864e-05
6.384999999999999565e-01 5.520000000000000004e-05
6.394999999999999574e-01 5.459999999999999901e-05
6.404999999999999583e-01 5.410000000000000041e-05
6.414999999999999591e-01 5.360000000000000181e-05
6.424999999999999600e-01 5.310000000000000321e-05
6.434999999999999609e-01 5.259999999999999783e-05
6.444999999999999618e-01 5.209999999999999923e-05
6.454999999999999627e-01 5.160000000000000063e-05
6.464999999999999636e-01 5.110000000000000203e-05
6.474999999999999645e-01 5.069999999999999908e-05
6.484999999999999654e-01 5.020000000000000048e-05
6.494999999999999662e-01 4.970000000000000188e-05
6.504999999999999671e-01 4.929999999999999893e-05
6.514999999999999680e-01 4.880000000000000033e-05
6.524999999999999689e-01 4.839999999999999739e-05
6.534999999999999698e-01 4.789999999999999879e-05
6.544999999999999707e-01 4.750000000000000262e-05
6.554999999999999716e-01 4.699999999999999724e-05
6.564999999999999725e-01 4.660000000000000107e-05
6.574999999999999734e-01 4.619999999999999812e-05
6.584999999999999742e-01 4.569999999999999952e-05
6.594999999999999751e-01 4.530000000000000335e-05
6.604999999999999760e-01 4.490000000000000040e-05
6.614999999999999769e-01 4.449999999999999746e-05
6.624999999999999778e-01 4.410000000000000129e-05
6.634999999999999787e-01 4.369999999999999834e-05
6.644999999999999796e-01 4.330000000000000217e-05
6.654999999999999805e-01 4.289999999999999922e-05
6.664999999999999813e-01 4.250000000000000305e-05
6.674999999999999822e-01 4.210000000000000011e-05
6.684999999999999831e-01 4.179999999999999959e-05
6.694999999999999840e-01 4.139999999999999664e-05
6.704999999999999849e-01 4.100000000000000047e-05
6.714999999999999858e-01 4.059999999999999753e-05
6.724999999999999867e-01 4.029999999999999701e-05
6.734999999999999876e-01 3.990000000000000084e-05
6.744999999999999885e-01 3.960000000000000033e-05
6.754999999999999893e-01 3.919999999999999738e-05
6.764999999999999902e-01 3.889999999999999686e-05
6.774999999999999911e-01 3.850000000000000069e-05
6.784999999999999920e-01 3.820000000000000018e-05
6.794999999999999929e-01 3.779999999999999723e-05
6.804999999999999938e-01 3.749999999999999671e-05
6.814999999999999947e-01 3.720000000000000298e-05
6.824999999999999956e-01 3.680000000000000003e-05
6.834999999999999964e-01 3.649999999999999951e-05
6.844999999999999973e-01 3.619999999999999900e-05
6.854999999999999982e-01 3.589999999999999848e-05
6.864999999999999991e-01 3.559999999999999797e-05
6.875000000000000000e-01 3.529999999999999745e-05
6.885000000000000009e-01 3.499999999999999693e-05
6.895000000000000018e-01 3.470000000000000319e-05
6.905000000000000027e-01 3.440000000000000268e-05
6.915000000000000036e-01 3.410000000000000216e-05
6.925000000000000044e-01 3.380000000000000165e-05
6.935000000000000053e-01 3.350000000000000113e-05
6.945000000000000062e-01 3.320000000000000062e-05
6.955000000000000071e-01 3.290000000000000010e-05
6.965000000000000080e-01 3.259999999999999958e-05
6.975000000000000089e-01 3.229999999999999907e-05
6.985000000000000098e-01 3.210000000000000098e-05
6.995000000000000107e-01 3.180000000000000047e-05
7.005000000000000115e-01 3.149999999999999995e-05
7.015000000000000124e-01 3.119999999999999944e-05
7.025000000000000133e-01 3.100000000000000135e-05
7.035000000000000142e-01 3.070000000000000083e-05
7.045000000000000151e-01 3.040000000000000032e-05
7.055000000000000160e-01 3.019999999999999885e-05
7.065000000000000169e-01 2.989999999999999833e-05
7.075000000000000178e-01 2.970000000000000024e-05
7.085000000000000187e-01 2.939999999999999973e-05
7.095000000000000195e-01 2.920000000000000164e-05
7.105000000000000204e-01 2.890000000000000113e-05
7.115000000000000213e-01 2.869999999999999965e-05
7.125000000000000222e-01 2.850000000000000157e-05
7.135000000000000231e-01 2.820000000000000105e-05
7.145000000000000240e-01 2.799999999999999958e-05
7.155000000000000249e-01 2.769999999999999906e-05
7.165000000000000258e-01 2.750000000000000098e-05
7.175000000000000266e-01 2.729999999999999951e-05
7.185000000000000275e-01 2.710000000000000142e-05
7.195000000000000284e-01 2.680000000000000090e-05
7.205000000000000293e-01 2.659999999999999943e-05
7.215000000000000302e-01 2.640000000000000135e-05
7.225000000000000311e-01 2.619999999999999987e-05
7.235000000000000320e-01 2.599999999999999840e-05
7.245000000000000329e-01 2.570000000000000127e-05
7.255000000000000338e-01 2.549999999999999980e-05
7.265000000000000346e-01 2.529999999999999833e-05
7.275000000000000355e-01 2.510000000000000024e-05
7.285000000000000364e-01 2.489999999999999877e-05
7.295000000000000373e-01 2.470000000000000068e-05
7.305000000000000382e-01 2.449999999999999921e-05
7.315000000000000391e-01 2.430000000000000112e-05
7.325000000000000400e-01 2.409999999999999965e-05
7.335000000000000409e-01 2.390000000000000157e-05
7.345000000000000417e-01 2.370000000000000009e-05
7.355000000000000426e-01 2.349999999999999862e-05
7.365000000000000435e-01 2.330000000000000053e-05
7.375000000000000444e-01 2.309999999999999906e-05
7.385000000000000453e-01 2.300000000000000002e-05
7.395000000000000462e-01 2.279999999999999854e-05
7.405000000000000471e-01 2.260000000000000046e-05
7.415000000000000480e-01 2.239999999999999899e-05
7.425000000000000488e-01 2.220000000000000090e-05
7.435000000000000497e-01 2.209999999999999847e-05
7.445000000000000506e-01 2.190000000000000039e-05
7.455000000000000515e-01 2.169999999999999891e-05
7.465000000000000524e-01 2.150000000000000083e-05
7.475000000000000533e-01 2.139999999999999840e-05
7.485000000000000542e-01 2.120000000000000031e-05
7.495000000000000551e-01 2.099999999999999884e-05
7.504999999999999449e-01 2.089999999999999980e-05
7.514999999999999458e-01 2.069999999999999832e-05
7.524999999999999467e-01 2.050000000000000024e-05
7.534999999999999476e-01 2.040000000000000119e-05
7.544999999999999485e-01 2.019999999999999972e-05
7.554999999999999494e-01 2.000000000000000164e-05
7.564999999999999503e-01 1.989999999999999921e-05
7.574999999999999512e-01 1.970000000000000112e-05
7.584999999999999520e-01 1.959999999999999869e-05
7.594999999999999529e-01 1.940000000000000060e-05
7.604999999999999538e-01 1.930000000000000156e-05
7.614999999999999547e-01 1.910000000000000009e-05
7.624999999999999556e-01 1.900000000000000105e-05
7.634999999999999565e-01 1.879999999999999957e-05
7.644999999999999574e-01 1.870000000000000053e-05
7.654999999999999583e-01 1.849999999999999906e-05
7.664999999999999591e-01 1.840000000000000001e-05
7.674999999999999600e-01 1.830000000000000097e-05
7.684999999999999609e-01 1.809999999999999950e-05
7.694999999999999618e-01 1.800000000000000046e-05
7.704999999999999627e-01 1.779999999999999898e-05
7.714999999999999636e-01 1.769999999999999994e-05
7.724999999999999645e-01 1.760000000000000090e-05
7.734999999999999654e-01 1.739999999999999942e-05
7.744999999999999662e-01 1.730000000000000038e-05
7.754999999999999671e-01 1.720000000000000134e-05
7.764999999999999680e-01 1.699999999999999987e-05
7.774999999999999689e-01 1.690000000000000082e-05
7.784999999999999698e-01 1.679999999999999839e-05
7.794999999999999707e-01 1.660000000000000031e-05
7.804999999999999716e-01 1.650000000000000127e-05
7.814999999999999725e-01 1.639999999999999883e-05
7.824999999999999734e-01 1.629999999999999979e-05
7.834999999999999742e-01 1.609999999999999832e-05
7.844999999999999751e-01 1.599999999999999928e-05
7.854999999999999760e-01 1.590000000000000023e-05
7.864999999999999769e-01 1.580000000000000119e-05
7.874999999999999778e-01 1.569999999999999876e-05
7.884999999999999787e-01 1.550000000000000068e-05
7.894999999999999796e-01 1.540000000000000163e-05
7.904999999999999805e-01 1.529999999999999920e-05
7.914999999999999813e-01 1.520000000000000016e-05
7.924999999999999822e-01 1.509999999999999942e-05
7.934999999999999831e-01 1.500000000000000038e-05
7.944999999999999840e-01 1.489999999999999964e-05
7.954999999999999849e-01 1.480000000000000060e-05
7.964999999999999858e-01 1.460000000000000082e-05
7.974999999999999867e-01 1.450000000000000009e-05
7.984999999999999876e-01 1.439999999999999935e-05
7.994999999999999885e-01 1.430000000000000031e-05
8.004999999999999893e-01 1.419999999999999957e-05
8.014999999999999902e-01 1.410000000000000053e-05
8.024999999999999911e-01 1.399999999999999979e-05
8.034999999999999920e-01 1.390000000000000075e-05
8.044999999999999929e-01 1.380000000000000001e-05
8.054999999999999938e-01 1.369999999999999927e-05
8.064999999999999947e-01 1.360000000000000023e-05
8.074999999999999956e-01 1.349999999999999949e-05
8.084999999999999964e-01 1.340000000000000045e-05
8.094999999999999973e-01 1.329999999999999972e-05
8.104999999999999982e-01 1.320000000000000067e-05
8.114999999999999991e-01 1.309999999999999994e-05
8.125000000000000000e-01 1.299999999999999920e-05
8.135000000000000009e-01 1.290000000000000016e-05
8.145000000000000018e-01 1.279999999999999942e-05
8.155000000000000027e-01 1.270000000000000038e-05
8.165000000000000036e-01 1.259999999999999964e-05
8.175000000000000044e-01 1.259999999999999964e-05
8.185000000000000053e-01 1.250000000000000060e-05
8.195000000000000062e-01 1.239999999999999986e-05
8.205000000000000071e-01 1.230000000000000082e-05
8.215000000000000080e-01 1.220000000000000008e-05
8.225000000000000089e-01 1.209999999999999935e-05
8.235000000000000098e-01 1.200000000000000030e-05
8.245000000000000107e-01 1.189999999999999957e-05
8.255000000000000115e-01 1.189999999999999957e-05
8.265000000000000124e-01 1.180000000000000052e-05
8.275000000000000133e-01 1.169999999999999979e-05
8.285000000000000142e-01 1.160000000000000075e-05
8.295000000000000151e-01 1.150000000000000001e-05
8.305000000000000160e-01 1.139999999999999927e-05
8.315000000000000169e-01 1.139999999999999927e-05
8.325000000000000178e-01 1.130000000000000023e-05
8.335000000000000187e-01 1.119999999999999949e-05
8.345000000000000195e-01 1.110000000000000045e-05
8.355000000000000204e-01 1.099999999999999971e-05
8.365000000000000213e-01 1.099999999999999971e-05
8.375000000000000222e-01 1.090000000000000067e-05
8.385000000000000231e-01 1.079999999999999993e-05
8.395000000000000240e-01 1.069999999999999920e-05
8.405000000000000249e-01 1.069999999999999920e-05
8.415000000000000258e-01 1.060000000000000016e-05
8.425000000000000266e-01 1.049999999999999942e-05
8.435000000000000275e-01 1.040000000000000038e-05
8.445000000000000284e-01 1.040000000000000038e-05
8.455000000000000293e-01 1.029999999999999964e-05
8.465000000000000302e-01 1.020000000000000060e-05
8.475000000000000311e-01 1.020000000000000060e-05
8.485000000000000320e-01 1.009999999999999986e-05
8.495000000000000329e-01 1.000000000000000082e-05
8.505000000000000338e-01 9.900000000000000081e-06
8.515000000000000346e-01 9.900000000000000081e-06
8.525000000000000355e-01 9.799999999999999345e-06
8.535000000000000364e-01 9.700000000000000302e-06
8.545000000000000373e-01 9.700000000000000302e-06
8.555000000000000382e-01 9.599999999999999566e-06
8.565000000000000391e-01 9.500000000000000523e-06
8.575000000000000400e-01 9.500000000000000523e-06
8.585000000000000409e-01 9.399999999999999786e-06
8.595000000000000417e-01 9.300000000000000744e-06
8.605000000000000426e-01 9.300000000000000744e-06
8.615000000000000435e-01 9.200000000000000007e-06
8.625000000000000444e-01 9.200000000000000007e-06
8.635000000000000453e-01 9.099999999999999271e-06
8.645000000000000462e-01 9.000000000000000228e-06
8.655000000000000471e-01 9.000000000000000228e-06
8.665000000000000480e-01 8.899999999999999491e-06
8.675000000000000488e-01 8.899999999999999491e-06
8.685000000000000497e-01 8.800000000000000449e-06
8.695000000000000506e-01 8.699999999999999712e-06
8.705000000000000515e-01 8.699999999999999712e-06
8.715000000000000524e-01 8.600000000000000670e-06
8.725000000000000533e-01 8.600000000000000670e-06
8.735000000000000542e-01 8.499999999999999933e-06
8.745000000000000551e-01 8.399999999999999196e-06
8.754999999999999449e-01 8.399999999999999196e-06
8.764999999999999458e-01 8.300000000000000154e-06
8.774999999999999467e-01 8.300000000000000154e-06
8.784999999999999476e-01 8.199999999999999417e-06
8.794999999999999485e-01 8.199999999999999417e-06
8.804999999999999494e-01 8.100000000000000375e-06
8.814999999999999503e-01 8.100000000000000375e-06
8.824999999999999512e-01 7.999999999999999638e-06
8.834999999999999520e-01 7.999999999999999638e-06
8.844999999999999529e-01 7.900000000000000595e-06
8.854999999999999538e-01 7.799999999999999859e-06
8.864999999999999547e-01 7.799999999999999859e-06
8.874999999999999556e-01 7.700000000000000816e-06
8.884999999999999565e-01 7.700000000000000816e-06
8.894999999999999574e-01 7.600000000000000080e-06
8.904999999999999583e-01 7.600000000000000080e-06
8.914999999999999591e-01 7.500000000000000190e-06
8.924999999999999600e-01 7.500000000000000190e-06
8.934999999999999609e-01 7.400000000000000300e-06
8.944999999999999618e-01 7.400000000000000300e-06
8.954999999999999627e-01 7.300000000000000411e-06
8.964999999999999636e-01 7.300000000000000411e-06
8.974999999999999645e-01 7.300000000000000411e-06
8.984999999999999654e-01 7.199999999999999674e-06
8.994999999999999662e-01 7.199999999999999674e-06
9.004999999999999671e-01 7.099999999999999785e-06
9.014999999999999680e-01 7.099999999999999785e-06
9.024999999999999689e-01 6.999999999999999895e-06
9.034999999999999698e-01 6.999999999999999895e-06
9.044999999999999707e-01 6.900000000000000005e-06
9.054999999999999716e-01 6.900000000000000005e-06
9.064999999999999725e-01 6.800000000000000116e-06
9.074999999999999734e-01 6.800000000000000116e-06
9.084999999999999742e-01 6.800000000000000116e-06
9.094999999999999751e-01 6.700000000000000226e-06
9.104999999999999760e-01 6.700000000000000226e-06
9.114999999999999769e-01 6.600000000000000337e-06
9.124999999999999778e-01 6.600000000000000337e-06
9.134999999999999787e-01 6.499999999999999600e-06
9.144999999999999796e-01 6.499999999999999600e-06
9.154999999999999805e-01 6.499999999999999600e-06
9.164999999999999813e-01 6.399999999999999710e-06
9.174999999999999822e-01 6.399999999999999710e-06
9.184999999999999831e-01 6.299999999999999821e-06
9.194999999999999840e-01 6.299999999999999821e-06
9.204999999999999849e-01 6.299999999999999821e-06
9.214999999999999858e-01 6.199999999999999931e-06
9.224999999999999867e-01 6.199999999999999931e-06
9.234999999999999876e-01 6.100000000000000042e-06
9.244999999999999885e-01 6.100000000000000042e-06
9.254999999999999893e-01 6.100000000000000042e-06
9.264999999999999902e-01 6.000000000000000152e-06
9.274999999999999911e-01 6.000000000000000152e-06
9.284999999999999920e-01 5.900000000000000262e-06
9.294999999999999929e-01 5.900000000000000262e-06
9.304999999999999938e-01 5.900000000000000262e-06
9.314999999999999947e-01 5.800000000000000373e-06
9.324999999999999956e-01 5.800000000000000373e-06
9.334999999999999964e-01 5.800000000000000373e-06
9.344999999999999973e-01 5.699999999999999636e-06
9.354999999999999982e-01 5.699999999999999636e-06
9.364999999999999991e-01 5.699999999999999636e-06
9.375000000000000000e-01 5.599999999999999747e-06
9.385000000000000009e-01 5.599999999999999747e-06
9.395000000000000018e-01 5.599999999999999747e-06
9.405000000000000027e-01 5.499999999999999857e-06
9.415000000000000036e-01 5.499999999999999857e-06
9.425000000000000044e-01 5.499999999999999857e-06
9.435000000000000053e-01 5.399999999999999967e-06
9.445000000000000062e-01 5.399999999999999967e-06
9.455000000000000071e-01 5.399999999999999967e-06
9.465000000000000080e-01 5.300000000000000078e-06
9.475000000000000089e-01 5.300000000000000078e-06
9.485000000000000098e-01 5.300000000000000078e-06
9.495000000000000107e-01 5.200000000000000188e-06
9.505000000000000115e-01 5.200000000000000188e-06
9.515000000000000124e-01 5.200000000000000188e-06
9.525000000000000133e-01 5.100000000000000299e-06
9.535000000000000142e-01 5.100000000000000299e-06
9.545000000000000151e-01 5.100000000000000299e-06
9.555000000000000160e-01 5.000000000000000409e-06
9.565000000000000169e-01 5.000000000000000409e-06
9.575000000000000178e-01 5.000000000000000409e-06
9.585000000000000187e-01 4.899999999999999672e-06
9.595000000000000195e-01 4.899999999999999672e-06
9.605000000000000204e-01 4.899999999999999672e-06
9.615000000000000213e-01 4.899999999999999672e-06
9.625000000000000222e-01 4.799999999999999783e-06
9.635000000000000231e-01 4.799999999999999783e-06
9.645000000000000240e-01 4.799999999999999783e-06
9.655000000000000249e-01 4.699999999999999893e-06
9.665000000000000258e-01 4.699999999999999893e-06
9.675000000000000266e-01 4.699999999999999893e-06
9.685000000000000275e-01 4.699999999999999893e-06
9.695000000000000284e-01 4.600000000000000004e-06
9.705000000000000293e-01 4.600000000000000004e-06
9.715000000000000302e-01 4.600000000000000004e-06
9.725000000000000311e-01 4.500000000000000114e-06
9.735000000000000320e-01 4.500000000000000114e-06
9.745000000000000329e-01 4.500000000000000114e-06
9.755000000000000338e-01 4.500000000000000114e-06
9.765000000000000346e-01 4.400000000000000224e-06
9.775000000000000355e-01 4.400000000000000224e-06
9.785000000000000364e-01 4.400000000000000224e-06
9.795000000000000373e-01 4.400000000000000224e-06
9.805000000000000382e-01 4.300000000000000335e-06
9.815000000000000391e-01 4.300000000000000335e-06
9.825000000000000400e-01 4.300000000000000335e-06
9.835000000000000409e-01 4.300000000000000335e-06
9.845000000000000417e-01 4.199999999999999598e-06
9.855000000000000426e-01 4.199999999999999598e-06
9.865000000000000435e-01 4.199999999999999598e-06
9.875000000000000444e-01 4.199999999999999598e-06
9.885000000000000453e-01 4.099999999999999709e-06
9.895000000000000462e-01 4.099999999999999709e-06
9.905000000000000471e-01 4.099999999999999709e-06
9.915000000000000480e-01 4.099999999999999709e-06
9.925000000000000488e-01 3.999999999999999819e-06
9.935000000000000497e-01 3.999999999999999819e-06
9.945000000000000506e-01 3.999999999999999819e-06
9.955000000000000515e-01 3.999999999999999819e-06
9.965000000000000524e-01 3.899999999999999929e-06
9.975000000000000533e-01 3.899999999999999929e-06
9.985000000000000542e-01 3.899999999999999929e-06
9.995000000000000551e-01 3.899999999999999929e-06
